      xloc      yloc          depth         ave SR         max SR         #     start       end     max SR all       str       dip      rake flag
   -185.00    -15.00      26.003710       0.000000       0.000000        34      33.0      34.0       0.454818   180.000    45.000    90.000    0     120.010109      -1.921610
   -185.00    -10.00      21.335800       0.000000       0.000000        34      33.0      34.0       0.454818   180.000    45.000    90.000    0     119.994049      -1.922740
   -185.00     -5.00      16.667900       0.000000       0.000000        34      33.0      34.0       0.454818   180.000    45.000    90.000    0     119.977982      -1.923870
   -185.00      0.00      12.000000       0.000000       0.000000        34      33.0      34.0       0.454818   180.000    45.000    90.000    0     119.961922      -1.925000
   -185.00      5.00       7.332100       0.000000       0.000000        34      33.0      34.0       0.454818   180.000    45.000    90.000    0     119.945847      -1.926130
   -185.00     10.00       2.664200       0.000000       0.000000        34      33.0      34.0       0.454818   180.000    45.000    90.000    0     119.929787      -1.927260
   -180.00    -15.00      26.003710       0.000000       0.000000        34      33.0      34.0       0.454818   180.000    45.000    90.000    0     120.006973      -1.876500
   -180.00    -10.00      21.335800       0.000000       0.000000        34      33.0      34.0       0.454818   180.000    45.000    90.000    0     119.990913      -1.877630
   -180.00     -5.00      16.667900       0.000000       0.000000        34      33.0      34.0       0.454818   180.000    45.000    90.000    0     119.974854      -1.878770
   -180.00      0.00      12.000000       0.000000       0.000000        34      33.0      34.0       0.454818   180.000    45.000    90.000    0     119.958778      -1.879900
   -180.00      5.00       7.332100       0.000000       0.000000        34      33.0      34.0       0.454818   180.000    45.000    90.000    0     119.942719      -1.881030
   -180.00     10.00       2.664200       0.000000       0.000000        34      33.0      34.0       0.454818   180.000    45.000    90.000    0     119.926651      -1.882160
   -175.00    -15.00      26.003710       0.000000       0.000000        34      33.0      34.0       0.454818   180.000    45.000    90.000    0     120.003838      -1.831400
   -175.00    -10.00      21.335800       0.000000       0.000000        34      33.0      34.0       0.454818   180.000    45.000    90.000    0     119.987778      -1.832530
   -175.00     -5.00      16.667900       0.000000       0.000000        34      33.0      34.0       0.454818   180.000    45.000    90.000    0     119.971710      -1.833660
   -175.00      0.00      12.000000       0.000000       0.000000        34      33.0      34.0       0.454818   180.000    45.000    90.000    0     119.955650      -1.834790
   -175.00      5.00       7.332100       0.000000       0.000000        34      33.0      34.0       0.454818   180.000    45.000    90.000    0     119.939583      -1.835920
   -175.00     10.00       2.664200       0.000000       0.000000        34      33.0      34.0       0.454818   180.000    45.000    90.000    0     119.923523      -1.837050
   -170.00    -15.00      26.003710       0.024355       0.024355        34      33.0      34.0       0.454818   316.750    53.760   -13.790    0     120.000702      -1.786290
   -170.00    -10.00      21.335800       0.028051       0.028051        34      33.0      34.0       0.454818    53.200    81.770  -115.120    1     119.984642      -1.787420
   -170.00     -5.00      16.667900       0.050582       0.050582        34      33.0      34.0       0.454818    86.340    17.850   119.330    1     119.968582      -1.788550
   -170.00      0.00      12.000000       0.045093       0.045093        34      33.0      34.0       0.454818   213.140    85.350    76.970    0     119.952507      -1.789680
   -170.00      5.00       7.332100       0.026796       0.026796        34      33.0      34.0       0.454818   170.500    25.010   -38.740    0     119.936447      -1.790810
   -170.00     10.00       2.664200       0.026836       0.026836        34      33.0      34.0       0.454818   318.740    65.540   -69.270    0     119.920387      -1.791940
   -165.00    -15.00      26.003710       0.062771       0.062771        34      33.0      34.0       0.454818   215.590    87.460    98.060    0     119.997566      -1.741180
   -165.00    -10.00      21.335800       0.074307       0.074307        34      33.0      34.0       0.454818     2.570    22.290    22.580    0     119.981499      -1.742310
   -165.00     -5.00      16.667900       0.093854       0.093854        34      33.0      34.0       0.454818     6.230    27.720    20.060    0     119.965439      -1.743440
   -165.00      0.00      12.000000       0.090401       0.090401        34      33.0      34.0       0.454818    10.070    24.870    33.520    0     119.949379      -1.744570
   -165.00      5.00       7.332100       0.081405       0.081405        34      33.0      34.0       0.454818   189.830    81.800    35.380    0     119.933319      -1.745700
   -165.00     10.00       2.664200       0.075314       0.075314        34      33.0      34.0       0.454818   180.470    82.070    30.010    0     119.917252      -1.746830
   -160.00    -15.00      26.003710       0.055533       0.055533        34      33.0      34.0       0.454818    15.430    10.400    58.200    0     119.994431      -1.696070
   -160.00    -10.00      21.335800       0.095714       0.095714        34      33.0      34.0       0.454818     8.340    36.260    17.940    0     119.978371      -1.697200
   -160.00     -5.00      16.667900       0.127253       0.127253        34      33.0      34.0       0.454818     4.290    39.230    12.170    0     119.962311      -1.698330
   -160.00      0.00      12.000000       0.129022       0.129022        34      33.0      34.0       0.454818   359.260    61.380    -7.250    0     119.946243      -1.699460
   -160.00      5.00       7.332100       0.141147       0.141147        34      33.0      34.0       0.454818   188.930    86.430    37.220    0     119.930183      -1.700590
   -160.00     10.00       2.664200       0.135641       0.135641        34      33.0      34.0       0.454818   185.830    82.180    33.670    0     119.914124      -1.701720
   -155.00    -15.00      26.003710       0.054515       0.054515        34      33.0      34.0       0.454818     3.410    52.240     3.680    0     119.991302      -1.650960
   -155.00    -10.00      21.335800       0.109926       0.109926        34      33.0      34.0       0.454818    11.230    51.000    16.220    0     119.975243      -1.652100
   -155.00     -5.00      16.667900       0.150142       0.150142        34      33.0      34.0       0.454818     7.390    47.450    12.220    0     119.959167      -1.653230
   -155.00      0.00      12.000000       0.159905       0.159905        34      33.0      34.0       0.454818     3.160    74.860   -13.480    0     119.943108      -1.654360
   -155.00      5.00       7.332100       0.190898       0.190898        34      33.0      34.0       0.454818   190.060    85.650    36.020    0     119.927048      -1.655490
   -155.00     10.00       2.664200       0.190655       0.190655        34      33.0      34.0       0.454818   189.160    81.640    35.110    0     119.910980      -1.656620
   -150.00    -15.00      26.003710       0.069261       0.069261        34      33.0      34.0       0.454818    12.790    59.950    10.890    0     119.988159      -1.605860
   -150.00    -10.00      21.335800       0.126152       0.126152        34      33.0      34.0       0.454818    14.410    61.440    17.620    0     119.972099      -1.606990
   -150.00     -5.00      16.667900       0.168408       0.168408        34      33.0      34.0       0.454818    12.320    56.170    13.790    0     119.956039      -1.608120
   -150.00      0.00      12.000000       0.182626       0.182626        34      33.0      34.0       0.454818     7.420    82.200   -12.350    0     119.939980      -1.609250
   -150.00      5.00       7.332100       0.222907       0.222907        34      33.0      34.0       0.454818   191.370    83.470    32.550    0     119.923912      -1.610380
   -150.00     10.00       2.664200       0.231626       0.231626        34      33.0      34.0       0.454818   191.710    79.990    34.310    0     119.907852      -1.611510
   -145.00    -15.00      26.003710       0.085162       0.085162        34      33.0      34.0       0.454818    18.600    64.940    16.820    0     119.985031      -1.560750
   -145.00    -10.00      21.335800       0.143432       0.143432        34      33.0      34.0       0.454818    18.590    67.150    20.440    0     119.968971      -1.561880
   -145.00     -5.00      16.667900       0.186083       0.186083        34      33.0      34.0       0.454818    17.510    62.600    17.190    0     119.952904      -1.563010
   -145.00      0.00      12.000000       0.197398       0.197398        34      33.0      34.0       0.454818    11.090    84.830    -6.530    0     119.936836      -1.564140
   -145.00      5.00       7.332100       0.239357       0.239357        34      33.0      34.0       0.454818   193.520    79.190    27.300    0     119.920776      -1.565270
   -145.00     10.00       2.664200       0.256696       0.256696        34      33.0      34.0       0.454818   194.310    77.290    32.500    0     119.904716      -1.566400
   -140.00    -15.00      26.003710       0.096273       0.096273        34      33.0      34.0       0.454818    21.890    73.860    25.380    0     119.981888      -1.515640
   -140.00    -10.00      21.335800       0.159009       0.159009        34      33.0      34.0       0.454818    22.270    71.340    22.840    0     119.965828      -1.516770
   -140.00     -5.00      16.667900       0.199685       0.199685        34      33.0      34.0       0.454818    21.550    68.450    18.910    0     119.949768      -1.517900
   -140.00      0.00      12.000000       0.208774       0.208774        34      33.0      34.0       0.454818    15.380    86.950    -1.150    0     119.933708      -1.519030
   -140.00      5.00       7.332100       0.246728       0.246728        34      33.0      34.0       0.454818   196.050    75.220    22.120    0     119.917648      -1.520160
   -140.00     10.00       2.664200       0.266697       0.266697        34      33.0      34.0       0.454818   196.720    74.670    30.360    0     119.901581      -1.521290
   -135.00    -15.00      26.003710       0.104120       0.104120        34      33.0      34.0       0.454818    24.150    80.770    33.440    0     119.978760      -1.470530
   -135.00    -10.00      21.335800       0.171320       0.171320        34      33.0      34.0       0.454818    26.410    75.160    26.740    0     119.962700      -1.471660
   -135.00     -5.00      16.667900       0.210603       0.210603        34      33.0      34.0       0.454818    25.310    73.150    21.670    0     119.946640      -1.472790
   -135.00      0.00      12.000000       0.214454       0.214454        34      33.0      34.0       0.454818    19.140    85.560     6.380    0     119.930573      -1.473920
   -135.00      5.00       7.332100       0.240788       0.240788        34      33.0      34.0       0.454818   197.530    73.180    16.430    0     119.914513      -1.475050
   -135.00     10.00       2.664200       0.261427       0.261427        34      33.0      34.0       0.454818   198.690    72.700    28.300    0     119.898453      -1.476180
   -130.00    -15.00      26.003710       0.107916       0.107916        34      33.0      34.0       0.454818    27.520    85.000    38.770    0     119.975632      -1.425430
   -130.00    -10.00      21.335800       0.178595       0.178595        34      33.0      34.0       0.454818    30.920    78.120    30.140    0     119.959557      -1.426560
   -130.00     -5.00      16.667900       0.212865       0.212865        34      33.0      34.0       0.454818    28.340    76.250    23.500    0     119.943497      -1.427690
   -130.00      0.00      12.000000       0.213304       0.213304        34      33.0      34.0       0.454818    22.750    83.720    12.840    0     119.927437      -1.428820
   -130.00      5.00       7.332100       0.220021       0.220021        34      33.0      34.0       0.454818   198.460    75.230    11.330    0     119.911377      -1.429950
   -130.00     10.00       2.664200       0.240618       0.240618        34      33.0      34.0       0.454818   200.050    72.610    27.300    0     119.895317      -1.431080
   -125.00    -15.00      26.003710       0.102333       0.102333        34      33.0      34.0       0.454818    32.920    87.370    40.530    0     119.972488      -1.380320
   -125.00    -10.00      21.335800       0.175424       0.175424        34      33.0      34.0       0.454818    34.540    81.040    32.070    0     119.956429      -1.381450
   -125.00     -5.00      16.667900       0.205916       0.205916        34      33.0      34.0       0.454818    31.990    77.370    25.590    0     119.940369      -1.382580
   -125.00      0.00      12.000000       0.197347       0.197347        34      33.0      34.0       0.454818    25.690    79.610    15.060    0     119.924309      -1.383710
   -125.00      5.00       7.332100       0.185269       0.185269        34      33.0      34.0       0.454818   199.100    81.570     7.490    0     119.908249      -1.384840
   -125.00     10.00       2.664200       0.206146       0.206146        34      33.0      34.0       0.454818   200.620    74.660    28.270    0     119.892189      -1.385970
   -120.00    -15.00      26.003710       0.094775       0.094775        34      33.0      34.0       0.454818   219.220    89.650   -39.670    0     119.969360      -1.335210
   -120.00    -10.00      21.335800       0.162873       0.162873        34      33.0      34.0       0.454818    38.690    82.410    32.660    0     119.953300      -1.336340
   -120.00     -5.00      16.667900       0.186623       0.186623        34      33.0      34.0       0.454818    35.920    76.520    26.900    0     119.937241      -1.337470
   -120.00      0.00      12.000000       0.169183       0.169183        34      33.0      34.0       0.454818    27.820    73.600    15.570    0     119.921173      -1.338600
   -120.00      5.00       7.332100       0.144264       0.144264        34      33.0      34.0       0.454818    18.900    87.160    -5.840    0     119.905113      -1.339730
   -120.00     10.00       2.664200       0.164002       0.164002        34      33.0      34.0       0.454818   200.070    78.570    32.870    0     119.889053      -1.340860
   -115.00    -15.00      26.003710       0.080882       0.080882        34      33.0      34.0       0.454818   316.480    59.740  -171.130    0     119.966217      -1.290100
   -115.00    -10.00      21.335800       0.135209       0.135209        34      33.0      34.0       0.454818   308.320    58.990   170.760    1     119.950157      -1.291230
   -115.00     -5.00      16.667900       0.153681       0.153681        34      33.0      34.0       0.454818    40.560    72.530    28.150    0     119.934097      -1.292360
   -115.00      0.00      12.000000       0.132257       0.132257        34      33.0      34.0       0.454818    30.010    62.810    15.630    0     119.918037      -1.293490
   -115.00      5.00       7.332100       0.105826       0.105826        34      33.0      34.0       0.454818    14.940    69.700    -6.640    0     119.901978      -1.294620
   -115.00     10.00       2.664200       0.121542       0.121542        34      33.0      34.0       0.454818   198.330    82.570    42.630    0     119.885918      -1.295750
   -110.00    -15.00      26.003710       0.061856       0.061856        34      33.0      34.0       0.454818   135.240    88.370   150.430    0     119.963089      -1.244990
   -110.00    -10.00      21.335800       0.098162       0.098162        34      33.0      34.0       0.454818   312.970    61.980   167.360    1     119.947029      -1.246120
   -110.00     -5.00      16.667900       0.116993       0.116993        34      33.0      34.0       0.454818   301.030    59.500   148.470    1     119.930969      -1.247250
   -110.00      0.00      12.000000       0.095980       0.095980        34      33.0      34.0       0.454818    32.320    44.940    20.950    0     119.914909      -1.248380
   -110.00      5.00       7.332100       0.086764       0.086764        34      33.0      34.0       0.454818     1.630    33.490     6.050    0     119.898849      -1.249510
   -110.00     10.00       2.664200       0.087136       0.087136        34      33.0      34.0       0.454818   216.410    76.460    80.790    0     119.882790      -1.250640
   -105.00    -15.00      26.003710       0.040308       0.040308        34      33.0      34.0       0.454818   139.560    55.810   161.220    0     119.959961      -1.199880
   -105.00    -10.00      21.335800       0.058286       0.058286        34      33.0      34.0       0.454818    84.290    49.260    73.330    1     119.943901      -1.201010
   -105.00     -5.00      16.667900       0.073992       0.073992        34      33.0      34.0       0.454818    61.620    47.780    49.820    1     119.927841      -1.202140
   -105.00      0.00      12.000000       0.062974       0.062974        34      33.0      34.0       0.454818    39.320    30.660    44.280    0     119.911774      -1.203270
   -105.00      5.00       7.332100       0.074014       0.074014        34      33.0      34.0       0.454818   343.150    25.340     0.760    0     119.895714      -1.204400
   -105.00     10.00       2.664200       0.070364       0.070364        34      33.0      34.0       0.454818   334.860    36.490     0.690    0     119.879646      -1.205530
   -100.00    -15.00      26.003710       0.025639       0.025639        34      33.0      34.0       0.454818    71.200    84.240   -94.580    1     119.956818      -1.154780
   -100.00    -10.00      21.335800       0.023603       0.023603        34      33.0      34.0       0.454818   329.520    54.270   119.680    0     119.940758      -1.155910
   -100.00     -5.00      16.667900       0.015350       0.015350        34      33.0      34.0       0.454818    10.320    40.180    35.450    0     119.924698      -1.157040
   -100.00      0.00      12.000000       0.021519       0.021519        34      33.0      34.0       0.454818   221.190    64.470    82.010    0     119.908638      -1.158170
   -100.00      5.00       7.332100       0.030819       0.030819        34      33.0      34.0       0.454818   331.110    31.410    -6.770    0     119.892578      -1.159300
   -100.00     10.00       2.664200       0.030063       0.030063        34      33.0      34.0       0.454818   330.670    43.420     2.550    0     119.876518      -1.160430
    -95.00    -15.00      26.003710       0.000000       0.000000        34      33.0      34.0       0.454818   180.000    45.000    90.000    0     119.953690      -1.109670
    -95.00    -10.00      21.335800       0.000000       0.000000        34      33.0      34.0       0.454818   180.000    45.000    90.000    0     119.937630      -1.110800
    -95.00     -5.00      16.667900       0.000000       0.000000        34      33.0      34.0       0.454818   180.000    45.000    90.000    0     119.921570      -1.111930
    -95.00      0.00      12.000000       0.000000       0.000000        34      33.0      34.0       0.454818   180.000    45.000    90.000    0     119.905510      -1.113060
    -95.00      5.00       7.332100       0.000000       0.000000        34      33.0      34.0       0.454818   180.000    45.000    90.000    0     119.889450      -1.114190
    -95.00     10.00       2.664200       0.000000       0.000000        34      33.0      34.0       0.454818   180.000    45.000    90.000    0     119.873390      -1.115320
    -90.00    -15.00      26.003710       0.000000       0.000000        34      33.0      34.0       0.454818   180.000    45.000    90.000    0     119.950562      -1.064560
    -90.00    -10.00      21.335800       0.000000       0.000000        34      33.0      34.0       0.454818   180.000    45.000    90.000    0     119.934502      -1.065690
    -90.00     -5.00      16.667900       0.000000       0.000000        34      33.0      34.0       0.454818   180.000    45.000    90.000    0     119.918442      -1.066820
    -90.00      0.00      12.000000       0.000000       0.000000        34      33.0      34.0       0.454818   180.000    45.000    90.000    0     119.902382      -1.067950
    -90.00      5.00       7.332100       0.000000       0.000000        34      33.0      34.0       0.454818   180.000    45.000    90.000    0     119.886322      -1.069080
    -90.00     10.00       2.664200       0.000000       0.000000        34      33.0      34.0       0.454818   180.000    45.000    90.000    0     119.870262      -1.070210
    -85.00    -15.00      26.003710       0.000000       0.000000        34      33.0      34.0       0.454818   180.000    45.000    90.000    0     119.947418      -1.019450
    -85.00    -10.00      21.335800       0.000000       0.000000        34      33.0      34.0       0.454818   180.000    45.000    90.000    0     119.931358      -1.020580
    -85.00     -5.00      16.667900       0.000000       0.000000        34      33.0      34.0       0.454818   180.000    45.000    90.000    0     119.915298      -1.021710
    -85.00      0.00      12.000000       0.000000       0.000000        34      33.0      34.0       0.454818   180.000    45.000    90.000    0     119.899239      -1.022840
    -85.00      5.00       7.332100       0.000000       0.000000        34      33.0      34.0       0.454818   180.000    45.000    90.000    0     119.883179      -1.023970
    -85.00     10.00       2.664200       0.000000       0.000000        34      33.0      34.0       0.454818   180.000    45.000    90.000    0     119.867119      -1.025100
    -80.00    -15.00      26.003710       0.000000       0.000000        34      33.0      34.0       0.454818   180.000    45.000    90.000    0     119.944290      -0.974340
    -80.00    -10.00      21.335800       0.000000       0.000000        34      33.0      34.0       0.454818   180.000    45.000    90.000    0     119.928230      -0.975470
    -80.00     -5.00      16.667900       0.000000       0.000000        34      33.0      34.0       0.454818   180.000    45.000    90.000    0     119.912170      -0.976600
    -80.00      0.00      12.000000       0.000000       0.000000        34      33.0      34.0       0.454818   180.000    45.000    90.000    0     119.896111      -0.977730
    -80.00      5.00       7.332100       0.000000       0.000000        34      33.0      34.0       0.454818   180.000    45.000    90.000    0     119.880051      -0.978860
    -80.00     10.00       2.664200       0.000000       0.000000        34      33.0      34.0       0.454818   180.000    45.000    90.000    0     119.863991      -0.979990
    -75.00    -15.00      26.003710       0.000000       0.000000        34      33.0      34.0       0.454818   180.000    45.000    90.000    0     119.941162      -0.929240
    -75.00    -10.00      21.335800       0.000000       0.000000        34      33.0      34.0       0.454818   180.000    45.000    90.000    0     119.925102      -0.930370
    -75.00     -5.00      16.667900       0.000000       0.000000        34      33.0      34.0       0.454818   180.000    45.000    90.000    0     119.909042      -0.931500
    -75.00      0.00      12.000000       0.000000       0.000000        34      33.0      34.0       0.454818   180.000    45.000    90.000    0     119.892982      -0.932630
    -75.00      5.00       7.332100       0.000000       0.000000        34      33.0      34.0       0.454818   180.000    45.000    90.000    0     119.876923      -0.933760
    -75.00     10.00       2.664200       0.000000       0.000000        34      33.0      34.0       0.454818   180.000    45.000    90.000    0     119.860863      -0.934890
    -70.00    -15.00      26.003710       0.000000       0.000000        34      33.0      34.0       0.454818   180.000    45.000    90.000    0     119.938019      -0.884130
    -70.00    -10.00      21.335800       0.000000       0.000000        34      33.0      34.0       0.454818   180.000    45.000    90.000    0     119.921959      -0.885260
    -70.00     -5.00      16.667900       0.000000       0.000000        34      33.0      34.0       0.454818   180.000    45.000    90.000    0     119.905907      -0.886390
    -70.00      0.00      12.000000       0.000000       0.000000        34      33.0      34.0       0.454818   180.000    45.000    90.000    0     119.889847      -0.887520
    -70.00      5.00       7.332100       0.000000       0.000000        34      33.0      34.0       0.454818   180.000    45.000    90.000    0     119.873787      -0.888650
    -70.00     10.00       2.664200       0.000000       0.000000        34      33.0      34.0       0.454818   180.000    45.000    90.000    0     119.857727      -0.889780
    -65.00    -15.00      26.003710       0.000000       0.000000        34      33.0      34.0       0.454818   180.000    45.000    90.000    0     119.934891      -0.839020
    -65.00    -10.00      21.335800       0.000000       0.000000        34      33.0      34.0       0.454818   180.000    45.000    90.000    0     119.918831      -0.840150
    -65.00     -5.00      16.667900       0.000000       0.000000        34      33.0      34.0       0.454818   180.000    45.000    90.000    0     119.902771      -0.841280
    -65.00      0.00      12.000000       0.000000       0.000000        34      33.0      34.0       0.454818   180.000    45.000    90.000    0     119.886711      -0.842410
    -65.00      5.00       7.332100       0.000000       0.000000        34      33.0      34.0       0.454818   180.000    45.000    90.000    0     119.870659      -0.843540
    -65.00     10.00       2.664200       0.000000       0.000000        34      33.0      34.0       0.454818   180.000    45.000    90.000    0     119.854599      -0.844670
    -60.00    -15.00      26.003710       0.000000       0.000000        34      33.0      34.0       0.454818   180.000    45.000    90.000    0     119.931763      -0.793910
    -60.00    -10.00      21.335800       0.000000       0.000000        34      33.0      34.0       0.454818   180.000    45.000    90.000    0     119.915703      -0.795040
    -60.00     -5.00      16.667900       0.000000       0.000000        34      33.0      34.0       0.454818   180.000    45.000    90.000    0     119.899643      -0.796170
    -60.00      0.00      12.000000       0.000000       0.000000        34      33.0      34.0       0.454818   180.000    45.000    90.000    0     119.883583      -0.797300
    -60.00      5.00       7.332100       0.000000       0.000000        34      33.0      34.0       0.454818   180.000    45.000    90.000    0     119.867523      -0.798430
    -60.00     10.00       2.664200       0.000000       0.000000        34      33.0      34.0       0.454818   180.000    45.000    90.000    0     119.851463      -0.799560
    -55.00    -15.00      26.003710       0.000000       0.000000        34      33.0      34.0       0.454818   180.000    45.000    90.000    0     119.928627      -0.748800
    -55.00    -10.00      21.335800       0.000000       0.000000        34      33.0      34.0       0.454818   180.000    45.000    90.000    0     119.912567      -0.749930
    -55.00     -5.00      16.667900       0.000000       0.000000        34      33.0      34.0       0.454818   180.000    45.000    90.000    0     119.896507      -0.751060
    -55.00      0.00      12.000000       0.000000       0.000000        34      33.0      34.0       0.454818   180.000    45.000    90.000    0     119.880447      -0.752190
    -55.00      5.00       7.332100       0.000000       0.000000        34      33.0      34.0       0.454818   180.000    45.000    90.000    0     119.864388      -0.753320
    -55.00     10.00       2.664200       0.000000       0.000000        34      33.0      34.0       0.454818   180.000    45.000    90.000    0     119.848328      -0.754450
    -50.00    -15.00      26.003710       0.000000       0.000000        34      33.0      34.0       0.454818   180.000    45.000    90.000    0     119.925491      -0.703690
    -50.00    -10.00      21.335800       0.000000       0.000000        34      33.0      34.0       0.454818   180.000    45.000    90.000    0     119.909439      -0.704820
    -50.00     -5.00      16.667900       0.000000       0.000000        34      33.0      34.0       0.454818   180.000    45.000    90.000    0     119.893379      -0.705950
    -50.00      0.00      12.000000       0.000000       0.000000        34      33.0      34.0       0.454818   180.000    45.000    90.000    0     119.877319      -0.707080
    -50.00      5.00       7.332100       0.000000       0.000000        34      33.0      34.0       0.454818   180.000    45.000    90.000    0     119.861259      -0.708210
    -50.00     10.00       2.664200       0.000000       0.000000        34      33.0      34.0       0.454818   180.000    45.000    90.000    0     119.845230      -0.709340
    -45.00    -15.00      26.003710       0.000000       0.000000        34      33.0      34.0       0.454818   180.000    45.000    90.000    0     119.922363      -0.658590
    -45.00    -10.00      21.335800       0.000000       0.000000        34      33.0      34.0       0.454818   180.000    45.000    90.000    0     119.906303      -0.659720
    -45.00     -5.00      16.667900       0.000000       0.000000        34      33.0      34.0       0.454818   180.000    45.000    90.000    0     119.890244      -0.660850
    -45.00      0.00      12.000000       0.000000       0.000000        34      33.0      34.0       0.454818   180.000    45.000    90.000    0     119.874191      -0.661980
    -45.00      5.00       7.332100       0.000000       0.000000        34      33.0      34.0       0.454818   180.000    45.000    90.000    0     119.858131      -0.663110
    -45.00     10.00       2.664200       0.000000       0.000000        34      33.0      34.0       0.454818   180.000    45.000    90.000    0     119.842102      -0.664240
    -40.00    -15.00      26.003710       0.000000       0.000000        34      33.0      34.0       0.454818   180.000    45.000    90.000    0     119.919228      -0.613480
    -40.00    -10.00      21.335800       0.000000       0.000000        34      33.0      34.0       0.454818   180.000    45.000    90.000    0     119.903168      -0.614610
    -40.00     -5.00      16.667900       0.000000       0.000000        34      33.0      34.0       0.454818   180.000    45.000    90.000    0     119.887108      -0.615740
    -40.00      0.00      12.000000       0.000000       0.000000        34      33.0      34.0       0.454818   180.000    45.000    90.000    0     119.871048      -0.616870
    -40.00      5.00       7.332100       0.000000       0.000000        34      33.0      34.0       0.454818   180.000    45.000    90.000    0     119.855003      -0.618000
    -40.00     10.00       2.664200       0.000000       0.000000        34      33.0      34.0       0.454818   180.000    45.000    90.000    0     119.838959      -0.619130
    -35.00    -15.00      26.003710       0.000000       0.000000        34      33.0      34.0       0.454818   180.000    45.000    90.000    0     119.916100      -0.568370
    -35.00    -10.00      21.335800       0.000000       0.000000        34      33.0      34.0       0.454818   180.000    45.000    90.000    0     119.900040      -0.569500
    -35.00     -5.00      16.667900       0.000000       0.000000        34      33.0      34.0       0.454818   180.000    45.000    90.000    0     119.883980      -0.570630
    -35.00      0.00      12.000000       0.000000       0.000000        34      33.0      34.0       0.454818   180.000    45.000    90.000    0     119.867920      -0.571760
    -35.00      5.00       7.332100       0.000000       0.000000        34      33.0      34.0       0.454818   180.000    45.000    90.000    0     119.851860      -0.572890
    -35.00     10.00       2.664200       0.000000       0.000000        34      33.0      34.0       0.454818   180.000    45.000    90.000    0     119.835831      -0.574020
    -30.00    -15.00      26.003710       0.000000       0.000000        34      33.0      34.0       0.454818   180.000    45.000    90.000    0     119.912956      -0.523260
    -30.00    -10.00      21.335800       0.000000       0.000000        34      33.0      34.0       0.454818   180.000    45.000    90.000    0     119.896912      -0.524390
    -30.00     -5.00      16.667900       0.000000       0.000000        34      33.0      34.0       0.454818   180.000    45.000    90.000    0     119.880852      -0.525520
    -30.00      0.00      12.000000       0.000000       0.000000        34      33.0      34.0       0.454818   180.000    45.000    90.000    0     119.864792      -0.526650
    -30.00      5.00       7.332100       0.000000       0.000000        34      33.0      34.0       0.454818   180.000    45.000    90.000    0     119.848732      -0.527780
    -30.00     10.00       2.664200       0.000000       0.000000        34      33.0      34.0       0.454818   180.000    45.000    90.000    0     119.832687      -0.528910
    -25.00    -15.00      26.003710       0.000000       0.000000        34      33.0      34.0       0.454818   180.000    45.000    90.000    0     119.909828      -0.478150
    -25.00    -10.00      21.335800       0.000000       0.000000        34      33.0      34.0       0.454818   180.000    45.000    90.000    0     119.893768      -0.479280
    -25.00     -5.00      16.667900       0.000000       0.000000        34      33.0      34.0       0.454818   180.000    45.000    90.000    0     119.877724      -0.480410
    -25.00      0.00      12.000000       0.000000       0.000000        34      33.0      34.0       0.454818   180.000    45.000    90.000    0     119.861656      -0.481540
    -25.00      5.00       7.332100       0.000000       0.000000        34      33.0      34.0       0.454818   180.000    45.000    90.000    0     119.845619      -0.482670
    -25.00     10.00       2.664200       0.000000       0.000000        34      33.0      34.0       0.454818   180.000    45.000    90.000    0     119.829559      -0.483800
    -20.00    -15.00      26.003710       0.000000       0.000000        34      33.0      34.0       0.454818   180.000    45.000    90.000    0     119.906700      -0.433040
    -20.00    -10.00      21.335800       0.000000       0.000000        34      33.0      34.0       0.454818   180.000    45.000    90.000    0     119.890640      -0.434170
    -20.00     -5.00      16.667900       0.000000       0.000000        34      33.0      34.0       0.454818   180.000    45.000    90.000    0     119.874580      -0.435300
    -20.00      0.00      12.000000       0.000000       0.000000        34      33.0      34.0       0.454818   180.000    45.000    90.000    0     119.858528      -0.436430
    -20.00      5.00       7.332100       0.000000       0.000000        34      33.0      34.0       0.454818   180.000    45.000    90.000    0     119.842484      -0.437560
    -20.00     10.00       2.664200       0.000000       0.000000        34      33.0      34.0       0.454818   180.000    45.000    90.000    0     119.826424      -0.438690
    -15.00    -15.00      26.003710       0.000000       0.000000        34      33.0      34.0       0.454818   180.000    45.000    90.000    0     119.903572      -0.387940
    -15.00    -10.00      21.335800       0.000000       0.000000        34      33.0      34.0       0.454818   180.000    45.000    90.000    0     119.887512      -0.389070
    -15.00     -5.00      16.667900       0.000000       0.000000        34      33.0      34.0       0.454818   180.000    45.000    90.000    0     119.871452      -0.390200
    -15.00      0.00      12.000000       0.000000       0.000000        34      33.0      34.0       0.454818   180.000    45.000    90.000    0     119.855392      -0.391330
    -15.00      5.00       7.332100       0.000000       0.000000        34      33.0      34.0       0.454818   180.000    45.000    90.000    0     119.839348      -0.392460
    -15.00     10.00       2.664200       0.000000       0.000000        34      33.0      34.0       0.454818   180.000    45.000    90.000    0     119.823288      -0.393590
    -10.00    -15.00      26.003710       0.000000       0.000000        34      33.0      34.0       0.454818   180.000    45.000    90.000    0     119.900436      -0.342830
    -10.00    -10.00      21.335800       0.000000       0.000000        34      33.0      34.0       0.454818   180.000    45.000    90.000    0     119.884377      -0.343960
    -10.00     -5.00      16.667900       0.000000       0.000000        34      33.0      34.0       0.454818   180.000    45.000    90.000    0     119.868317      -0.345090
    -10.00      0.00      12.000000       0.000000       0.000000        34      33.0      34.0       0.454818   180.000    45.000    90.000    0     119.852257      -0.346220
    -10.00      5.00       7.332100       0.000000       0.000000        34      33.0      34.0       0.454818   180.000    45.000    90.000    0     119.836212      -0.347350
    -10.00     10.00       2.664200       0.000000       0.000000        34      33.0      34.0       0.454818   180.000    45.000    90.000    0     119.820152      -0.348480
     -5.00    -15.00      26.003710       0.000000       0.000000        34      33.0      34.0       0.454818   180.000    45.000    90.000    0     119.897301      -0.297720
     -5.00    -10.00      21.335800       0.000000       0.000000        34      33.0      34.0       0.454818   180.000    45.000    90.000    0     119.881248      -0.298850
     -5.00     -5.00      16.667900       0.000000       0.000000        34      33.0      34.0       0.454818   180.000    45.000    90.000    0     119.865189      -0.299980
     -5.00      0.00      12.000000       0.000000       0.000000        34      33.0      34.0       0.454818   180.000    45.000    90.000    0     119.849129      -0.301110
     -5.00      5.00       7.332100       0.000000       0.000000        34      33.0      34.0       0.454818   180.000    45.000    90.000    0     119.833076      -0.302240
     -5.00     10.00       2.664200       0.000000       0.000000        34      33.0      34.0       0.454818   180.000    45.000    90.000    0     119.817017      -0.303370
      0.00    -15.00      26.003710       0.000000       0.000000        34      33.0      34.0       0.454818   180.000    45.000    90.000    0     119.894173      -0.252610
      0.00    -10.00      21.335800       0.000000       0.000000        34      33.0      34.0       0.454818   180.000    45.000    90.000    0     119.878113      -0.253740
      0.00     -5.00      16.667900       0.000000       0.000000        34      33.0      34.0       0.454818   180.000    45.000    90.000    0     119.862061      -0.254870
      0.00      0.00      12.000000       0.000000       0.000000        34      33.0      34.0       0.454818   180.000    45.000    90.000    0     119.846001      -0.256000
      0.00      5.00       7.332100       0.000000       0.000000        34      33.0      34.0       0.454818   180.000    45.000    90.000    0     119.829941      -0.257130
      0.00     10.00       2.664200       0.000000       0.000000        34      33.0      34.0       0.454818   180.000    45.000    90.000    0     119.813889      -0.258260
      5.00    -15.00      26.003710       0.000000       0.000000        34      33.0      34.0       0.454818   180.000    45.000    90.000    0     119.891037      -0.207500
      5.00    -10.00      21.335800       0.000000       0.000000        34      33.0      34.0       0.454818   180.000    45.000    90.000    0     119.874977      -0.208630
      5.00     -5.00      16.667900       0.000000       0.000000        34      33.0      34.0       0.454818   180.000    45.000    90.000    0     119.858917      -0.209760
      5.00      0.00      12.000000       0.000000       0.000000        34      33.0      34.0       0.454818   180.000    45.000    90.000    0     119.842873      -0.210890
      5.00      5.00       7.332100       0.000000       0.000000        34      33.0      34.0       0.454818   180.000    45.000    90.000    0     119.826813      -0.212020
      5.00     10.00       2.664200       0.000000       0.000000        34      33.0      34.0       0.454818   180.000    45.000    90.000    0     119.810753      -0.213150
     10.00    -15.00      26.003710       0.000000       0.000000        34      33.0      34.0       0.454818   180.000    45.000    90.000    0     119.887901      -0.162390
     10.00    -10.00      21.335800       0.000000       0.000000        34      33.0      34.0       0.454818   180.000    45.000    90.000    0     119.871849      -0.163520
     10.00     -5.00      16.667900       0.000000       0.000000        34      33.0      34.0       0.454818   180.000    45.000    90.000    0     119.855789      -0.164650
     10.00      0.00      12.000000       0.000000       0.000000        34      33.0      34.0       0.454818   180.000    45.000    90.000    0     119.839737      -0.165780
     10.00      5.00       7.332100       0.000000       0.000000        34      33.0      34.0       0.454818   180.000    45.000    90.000    0     119.823677      -0.166910
     10.00     10.00       2.664200       0.000000       0.000000        34      33.0      34.0       0.454818   180.000    45.000    90.000    0     119.807617      -0.168040
     15.00    -15.00      26.003710       0.000000       0.000000        34      33.0      34.0       0.454818   180.000    45.000    90.000    0     119.884773      -0.117280
     15.00    -10.00      21.335800       0.000000       0.000000        34      33.0      34.0       0.454818   180.000    45.000    90.000    0     119.868713      -0.118410
     15.00     -5.00      16.667900       0.000000       0.000000        34      33.0      34.0       0.454818   180.000    45.000    90.000    0     119.852654      -0.119540
     15.00      0.00      12.000000       0.000000       0.000000        34      33.0      34.0       0.454818   180.000    45.000    90.000    0     119.836609      -0.120670
     15.00      5.00       7.332100       0.000000       0.000000        34      33.0      34.0       0.454818   180.000    45.000    90.000    0     119.820549      -0.121800
     15.00     10.00       2.664200       0.000000       0.000000        34      33.0      34.0       0.454818   180.000    45.000    90.000    0     119.804489      -0.122930
     20.00    -15.00      26.003710       0.000000       0.000000        34      33.0      34.0       0.454818   180.000    45.000    90.000    0     119.881630      -0.072170
     20.00    -10.00      21.335800       0.000000       0.000000        34      33.0      34.0       0.454818   180.000    45.000    90.000    0     119.865578      -0.073310
     20.00     -5.00      16.667900       0.000000       0.000000        34      33.0      34.0       0.454818   180.000    45.000    90.000    0     119.849518      -0.074440
     20.00      0.00      12.000000       0.000000       0.000000        34      33.0      34.0       0.454818   180.000    45.000    90.000    0     119.833473      -0.075570
     20.00      5.00       7.332100       0.000000       0.000000        34      33.0      34.0       0.454818   180.000    45.000    90.000    0     119.817421      -0.076700
     20.00     10.00       2.664200       0.000000       0.000000        34      33.0      34.0       0.454818   180.000    45.000    90.000    0     119.801361      -0.077830
     25.00    -15.00      26.003710       0.000000       0.000000        34      33.0      34.0       0.454818   180.000    45.000    90.000    0     119.878502      -0.027070
     25.00    -10.00      21.335800       0.000000       0.000000        34      33.0      34.0       0.454818   180.000    45.000    90.000    0     119.862442      -0.028200
     25.00     -5.00      16.667900       0.000000       0.000000        34      33.0      34.0       0.454818   180.000    45.000    90.000    0     119.846382      -0.029330
     25.00      0.00      12.000000       0.000000       0.000000        34      33.0      34.0       0.454818   180.000    45.000    90.000    0     119.830338      -0.030460
     25.00      5.00       7.332100       0.000000       0.000000        34      33.0      34.0       0.454818   180.000    45.000    90.000    0     119.814278      -0.031590
     25.00     10.00       2.664200       0.000000       0.000000        34      33.0      34.0       0.454818   180.000    45.000    90.000    0     119.798233      -0.032720
     30.00    -15.00      26.003710       0.000000       0.000000        34      33.0      34.0       0.454818   180.000    45.000    90.000    0     119.875359       0.018040
     30.00    -10.00      21.335800       0.000000       0.000000        34      33.0      34.0       0.454818   180.000    45.000    90.000    0     119.859306       0.016910
     30.00     -5.00      16.667900       0.000000       0.000000        34      33.0      34.0       0.454818   180.000    45.000    90.000    0     119.843269       0.015780
     30.00      0.00      12.000000       0.000000       0.000000        34      33.0      34.0       0.454818   180.000    45.000    90.000    0     119.827209       0.014650
     30.00      5.00       7.332100       0.000000       0.000000        34      33.0      34.0       0.454818   180.000    45.000    90.000    0     119.811150       0.013520
     30.00     10.00       2.664200       0.000000       0.000000        34      33.0      34.0       0.454818   180.000    45.000    90.000    0     119.795097       0.012390
     35.00    -15.00      26.003710       0.000000       0.000000        34      33.0      34.0       0.454818   180.000    45.000    90.000    0     119.872231       0.063150
     35.00    -10.00      21.335800       0.000000       0.000000        34      33.0      34.0       0.454818   180.000    45.000    90.000    0     119.856171       0.062020
     35.00     -5.00      16.667900       0.000000       0.000000        34      33.0      34.0       0.454818   180.000    45.000    90.000    0     119.840141       0.060890
     35.00      0.00      12.000000       0.000000       0.000000        34      33.0      34.0       0.454818   180.000    45.000    90.000    0     119.824081       0.059760
     35.00      5.00       7.332100       0.000000       0.000000        34      33.0      34.0       0.454818   180.000    45.000    90.000    0     119.808022       0.058630
     35.00     10.00       2.664200       0.000000       0.000000        34      33.0      34.0       0.454818   180.000    45.000    90.000    0     119.791962       0.057500
     40.00    -15.00      26.003710       0.000000       0.000000        34      33.0      34.0       0.454818   180.000    45.000    90.000    0     119.869087       0.108260
     40.00    -10.00      21.335800       0.000000       0.000000        34      33.0      34.0       0.454818   180.000    45.000    90.000    0     119.853043       0.107130
     40.00     -5.00      16.667900       0.000000       0.000000        34      33.0      34.0       0.454818   180.000    45.000    90.000    0     119.836998       0.106000
     40.00      0.00      12.000000       0.000000       0.000000        34      33.0      34.0       0.454818   180.000    45.000    90.000    0     119.820953       0.104870
     40.00      5.00       7.332100       0.000000       0.000000        34      33.0      34.0       0.454818   180.000    45.000    90.000    0     119.804893       0.103740
     40.00     10.00       2.664200       0.000000       0.000000        34      33.0      34.0       0.454818   180.000    45.000    90.000    0     119.788834       0.102610
     45.00    -15.00      26.003710       0.000000       0.000000        34      33.0      34.0       0.454818   180.000    45.000    90.000    0     119.865959       0.153370
     45.00    -10.00      21.335800       0.000000       0.000000        34      33.0      34.0       0.454818   180.000    45.000    90.000    0     119.849899       0.152240
     45.00     -5.00      16.667900       0.000000       0.000000        34      33.0      34.0       0.454818   180.000    45.000    90.000    0     119.833870       0.151110
     45.00      0.00      12.000000       0.000000       0.000000        34      33.0      34.0       0.454818   180.000    45.000    90.000    0     119.817818       0.149980
     45.00      5.00       7.332100       0.000000       0.000000        34      33.0      34.0       0.454818   180.000    45.000    90.000    0     119.801758       0.148850
     45.00     10.00       2.664200       0.000000       0.000000        34      33.0      34.0       0.454818   180.000    45.000    90.000    0     119.785698       0.147720
     50.00    -15.00      26.003710       0.000000       0.000000        34      33.0      34.0       0.454818   180.000    45.000    90.000    0     119.862823       0.198480
     50.00    -10.00      21.335800       0.000000       0.000000        34      33.0      34.0       0.454818   180.000    45.000    90.000    0     119.846771       0.197340
     50.00     -5.00      16.667900       0.000000       0.000000        34      33.0      34.0       0.454818   180.000    45.000    90.000    0     119.830742       0.196210
     50.00      0.00      12.000000       0.000000       0.000000        34      33.0      34.0       0.454818   180.000    45.000    90.000    0     119.814682       0.195080
     50.00      5.00       7.332100       0.000000       0.000000        34      33.0      34.0       0.454818   180.000    45.000    90.000    0     119.798630       0.193950
     50.00     10.00       2.664200       0.000000       0.000000        34      33.0      34.0       0.454818   180.000    45.000    90.000    0     119.782570       0.192820
