      xloc      yloc          depth         ave SR         max SR         #     start       end     max SR all       str       dip      rake flag
   -185.00    -15.00      26.003710       0.000000       0.000000         5       4.0       5.0       0.454818   180.000    45.000    90.000    0     120.010109      -1.921610
   -185.00    -10.00      21.335800       0.000000       0.000000         5       4.0       5.0       0.454818   180.000    45.000    90.000    0     119.994049      -1.922740
   -185.00     -5.00      16.667900       0.000000       0.000000         5       4.0       5.0       0.454818   180.000    45.000    90.000    0     119.977982      -1.923870
   -185.00      0.00      12.000000       0.000000       0.000000         5       4.0       5.0       0.454818   180.000    45.000    90.000    0     119.961922      -1.925000
   -185.00      5.00       7.332100       0.000000       0.000000         5       4.0       5.0       0.454818   180.000    45.000    90.000    0     119.945847      -1.926130
   -185.00     10.00       2.664200       0.000000       0.000000         5       4.0       5.0       0.454818   180.000    45.000    90.000    0     119.929787      -1.927260
   -180.00    -15.00      26.003710       0.000000       0.000000         5       4.0       5.0       0.454818   180.000    45.000    90.000    0     120.006973      -1.876500
   -180.00    -10.00      21.335800       0.000000       0.000000         5       4.0       5.0       0.454818   180.000    45.000    90.000    0     119.990913      -1.877630
   -180.00     -5.00      16.667900       0.000000       0.000000         5       4.0       5.0       0.454818   180.000    45.000    90.000    0     119.974854      -1.878770
   -180.00      0.00      12.000000       0.000000       0.000000         5       4.0       5.0       0.454818   180.000    45.000    90.000    0     119.958778      -1.879900
   -180.00      5.00       7.332100       0.000000       0.000000         5       4.0       5.0       0.454818   180.000    45.000    90.000    0     119.942719      -1.881030
   -180.00     10.00       2.664200       0.000000       0.000000         5       4.0       5.0       0.454818   180.000    45.000    90.000    0     119.926651      -1.882160
   -175.00    -15.00      26.003710       0.000000       0.000000         5       4.0       5.0       0.454818   180.000    45.000    90.000    0     120.003838      -1.831400
   -175.00    -10.00      21.335800       0.000000       0.000000         5       4.0       5.0       0.454818   180.000    45.000    90.000    0     119.987778      -1.832530
   -175.00     -5.00      16.667900       0.000000       0.000000         5       4.0       5.0       0.454818   180.000    45.000    90.000    0     119.971710      -1.833660
   -175.00      0.00      12.000000       0.000000       0.000000         5       4.0       5.0       0.454818   180.000    45.000    90.000    0     119.955650      -1.834790
   -175.00      5.00       7.332100       0.000000       0.000000         5       4.0       5.0       0.454818   180.000    45.000    90.000    0     119.939583      -1.835920
   -175.00     10.00       2.664200       0.000000       0.000000         5       4.0       5.0       0.454818   180.000    45.000    90.000    0     119.923523      -1.837050
   -170.00    -15.00      26.003710       0.000000       0.000000         5       4.0       5.0       0.454818   180.000    45.000    90.000    0     120.000702      -1.786290
   -170.00    -10.00      21.335800       0.000000       0.000000         5       4.0       5.0       0.454818   180.000    45.000    90.000    0     119.984642      -1.787420
   -170.00     -5.00      16.667900       0.000000       0.000000         5       4.0       5.0       0.454818   180.000    45.000    90.000    0     119.968582      -1.788550
   -170.00      0.00      12.000000       0.000000       0.000000         5       4.0       5.0       0.454818   180.000    45.000    90.000    0     119.952507      -1.789680
   -170.00      5.00       7.332100       0.000000       0.000000         5       4.0       5.0       0.454818   180.000    45.000    90.000    0     119.936447      -1.790810
   -170.00     10.00       2.664200       0.000000       0.000000         5       4.0       5.0       0.454818   180.000    45.000    90.000    0     119.920387      -1.791940
   -165.00    -15.00      26.003710       0.000000       0.000000         5       4.0       5.0       0.454818   180.000    45.000    90.000    0     119.997566      -1.741180
   -165.00    -10.00      21.335800       0.000000       0.000000         5       4.0       5.0       0.454818   180.000    45.000    90.000    0     119.981499      -1.742310
   -165.00     -5.00      16.667900       0.000000       0.000000         5       4.0       5.0       0.454818   180.000    45.000    90.000    0     119.965439      -1.743440
   -165.00      0.00      12.000000       0.000000       0.000000         5       4.0       5.0       0.454818   180.000    45.000    90.000    0     119.949379      -1.744570
   -165.00      5.00       7.332100       0.000000       0.000000         5       4.0       5.0       0.454818   180.000    45.000    90.000    0     119.933319      -1.745700
   -165.00     10.00       2.664200       0.000000       0.000000         5       4.0       5.0       0.454818   180.000    45.000    90.000    0     119.917252      -1.746830
   -160.00    -15.00      26.003710       0.000000       0.000000         5       4.0       5.0       0.454818   180.000    45.000    90.000    0     119.994431      -1.696070
   -160.00    -10.00      21.335800       0.000000       0.000000         5       4.0       5.0       0.454818   180.000    45.000    90.000    0     119.978371      -1.697200
   -160.00     -5.00      16.667900       0.000000       0.000000         5       4.0       5.0       0.454818   180.000    45.000    90.000    0     119.962311      -1.698330
   -160.00      0.00      12.000000       0.000000       0.000000         5       4.0       5.0       0.454818   180.000    45.000    90.000    0     119.946243      -1.699460
   -160.00      5.00       7.332100       0.000000       0.000000         5       4.0       5.0       0.454818   180.000    45.000    90.000    0     119.930183      -1.700590
   -160.00     10.00       2.664200       0.000000       0.000000         5       4.0       5.0       0.454818   180.000    45.000    90.000    0     119.914124      -1.701720
   -155.00    -15.00      26.003710       0.000000       0.000000         5       4.0       5.0       0.454818   180.000    45.000    90.000    0     119.991302      -1.650960
   -155.00    -10.00      21.335800       0.000000       0.000000         5       4.0       5.0       0.454818   180.000    45.000    90.000    0     119.975243      -1.652100
   -155.00     -5.00      16.667900       0.000000       0.000000         5       4.0       5.0       0.454818   180.000    45.000    90.000    0     119.959167      -1.653230
   -155.00      0.00      12.000000       0.000000       0.000000         5       4.0       5.0       0.454818   180.000    45.000    90.000    0     119.943108      -1.654360
   -155.00      5.00       7.332100       0.000000       0.000000         5       4.0       5.0       0.454818   180.000    45.000    90.000    0     119.927048      -1.655490
   -155.00     10.00       2.664200       0.000000       0.000000         5       4.0       5.0       0.454818   180.000    45.000    90.000    0     119.910980      -1.656620
   -150.00    -15.00      26.003710       0.000000       0.000000         5       4.0       5.0       0.454818   180.000    45.000    90.000    0     119.988159      -1.605860
   -150.00    -10.00      21.335800       0.000000       0.000000         5       4.0       5.0       0.454818   180.000    45.000    90.000    0     119.972099      -1.606990
   -150.00     -5.00      16.667900       0.000000       0.000000         5       4.0       5.0       0.454818   180.000    45.000    90.000    0     119.956039      -1.608120
   -150.00      0.00      12.000000       0.000000       0.000000         5       4.0       5.0       0.454818   180.000    45.000    90.000    0     119.939980      -1.609250
   -150.00      5.00       7.332100       0.000000       0.000000         5       4.0       5.0       0.454818   180.000    45.000    90.000    0     119.923912      -1.610380
   -150.00     10.00       2.664200       0.000000       0.000000         5       4.0       5.0       0.454818   180.000    45.000    90.000    0     119.907852      -1.611510
   -145.00    -15.00      26.003710       0.000000       0.000000         5       4.0       5.0       0.454818   180.000    45.000    90.000    0     119.985031      -1.560750
   -145.00    -10.00      21.335800       0.000000       0.000000         5       4.0       5.0       0.454818   180.000    45.000    90.000    0     119.968971      -1.561880
   -145.00     -5.00      16.667900       0.000000       0.000000         5       4.0       5.0       0.454818   180.000    45.000    90.000    0     119.952904      -1.563010
   -145.00      0.00      12.000000       0.000000       0.000000         5       4.0       5.0       0.454818   180.000    45.000    90.000    0     119.936836      -1.564140
   -145.00      5.00       7.332100       0.000000       0.000000         5       4.0       5.0       0.454818   180.000    45.000    90.000    0     119.920776      -1.565270
   -145.00     10.00       2.664200       0.000000       0.000000         5       4.0       5.0       0.454818   180.000    45.000    90.000    0     119.904716      -1.566400
   -140.00    -15.00      26.003710       0.000000       0.000000         5       4.0       5.0       0.454818   180.000    45.000    90.000    0     119.981888      -1.515640
   -140.00    -10.00      21.335800       0.000000       0.000000         5       4.0       5.0       0.454818   180.000    45.000    90.000    0     119.965828      -1.516770
   -140.00     -5.00      16.667900       0.000000       0.000000         5       4.0       5.0       0.454818   180.000    45.000    90.000    0     119.949768      -1.517900
   -140.00      0.00      12.000000       0.000000       0.000000         5       4.0       5.0       0.454818   180.000    45.000    90.000    0     119.933708      -1.519030
   -140.00      5.00       7.332100       0.000000       0.000000         5       4.0       5.0       0.454818   180.000    45.000    90.000    0     119.917648      -1.520160
   -140.00     10.00       2.664200       0.000000       0.000000         5       4.0       5.0       0.454818   180.000    45.000    90.000    0     119.901581      -1.521290
   -135.00    -15.00      26.003710       0.000000       0.000000         5       4.0       5.0       0.454818   180.000    45.000    90.000    0     119.978760      -1.470530
   -135.00    -10.00      21.335800       0.000000       0.000000         5       4.0       5.0       0.454818   180.000    45.000    90.000    0     119.962700      -1.471660
   -135.00     -5.00      16.667900       0.000000       0.000000         5       4.0       5.0       0.454818   180.000    45.000    90.000    0     119.946640      -1.472790
   -135.00      0.00      12.000000       0.000000       0.000000         5       4.0       5.0       0.454818   180.000    45.000    90.000    0     119.930573      -1.473920
   -135.00      5.00       7.332100       0.000000       0.000000         5       4.0       5.0       0.454818   180.000    45.000    90.000    0     119.914513      -1.475050
   -135.00     10.00       2.664200       0.000000       0.000000         5       4.0       5.0       0.454818   180.000    45.000    90.000    0     119.898453      -1.476180
   -130.00    -15.00      26.003710       0.000000       0.000000         5       4.0       5.0       0.454818   180.000    45.000    90.000    0     119.975632      -1.425430
   -130.00    -10.00      21.335800       0.000000       0.000000         5       4.0       5.0       0.454818   180.000    45.000    90.000    0     119.959557      -1.426560
   -130.00     -5.00      16.667900       0.000000       0.000000         5       4.0       5.0       0.454818   180.000    45.000    90.000    0     119.943497      -1.427690
   -130.00      0.00      12.000000       0.000000       0.000000         5       4.0       5.0       0.454818   180.000    45.000    90.000    0     119.927437      -1.428820
   -130.00      5.00       7.332100       0.000000       0.000000         5       4.0       5.0       0.454818   180.000    45.000    90.000    0     119.911377      -1.429950
   -130.00     10.00       2.664200       0.000000       0.000000         5       4.0       5.0       0.454818   180.000    45.000    90.000    0     119.895317      -1.431080
   -125.00    -15.00      26.003710       0.000000       0.000000         5       4.0       5.0       0.454818   180.000    45.000    90.000    0     119.972488      -1.380320
   -125.00    -10.00      21.335800       0.000000       0.000000         5       4.0       5.0       0.454818   180.000    45.000    90.000    0     119.956429      -1.381450
   -125.00     -5.00      16.667900       0.000000       0.000000         5       4.0       5.0       0.454818   180.000    45.000    90.000    0     119.940369      -1.382580
   -125.00      0.00      12.000000       0.000000       0.000000         5       4.0       5.0       0.454818   180.000    45.000    90.000    0     119.924309      -1.383710
   -125.00      5.00       7.332100       0.000000       0.000000         5       4.0       5.0       0.454818   180.000    45.000    90.000    0     119.908249      -1.384840
   -125.00     10.00       2.664200       0.000000       0.000000         5       4.0       5.0       0.454818   180.000    45.000    90.000    0     119.892189      -1.385970
   -120.00    -15.00      26.003710       0.000000       0.000000         5       4.0       5.0       0.454818   180.000    45.000    90.000    0     119.969360      -1.335210
   -120.00    -10.00      21.335800       0.000000       0.000000         5       4.0       5.0       0.454818   180.000    45.000    90.000    0     119.953300      -1.336340
   -120.00     -5.00      16.667900       0.000000       0.000000         5       4.0       5.0       0.454818   180.000    45.000    90.000    0     119.937241      -1.337470
   -120.00      0.00      12.000000       0.000000       0.000000         5       4.0       5.0       0.454818   180.000    45.000    90.000    0     119.921173      -1.338600
   -120.00      5.00       7.332100       0.000000       0.000000         5       4.0       5.0       0.454818   180.000    45.000    90.000    0     119.905113      -1.339730
   -120.00     10.00       2.664200       0.000000       0.000000         5       4.0       5.0       0.454818   180.000    45.000    90.000    0     119.889053      -1.340860
   -115.00    -15.00      26.003710       0.000000       0.000000         5       4.0       5.0       0.454818   180.000    45.000    90.000    0     119.966217      -1.290100
   -115.00    -10.00      21.335800       0.000000       0.000000         5       4.0       5.0       0.454818   180.000    45.000    90.000    0     119.950157      -1.291230
   -115.00     -5.00      16.667900       0.000000       0.000000         5       4.0       5.0       0.454818   180.000    45.000    90.000    0     119.934097      -1.292360
   -115.00      0.00      12.000000       0.000000       0.000000         5       4.0       5.0       0.454818   180.000    45.000    90.000    0     119.918037      -1.293490
   -115.00      5.00       7.332100       0.000000       0.000000         5       4.0       5.0       0.454818   180.000    45.000    90.000    0     119.901978      -1.294620
   -115.00     10.00       2.664200       0.000000       0.000000         5       4.0       5.0       0.454818   180.000    45.000    90.000    0     119.885918      -1.295750
   -110.00    -15.00      26.003710       0.000000       0.000000         5       4.0       5.0       0.454818   180.000    45.000    90.000    0     119.963089      -1.244990
   -110.00    -10.00      21.335800       0.000000       0.000000         5       4.0       5.0       0.454818   180.000    45.000    90.000    0     119.947029      -1.246120
   -110.00     -5.00      16.667900       0.000000       0.000000         5       4.0       5.0       0.454818   180.000    45.000    90.000    0     119.930969      -1.247250
   -110.00      0.00      12.000000       0.000000       0.000000         5       4.0       5.0       0.454818   180.000    45.000    90.000    0     119.914909      -1.248380
   -110.00      5.00       7.332100       0.000000       0.000000         5       4.0       5.0       0.454818   180.000    45.000    90.000    0     119.898849      -1.249510
   -110.00     10.00       2.664200       0.000000       0.000000         5       4.0       5.0       0.454818   180.000    45.000    90.000    0     119.882790      -1.250640
   -105.00    -15.00      26.003710       0.000000       0.000000         5       4.0       5.0       0.454818   180.000    45.000    90.000    0     119.959961      -1.199880
   -105.00    -10.00      21.335800       0.000000       0.000000         5       4.0       5.0       0.454818   180.000    45.000    90.000    0     119.943901      -1.201010
   -105.00     -5.00      16.667900       0.000000       0.000000         5       4.0       5.0       0.454818   180.000    45.000    90.000    0     119.927841      -1.202140
   -105.00      0.00      12.000000       0.000000       0.000000         5       4.0       5.0       0.454818   180.000    45.000    90.000    0     119.911774      -1.203270
   -105.00      5.00       7.332100       0.000000       0.000000         5       4.0       5.0       0.454818   180.000    45.000    90.000    0     119.895714      -1.204400
   -105.00     10.00       2.664200       0.000000       0.000000         5       4.0       5.0       0.454818   180.000    45.000    90.000    0     119.879646      -1.205530
   -100.00    -15.00      26.003710       0.000000       0.000000         5       4.0       5.0       0.454818   180.000    45.000    90.000    0     119.956818      -1.154780
   -100.00    -10.00      21.335800       0.000000       0.000000         5       4.0       5.0       0.454818   180.000    45.000    90.000    0     119.940758      -1.155910
   -100.00     -5.00      16.667900       0.000000       0.000000         5       4.0       5.0       0.454818   180.000    45.000    90.000    0     119.924698      -1.157040
   -100.00      0.00      12.000000       0.000000       0.000000         5       4.0       5.0       0.454818   180.000    45.000    90.000    0     119.908638      -1.158170
   -100.00      5.00       7.332100       0.000000       0.000000         5       4.0       5.0       0.454818   180.000    45.000    90.000    0     119.892578      -1.159300
   -100.00     10.00       2.664200       0.000000       0.000000         5       4.0       5.0       0.454818   180.000    45.000    90.000    0     119.876518      -1.160430
    -95.00    -15.00      26.003710       0.000000       0.000000         5       4.0       5.0       0.454818   180.000    45.000    90.000    0     119.953690      -1.109670
    -95.00    -10.00      21.335800       0.000000       0.000000         5       4.0       5.0       0.454818   180.000    45.000    90.000    0     119.937630      -1.110800
    -95.00     -5.00      16.667900       0.000000       0.000000         5       4.0       5.0       0.454818   180.000    45.000    90.000    0     119.921570      -1.111930
    -95.00      0.00      12.000000       0.000000       0.000000         5       4.0       5.0       0.454818   180.000    45.000    90.000    0     119.905510      -1.113060
    -95.00      5.00       7.332100       0.000000       0.000000         5       4.0       5.0       0.454818   180.000    45.000    90.000    0     119.889450      -1.114190
    -95.00     10.00       2.664200       0.000000       0.000000         5       4.0       5.0       0.454818   180.000    45.000    90.000    0     119.873390      -1.115320
    -90.00    -15.00      26.003710       0.000000       0.000000         5       4.0       5.0       0.454818   180.000    45.000    90.000    0     119.950562      -1.064560
    -90.00    -10.00      21.335800       0.000000       0.000000         5       4.0       5.0       0.454818   180.000    45.000    90.000    0     119.934502      -1.065690
    -90.00     -5.00      16.667900       0.000000       0.000000         5       4.0       5.0       0.454818   180.000    45.000    90.000    0     119.918442      -1.066820
    -90.00      0.00      12.000000       0.000000       0.000000         5       4.0       5.0       0.454818   180.000    45.000    90.000    0     119.902382      -1.067950
    -90.00      5.00       7.332100       0.000000       0.000000         5       4.0       5.0       0.454818   180.000    45.000    90.000    0     119.886322      -1.069080
    -90.00     10.00       2.664200       0.000000       0.000000         5       4.0       5.0       0.454818   180.000    45.000    90.000    0     119.870262      -1.070210
    -85.00    -15.00      26.003710       0.000000       0.000000         5       4.0       5.0       0.454818   180.000    45.000    90.000    0     119.947418      -1.019450
    -85.00    -10.00      21.335800       0.000000       0.000000         5       4.0       5.0       0.454818   180.000    45.000    90.000    0     119.931358      -1.020580
    -85.00     -5.00      16.667900       0.000000       0.000000         5       4.0       5.0       0.454818   180.000    45.000    90.000    0     119.915298      -1.021710
    -85.00      0.00      12.000000       0.000000       0.000000         5       4.0       5.0       0.454818   180.000    45.000    90.000    0     119.899239      -1.022840
    -85.00      5.00       7.332100       0.000000       0.000000         5       4.0       5.0       0.454818   180.000    45.000    90.000    0     119.883179      -1.023970
    -85.00     10.00       2.664200       0.000000       0.000000         5       4.0       5.0       0.454818   180.000    45.000    90.000    0     119.867119      -1.025100
    -80.00    -15.00      26.003710       0.000000       0.000000         5       4.0       5.0       0.454818   180.000    45.000    90.000    0     119.944290      -0.974340
    -80.00    -10.00      21.335800       0.000000       0.000000         5       4.0       5.0       0.454818   180.000    45.000    90.000    0     119.928230      -0.975470
    -80.00     -5.00      16.667900       0.000000       0.000000         5       4.0       5.0       0.454818   180.000    45.000    90.000    0     119.912170      -0.976600
    -80.00      0.00      12.000000       0.000000       0.000000         5       4.0       5.0       0.454818   180.000    45.000    90.000    0     119.896111      -0.977730
    -80.00      5.00       7.332100       0.000000       0.000000         5       4.0       5.0       0.454818   180.000    45.000    90.000    0     119.880051      -0.978860
    -80.00     10.00       2.664200       0.000000       0.000000         5       4.0       5.0       0.454818   180.000    45.000    90.000    0     119.863991      -0.979990
    -75.00    -15.00      26.003710       0.000000       0.000000         5       4.0       5.0       0.454818   180.000    45.000    90.000    0     119.941162      -0.929240
    -75.00    -10.00      21.335800       0.000000       0.000000         5       4.0       5.0       0.454818   180.000    45.000    90.000    0     119.925102      -0.930370
    -75.00     -5.00      16.667900       0.000000       0.000000         5       4.0       5.0       0.454818   180.000    45.000    90.000    0     119.909042      -0.931500
    -75.00      0.00      12.000000       0.000000       0.000000         5       4.0       5.0       0.454818   180.000    45.000    90.000    0     119.892982      -0.932630
    -75.00      5.00       7.332100       0.000000       0.000000         5       4.0       5.0       0.454818   180.000    45.000    90.000    0     119.876923      -0.933760
    -75.00     10.00       2.664200       0.000000       0.000000         5       4.0       5.0       0.454818   180.000    45.000    90.000    0     119.860863      -0.934890
    -70.00    -15.00      26.003710       0.000000       0.000000         5       4.0       5.0       0.454818   180.000    45.000    90.000    0     119.938019      -0.884130
    -70.00    -10.00      21.335800       0.000000       0.000000         5       4.0       5.0       0.454818   180.000    45.000    90.000    0     119.921959      -0.885260
    -70.00     -5.00      16.667900       0.000000       0.000000         5       4.0       5.0       0.454818   180.000    45.000    90.000    0     119.905907      -0.886390
    -70.00      0.00      12.000000       0.000000       0.000000         5       4.0       5.0       0.454818   180.000    45.000    90.000    0     119.889847      -0.887520
    -70.00      5.00       7.332100       0.000000       0.000000         5       4.0       5.0       0.454818   180.000    45.000    90.000    0     119.873787      -0.888650
    -70.00     10.00       2.664200       0.000000       0.000000         5       4.0       5.0       0.454818   180.000    45.000    90.000    0     119.857727      -0.889780
    -65.00    -15.00      26.003710       0.000000       0.000000         5       4.0       5.0       0.454818   180.000    45.000    90.000    0     119.934891      -0.839020
    -65.00    -10.00      21.335800       0.000000       0.000000         5       4.0       5.0       0.454818   180.000    45.000    90.000    0     119.918831      -0.840150
    -65.00     -5.00      16.667900       0.000000       0.000000         5       4.0       5.0       0.454818   180.000    45.000    90.000    0     119.902771      -0.841280
    -65.00      0.00      12.000000       0.000000       0.000000         5       4.0       5.0       0.454818   180.000    45.000    90.000    0     119.886711      -0.842410
    -65.00      5.00       7.332100       0.000000       0.000000         5       4.0       5.0       0.454818   180.000    45.000    90.000    0     119.870659      -0.843540
    -65.00     10.00       2.664200       0.000000       0.000000         5       4.0       5.0       0.454818   180.000    45.000    90.000    0     119.854599      -0.844670
    -60.00    -15.00      26.003710       0.000000       0.000000         5       4.0       5.0       0.454818   180.000    45.000    90.000    0     119.931763      -0.793910
    -60.00    -10.00      21.335800       0.000000       0.000000         5       4.0       5.0       0.454818   180.000    45.000    90.000    0     119.915703      -0.795040
    -60.00     -5.00      16.667900       0.000000       0.000000         5       4.0       5.0       0.454818   180.000    45.000    90.000    0     119.899643      -0.796170
    -60.00      0.00      12.000000       0.000000       0.000000         5       4.0       5.0       0.454818   180.000    45.000    90.000    0     119.883583      -0.797300
    -60.00      5.00       7.332100       0.000000       0.000000         5       4.0       5.0       0.454818   180.000    45.000    90.000    0     119.867523      -0.798430
    -60.00     10.00       2.664200       0.000000       0.000000         5       4.0       5.0       0.454818   180.000    45.000    90.000    0     119.851463      -0.799560
    -55.00    -15.00      26.003710       0.000000       0.000000         5       4.0       5.0       0.454818   180.000    45.000    90.000    0     119.928627      -0.748800
    -55.00    -10.00      21.335800       0.000000       0.000000         5       4.0       5.0       0.454818   180.000    45.000    90.000    0     119.912567      -0.749930
    -55.00     -5.00      16.667900       0.000000       0.000000         5       4.0       5.0       0.454818   180.000    45.000    90.000    0     119.896507      -0.751060
    -55.00      0.00      12.000000       0.000000       0.000000         5       4.0       5.0       0.454818   180.000    45.000    90.000    0     119.880447      -0.752190
    -55.00      5.00       7.332100       0.000000       0.000000         5       4.0       5.0       0.454818   180.000    45.000    90.000    0     119.864388      -0.753320
    -55.00     10.00       2.664200       0.000000       0.000000         5       4.0       5.0       0.454818   180.000    45.000    90.000    0     119.848328      -0.754450
    -50.00    -15.00      26.003710       0.000000       0.000000         5       4.0       5.0       0.454818   180.000    45.000    90.000    0     119.925491      -0.703690
    -50.00    -10.00      21.335800       0.000000       0.000000         5       4.0       5.0       0.454818   180.000    45.000    90.000    0     119.909439      -0.704820
    -50.00     -5.00      16.667900       0.000000       0.000000         5       4.0       5.0       0.454818   180.000    45.000    90.000    0     119.893379      -0.705950
    -50.00      0.00      12.000000       0.000000       0.000000         5       4.0       5.0       0.454818   180.000    45.000    90.000    0     119.877319      -0.707080
    -50.00      5.00       7.332100       0.000000       0.000000         5       4.0       5.0       0.454818   180.000    45.000    90.000    0     119.861259      -0.708210
    -50.00     10.00       2.664200       0.000000       0.000000         5       4.0       5.0       0.454818   180.000    45.000    90.000    0     119.845230      -0.709340
    -45.00    -15.00      26.003710       0.000000       0.000000         5       4.0       5.0       0.454818   180.000    45.000    90.000    0     119.922363      -0.658590
    -45.00    -10.00      21.335800       0.000000       0.000000         5       4.0       5.0       0.454818   180.000    45.000    90.000    0     119.906303      -0.659720
    -45.00     -5.00      16.667900       0.000000       0.000000         5       4.0       5.0       0.454818   180.000    45.000    90.000    0     119.890244      -0.660850
    -45.00      0.00      12.000000       0.000000       0.000000         5       4.0       5.0       0.454818   180.000    45.000    90.000    0     119.874191      -0.661980
    -45.00      5.00       7.332100       0.000000       0.000000         5       4.0       5.0       0.454818   180.000    45.000    90.000    0     119.858131      -0.663110
    -45.00     10.00       2.664200       0.000000       0.000000         5       4.0       5.0       0.454818   180.000    45.000    90.000    0     119.842102      -0.664240
    -40.00    -15.00      26.003710       0.000000       0.000000         5       4.0       5.0       0.454818   180.000    45.000    90.000    0     119.919228      -0.613480
    -40.00    -10.00      21.335800       0.000000       0.000000         5       4.0       5.0       0.454818   180.000    45.000    90.000    0     119.903168      -0.614610
    -40.00     -5.00      16.667900       0.000000       0.000000         5       4.0       5.0       0.454818   180.000    45.000    90.000    0     119.887108      -0.615740
    -40.00      0.00      12.000000       0.000000       0.000000         5       4.0       5.0       0.454818   180.000    45.000    90.000    0     119.871048      -0.616870
    -40.00      5.00       7.332100       0.000000       0.000000         5       4.0       5.0       0.454818   180.000    45.000    90.000    0     119.855003      -0.618000
    -40.00     10.00       2.664200       0.000000       0.000000         5       4.0       5.0       0.454818   180.000    45.000    90.000    0     119.838959      -0.619130
    -35.00    -15.00      26.003710       0.000000       0.000000         5       4.0       5.0       0.454818   180.000    45.000    90.000    0     119.916100      -0.568370
    -35.00    -10.00      21.335800       0.000000       0.000000         5       4.0       5.0       0.454818   180.000    45.000    90.000    0     119.900040      -0.569500
    -35.00     -5.00      16.667900       0.000000       0.000000         5       4.0       5.0       0.454818   180.000    45.000    90.000    0     119.883980      -0.570630
    -35.00      0.00      12.000000       0.000000       0.000000         5       4.0       5.0       0.454818   180.000    45.000    90.000    0     119.867920      -0.571760
    -35.00      5.00       7.332100       0.000000       0.000000         5       4.0       5.0       0.454818   180.000    45.000    90.000    0     119.851860      -0.572890
    -35.00     10.00       2.664200       0.000000       0.000000         5       4.0       5.0       0.454818   180.000    45.000    90.000    0     119.835831      -0.574020
    -30.00    -15.00      26.003710       0.000000       0.000000         5       4.0       5.0       0.454818   180.000    45.000    90.000    0     119.912956      -0.523260
    -30.00    -10.00      21.335800       0.000000       0.000000         5       4.0       5.0       0.454818   180.000    45.000    90.000    0     119.896912      -0.524390
    -30.00     -5.00      16.667900       0.000000       0.000000         5       4.0       5.0       0.454818   180.000    45.000    90.000    0     119.880852      -0.525520
    -30.00      0.00      12.000000       0.000000       0.000000         5       4.0       5.0       0.454818   180.000    45.000    90.000    0     119.864792      -0.526650
    -30.00      5.00       7.332100       0.000000       0.000000         5       4.0       5.0       0.454818   180.000    45.000    90.000    0     119.848732      -0.527780
    -30.00     10.00       2.664200       0.000000       0.000000         5       4.0       5.0       0.454818   180.000    45.000    90.000    0     119.832687      -0.528910
    -25.00    -15.00      26.003710       0.010579       0.010579         5       4.0       5.0       0.454818   201.440    61.900    61.620    0     119.909828      -0.478150
    -25.00    -10.00      21.335800       0.046088       0.046088         5       4.0       5.0       0.454818    15.340    40.360    30.430    0     119.893768      -0.479280
    -25.00     -5.00      16.667900       0.066096       0.066096         5       4.0       5.0       0.454818     6.280    79.870    47.910    0     119.877724      -0.480410
    -25.00      0.00      12.000000       0.086040       0.086040         5       4.0       5.0       0.454818    26.760    67.780    47.750    0     119.861656      -0.481540
    -25.00      5.00       7.332100       0.055284       0.055284         5       4.0       5.0       0.454818   184.730    75.520   -38.830    0     119.845619      -0.482670
    -25.00     10.00       2.664200       0.048015       0.048015         5       4.0       5.0       0.454818   183.520    87.700   -31.640    0     119.829559      -0.483800
    -20.00    -15.00      26.003710       0.073339       0.073339         5       4.0       5.0       0.454818    38.860    58.470    78.330    0     119.906700      -0.433040
    -20.00    -10.00      21.335800       0.102948       0.102948         5       4.0       5.0       0.454818    10.490    58.210    32.680    0     119.890640      -0.434170
    -20.00     -5.00      16.667900       0.115124       0.115124         5       4.0       5.0       0.454818     5.200    68.580    25.090    0     119.874580      -0.435300
    -20.00      0.00      12.000000       0.117585       0.117585         5       4.0       5.0       0.454818     0.910    71.170    12.760    0     119.858528      -0.436430
    -20.00      5.00       7.332100       0.132061       0.132061         5       4.0       5.0       0.454818   169.460    81.570   -27.250    0     119.842484      -0.437560
    -20.00     10.00       2.664200       0.130813       0.130813         5       4.0       5.0       0.454818   354.810    88.890    20.730    0     119.826424      -0.438690
    -15.00    -15.00      26.003710       0.106991       0.106991         5       4.0       5.0       0.454818   356.110    76.930    46.620    0     119.903572      -0.387940
    -15.00    -10.00      21.335800       0.157539       0.157539         5       4.0       5.0       0.454818     1.960    68.340    23.690    0     119.887512      -0.389070
    -15.00     -5.00      16.667900       0.181204       0.181204         5       4.0       5.0       0.454818   359.510    69.220    12.960    0     119.871452      -0.390200
    -15.00      0.00      12.000000       0.197664       0.197664         5       4.0       5.0       0.454818   356.380    72.020     4.170    0     119.855392      -0.391330
    -15.00      5.00       7.332100       0.214491       0.214491         5       4.0       5.0       0.454818   354.650    77.710     5.870    0     119.839348      -0.392460
    -15.00     10.00       2.664200       0.213545       0.213545         5       4.0       5.0       0.454818   355.470    81.720    10.230    0     119.823288      -0.393590
    -10.00    -15.00      26.003710       0.129684       0.129684         5       4.0       5.0       0.454818   349.170    85.560    40.000    0     119.900436      -0.342830
    -10.00    -10.00      21.335800       0.197049       0.197049         5       4.0       5.0       0.454818   357.120    76.820    18.400    0     119.884377      -0.343960
    -10.00     -5.00      16.667900       0.237733       0.237733         5       4.0       5.0       0.454818   357.260    72.540     5.850    0     119.868317      -0.345090
    -10.00      0.00      12.000000       0.270505       0.270505         5       4.0       5.0       0.454818   355.740    74.770     1.110    0     119.852257      -0.346220
    -10.00      5.00       7.332100       0.287433       0.287433         5       4.0       5.0       0.454818   354.910    76.100     2.030    0     119.836212      -0.347350
    -10.00     10.00       2.664200       0.286031       0.286031         5       4.0       5.0       0.454818   355.120    80.580     5.270    0     119.820152      -0.348480
     -5.00    -15.00      26.003710       0.137575       0.137575         5       4.0       5.0       0.454818   349.410    89.150    29.860    0     119.897301      -0.297720
     -5.00    -10.00      21.335800       0.224311       0.224311         5       4.0       5.0       0.454818   356.860    79.150    12.610    0     119.881248      -0.298850
     -5.00     -5.00      16.667900       0.286952       0.286952         5       4.0       5.0       0.454818   356.640    73.680     1.250    0     119.865189      -0.299980
     -5.00      0.00      12.000000       0.328031       0.328031         5       4.0       5.0       0.454818   356.190    74.090     0.330    0     119.849129      -0.301110
     -5.00      5.00       7.332100       0.339902       0.339902         5       4.0       5.0       0.454818   355.180    74.100    -2.400    0     119.833076      -0.302240
     -5.00     10.00       2.664200       0.336570       0.336570         5       4.0       5.0       0.454818   354.920    80.040     1.120    0     119.817017      -0.303370
      0.00    -15.00      26.003710       0.135981       0.135981         5       4.0       5.0       0.454818   174.280    86.820   -22.720    0     119.894173      -0.252610
      0.00    -10.00      21.335800       0.237396       0.237396         5       4.0       5.0       0.454818     0.570    81.390     9.420    0     119.878113      -0.253740
      0.00     -5.00      16.667900       0.310003       0.310003         5       4.0       5.0       0.454818   359.320    79.430     0.820    0     119.862061      -0.254870
      0.00      0.00      12.000000       0.353472       0.353472         5       4.0       5.0       0.454818   357.710    75.520    -0.510    0     119.846001      -0.256000
      0.00      5.00       7.332100       0.362911       0.362911         5       4.0       5.0       0.454818   355.990    75.740    -4.730    0     119.829941      -0.257130
      0.00     10.00       2.664200       0.358574       0.358574         5       4.0       5.0       0.454818   355.200    80.100    -1.940    0     119.813889      -0.258260
      5.00    -15.00      26.003710       0.136594       0.136594         5       4.0       5.0       0.454818   182.710    85.340   -16.810    0     119.891037      -0.207500
      5.00    -10.00      21.335800       0.249093       0.249093         5       4.0       5.0       0.454818     4.750    80.380     7.590    0     119.874977      -0.208630
      5.00     -5.00      16.667900       0.322250       0.322250         5       4.0       5.0       0.454818     1.900    80.840     0.440    0     119.858917      -0.209760
      5.00      0.00      12.000000       0.354481       0.354481         5       4.0       5.0       0.454818   359.310    75.540    -2.680    0     119.842873      -0.210890
      5.00      5.00       7.332100       0.353018       0.353018         5       4.0       5.0       0.454818   357.100    77.960    -6.690    0     119.826813      -0.212020
      5.00     10.00       2.664200       0.346165       0.346165         5       4.0       5.0       0.454818   355.600    80.220    -4.890    0     119.810753      -0.213150
     10.00    -15.00      26.003710       0.142401       0.142401         5       4.0       5.0       0.454818    10.050    87.920     8.450    0     119.887901      -0.162390
     10.00    -10.00      21.335800       0.253590       0.253590         5       4.0       5.0       0.454818     8.210    77.430     5.490    0     119.871849      -0.163520
     10.00     -5.00      16.667900       0.310212       0.310212         5       4.0       5.0       0.454818     3.610    80.590    -1.280    0     119.855789      -0.164650
     10.00      0.00      12.000000       0.324273       0.324273         5       4.0       5.0       0.454818     0.380    79.010    -6.420    0     119.839737      -0.165780
     10.00      5.00       7.332100       0.311020       0.311020         5       4.0       5.0       0.454818   357.650    79.910    -9.880    0     119.823677      -0.166910
     10.00     10.00       2.664200       0.300093       0.300093         5       4.0       5.0       0.454818   355.600    80.230    -8.420    0     119.807617      -0.168040
     15.00    -15.00      26.003710       0.166788       0.166788         5       4.0       5.0       0.454818    12.900    63.710    -5.220    0     119.884773      -0.117280
     15.00    -10.00      21.335800       0.244906       0.244906         5       4.0       5.0       0.454818     8.660    71.020     1.180    0     119.868713      -0.118410
     15.00     -5.00      16.667900       0.264709       0.264709         5       4.0       5.0       0.454818     2.270    77.330    -5.960    0     119.852654      -0.119540
     15.00      0.00      12.000000       0.260809       0.260809         5       4.0       5.0       0.454818   359.880    82.650   -12.270    0     119.836609      -0.120670
     15.00      5.00       7.332100       0.240560       0.240560         5       4.0       5.0       0.454818   357.360    79.560   -15.530    0     119.820549      -0.121800
     15.00     10.00       2.664200       0.224445       0.224445         5       4.0       5.0       0.454818   355.090    79.500   -12.780    0     119.804489      -0.122930
     20.00    -15.00      26.003710       0.186402       0.186402         5       4.0       5.0       0.454818     0.620    39.960    -9.810    0     119.881630      -0.072170
     20.00    -10.00      21.335800       0.208196       0.208196         5       4.0       5.0       0.454818   359.630    60.970   -12.310    0     119.865578      -0.073310
     20.00     -5.00      16.667900       0.178767       0.178767         5       4.0       5.0       0.454818   355.600    74.210   -17.590    0     119.849518      -0.074440
     20.00      0.00      12.000000       0.162858       0.162858         5       4.0       5.0       0.454818   357.620    87.000   -20.220    0     119.833473      -0.075570
     20.00      5.00       7.332100       0.151814       0.151814         5       4.0       5.0       0.454818   355.710    78.950   -25.250    0     119.817421      -0.076700
     20.00     10.00       2.664200       0.134917       0.134917         5       4.0       5.0       0.454818   354.090    77.470   -18.840    0     119.801361      -0.077830
     25.00    -15.00      26.003710       0.042249       0.042249         5       4.0       5.0       0.454818   330.370    45.370   -28.120    0     119.878502      -0.027070
     25.00    -10.00      21.335800       0.101784       0.101784         5       4.0       5.0       0.454818   332.480    56.320   -38.980    0     119.862442      -0.028200
     25.00     -5.00      16.667900       0.054192       0.054192         5       4.0       5.0       0.454818   155.850    40.610   -40.510    0     119.846382      -0.029330
     25.00      0.00      12.000000       0.063333       0.063333         5       4.0       5.0       0.454818     4.820    81.660   -22.870    0     119.830338      -0.030460
     25.00      5.00       7.332100       0.067941       0.067941         5       4.0       5.0       0.454818   185.270    67.950    33.990    0     119.814278      -0.031590
     25.00     10.00       2.664200       0.045174       0.045174         5       4.0       5.0       0.454818   174.610    89.010    29.640    0     119.798233      -0.032720
     30.00    -15.00      26.003710       0.000000       0.000000         5       4.0       5.0       0.454818   180.000    45.000    90.000    0     119.875359       0.018040
     30.00    -10.00      21.335800       0.000000       0.000000         5       4.0       5.0       0.454818   180.000    45.000    90.000    0     119.859306       0.016910
     30.00     -5.00      16.667900       0.000000       0.000000         5       4.0       5.0       0.454818   180.000    45.000    90.000    0     119.843269       0.015780
     30.00      0.00      12.000000       0.000000       0.000000         5       4.0       5.0       0.454818   180.000    45.000    90.000    0     119.827209       0.014650
     30.00      5.00       7.332100       0.000000       0.000000         5       4.0       5.0       0.454818   180.000    45.000    90.000    0     119.811150       0.013520
     30.00     10.00       2.664200       0.000000       0.000000         5       4.0       5.0       0.454818   180.000    45.000    90.000    0     119.795097       0.012390
     35.00    -15.00      26.003710       0.000000       0.000000         5       4.0       5.0       0.454818   180.000    45.000    90.000    0     119.872231       0.063150
     35.00    -10.00      21.335800       0.000000       0.000000         5       4.0       5.0       0.454818   180.000    45.000    90.000    0     119.856171       0.062020
     35.00     -5.00      16.667900       0.000000       0.000000         5       4.0       5.0       0.454818   180.000    45.000    90.000    0     119.840141       0.060890
     35.00      0.00      12.000000       0.000000       0.000000         5       4.0       5.0       0.454818   180.000    45.000    90.000    0     119.824081       0.059760
     35.00      5.00       7.332100       0.000000       0.000000         5       4.0       5.0       0.454818   180.000    45.000    90.000    0     119.808022       0.058630
     35.00     10.00       2.664200       0.000000       0.000000         5       4.0       5.0       0.454818   180.000    45.000    90.000    0     119.791962       0.057500
     40.00    -15.00      26.003710       0.000000       0.000000         5       4.0       5.0       0.454818   180.000    45.000    90.000    0     119.869087       0.108260
     40.00    -10.00      21.335800       0.000000       0.000000         5       4.0       5.0       0.454818   180.000    45.000    90.000    0     119.853043       0.107130
     40.00     -5.00      16.667900       0.000000       0.000000         5       4.0       5.0       0.454818   180.000    45.000    90.000    0     119.836998       0.106000
     40.00      0.00      12.000000       0.000000       0.000000         5       4.0       5.0       0.454818   180.000    45.000    90.000    0     119.820953       0.104870
     40.00      5.00       7.332100       0.000000       0.000000         5       4.0       5.0       0.454818   180.000    45.000    90.000    0     119.804893       0.103740
     40.00     10.00       2.664200       0.000000       0.000000         5       4.0       5.0       0.454818   180.000    45.000    90.000    0     119.788834       0.102610
     45.00    -15.00      26.003710       0.000000       0.000000         5       4.0       5.0       0.454818   180.000    45.000    90.000    0     119.865959       0.153370
     45.00    -10.00      21.335800       0.000000       0.000000         5       4.0       5.0       0.454818   180.000    45.000    90.000    0     119.849899       0.152240
     45.00     -5.00      16.667900       0.000000       0.000000         5       4.0       5.0       0.454818   180.000    45.000    90.000    0     119.833870       0.151110
     45.00      0.00      12.000000       0.000000       0.000000         5       4.0       5.0       0.454818   180.000    45.000    90.000    0     119.817818       0.149980
     45.00      5.00       7.332100       0.000000       0.000000         5       4.0       5.0       0.454818   180.000    45.000    90.000    0     119.801758       0.148850
     45.00     10.00       2.664200       0.000000       0.000000         5       4.0       5.0       0.454818   180.000    45.000    90.000    0     119.785698       0.147720
     50.00    -15.00      26.003710       0.000000       0.000000         5       4.0       5.0       0.454818   180.000    45.000    90.000    0     119.862823       0.198480
     50.00    -10.00      21.335800       0.000000       0.000000         5       4.0       5.0       0.454818   180.000    45.000    90.000    0     119.846771       0.197340
     50.00     -5.00      16.667900       0.000000       0.000000         5       4.0       5.0       0.454818   180.000    45.000    90.000    0     119.830742       0.196210
     50.00      0.00      12.000000       0.000000       0.000000         5       4.0       5.0       0.454818   180.000    45.000    90.000    0     119.814682       0.195080
     50.00      5.00       7.332100       0.000000       0.000000         5       4.0       5.0       0.454818   180.000    45.000    90.000    0     119.798630       0.193950
     50.00     10.00       2.664200       0.000000       0.000000         5       4.0       5.0       0.454818   180.000    45.000    90.000    0     119.782570       0.192820
