      xloc      yloc          depth         ave SR         max SR         #     start       end     max SR all       str       dip      rake flag
   -185.00    -15.00      26.003710       0.000000       0.000000         6       5.0       6.0       0.454818   180.000    45.000    90.000    0     120.010109      -1.921610
   -185.00    -10.00      21.335800       0.000000       0.000000         6       5.0       6.0       0.454818   180.000    45.000    90.000    0     119.994049      -1.922740
   -185.00     -5.00      16.667900       0.000000       0.000000         6       5.0       6.0       0.454818   180.000    45.000    90.000    0     119.977982      -1.923870
   -185.00      0.00      12.000000       0.000000       0.000000         6       5.0       6.0       0.454818   180.000    45.000    90.000    0     119.961922      -1.925000
   -185.00      5.00       7.332100       0.000000       0.000000         6       5.0       6.0       0.454818   180.000    45.000    90.000    0     119.945847      -1.926130
   -185.00     10.00       2.664200       0.000000       0.000000         6       5.0       6.0       0.454818   180.000    45.000    90.000    0     119.929787      -1.927260
   -180.00    -15.00      26.003710       0.000000       0.000000         6       5.0       6.0       0.454818   180.000    45.000    90.000    0     120.006973      -1.876500
   -180.00    -10.00      21.335800       0.000000       0.000000         6       5.0       6.0       0.454818   180.000    45.000    90.000    0     119.990913      -1.877630
   -180.00     -5.00      16.667900       0.000000       0.000000         6       5.0       6.0       0.454818   180.000    45.000    90.000    0     119.974854      -1.878770
   -180.00      0.00      12.000000       0.000000       0.000000         6       5.0       6.0       0.454818   180.000    45.000    90.000    0     119.958778      -1.879900
   -180.00      5.00       7.332100       0.000000       0.000000         6       5.0       6.0       0.454818   180.000    45.000    90.000    0     119.942719      -1.881030
   -180.00     10.00       2.664200       0.000000       0.000000         6       5.0       6.0       0.454818   180.000    45.000    90.000    0     119.926651      -1.882160
   -175.00    -15.00      26.003710       0.000000       0.000000         6       5.0       6.0       0.454818   180.000    45.000    90.000    0     120.003838      -1.831400
   -175.00    -10.00      21.335800       0.000000       0.000000         6       5.0       6.0       0.454818   180.000    45.000    90.000    0     119.987778      -1.832530
   -175.00     -5.00      16.667900       0.000000       0.000000         6       5.0       6.0       0.454818   180.000    45.000    90.000    0     119.971710      -1.833660
   -175.00      0.00      12.000000       0.000000       0.000000         6       5.0       6.0       0.454818   180.000    45.000    90.000    0     119.955650      -1.834790
   -175.00      5.00       7.332100       0.000000       0.000000         6       5.0       6.0       0.454818   180.000    45.000    90.000    0     119.939583      -1.835920
   -175.00     10.00       2.664200       0.000000       0.000000         6       5.0       6.0       0.454818   180.000    45.000    90.000    0     119.923523      -1.837050
   -170.00    -15.00      26.003710       0.000000       0.000000         6       5.0       6.0       0.454818   180.000    45.000    90.000    0     120.000702      -1.786290
   -170.00    -10.00      21.335800       0.000000       0.000000         6       5.0       6.0       0.454818   180.000    45.000    90.000    0     119.984642      -1.787420
   -170.00     -5.00      16.667900       0.000000       0.000000         6       5.0       6.0       0.454818   180.000    45.000    90.000    0     119.968582      -1.788550
   -170.00      0.00      12.000000       0.000000       0.000000         6       5.0       6.0       0.454818   180.000    45.000    90.000    0     119.952507      -1.789680
   -170.00      5.00       7.332100       0.000000       0.000000         6       5.0       6.0       0.454818   180.000    45.000    90.000    0     119.936447      -1.790810
   -170.00     10.00       2.664200       0.000000       0.000000         6       5.0       6.0       0.454818   180.000    45.000    90.000    0     119.920387      -1.791940
   -165.00    -15.00      26.003710       0.000000       0.000000         6       5.0       6.0       0.454818   180.000    45.000    90.000    0     119.997566      -1.741180
   -165.00    -10.00      21.335800       0.000000       0.000000         6       5.0       6.0       0.454818   180.000    45.000    90.000    0     119.981499      -1.742310
   -165.00     -5.00      16.667900       0.000000       0.000000         6       5.0       6.0       0.454818   180.000    45.000    90.000    0     119.965439      -1.743440
   -165.00      0.00      12.000000       0.000000       0.000000         6       5.0       6.0       0.454818   180.000    45.000    90.000    0     119.949379      -1.744570
   -165.00      5.00       7.332100       0.000000       0.000000         6       5.0       6.0       0.454818   180.000    45.000    90.000    0     119.933319      -1.745700
   -165.00     10.00       2.664200       0.000000       0.000000         6       5.0       6.0       0.454818   180.000    45.000    90.000    0     119.917252      -1.746830
   -160.00    -15.00      26.003710       0.000000       0.000000         6       5.0       6.0       0.454818   180.000    45.000    90.000    0     119.994431      -1.696070
   -160.00    -10.00      21.335800       0.000000       0.000000         6       5.0       6.0       0.454818   180.000    45.000    90.000    0     119.978371      -1.697200
   -160.00     -5.00      16.667900       0.000000       0.000000         6       5.0       6.0       0.454818   180.000    45.000    90.000    0     119.962311      -1.698330
   -160.00      0.00      12.000000       0.000000       0.000000         6       5.0       6.0       0.454818   180.000    45.000    90.000    0     119.946243      -1.699460
   -160.00      5.00       7.332100       0.000000       0.000000         6       5.0       6.0       0.454818   180.000    45.000    90.000    0     119.930183      -1.700590
   -160.00     10.00       2.664200       0.000000       0.000000         6       5.0       6.0       0.454818   180.000    45.000    90.000    0     119.914124      -1.701720
   -155.00    -15.00      26.003710       0.000000       0.000000         6       5.0       6.0       0.454818   180.000    45.000    90.000    0     119.991302      -1.650960
   -155.00    -10.00      21.335800       0.000000       0.000000         6       5.0       6.0       0.454818   180.000    45.000    90.000    0     119.975243      -1.652100
   -155.00     -5.00      16.667900       0.000000       0.000000         6       5.0       6.0       0.454818   180.000    45.000    90.000    0     119.959167      -1.653230
   -155.00      0.00      12.000000       0.000000       0.000000         6       5.0       6.0       0.454818   180.000    45.000    90.000    0     119.943108      -1.654360
   -155.00      5.00       7.332100       0.000000       0.000000         6       5.0       6.0       0.454818   180.000    45.000    90.000    0     119.927048      -1.655490
   -155.00     10.00       2.664200       0.000000       0.000000         6       5.0       6.0       0.454818   180.000    45.000    90.000    0     119.910980      -1.656620
   -150.00    -15.00      26.003710       0.000000       0.000000         6       5.0       6.0       0.454818   180.000    45.000    90.000    0     119.988159      -1.605860
   -150.00    -10.00      21.335800       0.000000       0.000000         6       5.0       6.0       0.454818   180.000    45.000    90.000    0     119.972099      -1.606990
   -150.00     -5.00      16.667900       0.000000       0.000000         6       5.0       6.0       0.454818   180.000    45.000    90.000    0     119.956039      -1.608120
   -150.00      0.00      12.000000       0.000000       0.000000         6       5.0       6.0       0.454818   180.000    45.000    90.000    0     119.939980      -1.609250
   -150.00      5.00       7.332100       0.000000       0.000000         6       5.0       6.0       0.454818   180.000    45.000    90.000    0     119.923912      -1.610380
   -150.00     10.00       2.664200       0.000000       0.000000         6       5.0       6.0       0.454818   180.000    45.000    90.000    0     119.907852      -1.611510
   -145.00    -15.00      26.003710       0.000000       0.000000         6       5.0       6.0       0.454818   180.000    45.000    90.000    0     119.985031      -1.560750
   -145.00    -10.00      21.335800       0.000000       0.000000         6       5.0       6.0       0.454818   180.000    45.000    90.000    0     119.968971      -1.561880
   -145.00     -5.00      16.667900       0.000000       0.000000         6       5.0       6.0       0.454818   180.000    45.000    90.000    0     119.952904      -1.563010
   -145.00      0.00      12.000000       0.000000       0.000000         6       5.0       6.0       0.454818   180.000    45.000    90.000    0     119.936836      -1.564140
   -145.00      5.00       7.332100       0.000000       0.000000         6       5.0       6.0       0.454818   180.000    45.000    90.000    0     119.920776      -1.565270
   -145.00     10.00       2.664200       0.000000       0.000000         6       5.0       6.0       0.454818   180.000    45.000    90.000    0     119.904716      -1.566400
   -140.00    -15.00      26.003710       0.000000       0.000000         6       5.0       6.0       0.454818   180.000    45.000    90.000    0     119.981888      -1.515640
   -140.00    -10.00      21.335800       0.000000       0.000000         6       5.0       6.0       0.454818   180.000    45.000    90.000    0     119.965828      -1.516770
   -140.00     -5.00      16.667900       0.000000       0.000000         6       5.0       6.0       0.454818   180.000    45.000    90.000    0     119.949768      -1.517900
   -140.00      0.00      12.000000       0.000000       0.000000         6       5.0       6.0       0.454818   180.000    45.000    90.000    0     119.933708      -1.519030
   -140.00      5.00       7.332100       0.000000       0.000000         6       5.0       6.0       0.454818   180.000    45.000    90.000    0     119.917648      -1.520160
   -140.00     10.00       2.664200       0.000000       0.000000         6       5.0       6.0       0.454818   180.000    45.000    90.000    0     119.901581      -1.521290
   -135.00    -15.00      26.003710       0.000000       0.000000         6       5.0       6.0       0.454818   180.000    45.000    90.000    0     119.978760      -1.470530
   -135.00    -10.00      21.335800       0.000000       0.000000         6       5.0       6.0       0.454818   180.000    45.000    90.000    0     119.962700      -1.471660
   -135.00     -5.00      16.667900       0.000000       0.000000         6       5.0       6.0       0.454818   180.000    45.000    90.000    0     119.946640      -1.472790
   -135.00      0.00      12.000000       0.000000       0.000000         6       5.0       6.0       0.454818   180.000    45.000    90.000    0     119.930573      -1.473920
   -135.00      5.00       7.332100       0.000000       0.000000         6       5.0       6.0       0.454818   180.000    45.000    90.000    0     119.914513      -1.475050
   -135.00     10.00       2.664200       0.000000       0.000000         6       5.0       6.0       0.454818   180.000    45.000    90.000    0     119.898453      -1.476180
   -130.00    -15.00      26.003710       0.000000       0.000000         6       5.0       6.0       0.454818   180.000    45.000    90.000    0     119.975632      -1.425430
   -130.00    -10.00      21.335800       0.000000       0.000000         6       5.0       6.0       0.454818   180.000    45.000    90.000    0     119.959557      -1.426560
   -130.00     -5.00      16.667900       0.000000       0.000000         6       5.0       6.0       0.454818   180.000    45.000    90.000    0     119.943497      -1.427690
   -130.00      0.00      12.000000       0.000000       0.000000         6       5.0       6.0       0.454818   180.000    45.000    90.000    0     119.927437      -1.428820
   -130.00      5.00       7.332100       0.000000       0.000000         6       5.0       6.0       0.454818   180.000    45.000    90.000    0     119.911377      -1.429950
   -130.00     10.00       2.664200       0.000000       0.000000         6       5.0       6.0       0.454818   180.000    45.000    90.000    0     119.895317      -1.431080
   -125.00    -15.00      26.003710       0.000000       0.000000         6       5.0       6.0       0.454818   180.000    45.000    90.000    0     119.972488      -1.380320
   -125.00    -10.00      21.335800       0.000000       0.000000         6       5.0       6.0       0.454818   180.000    45.000    90.000    0     119.956429      -1.381450
   -125.00     -5.00      16.667900       0.000000       0.000000         6       5.0       6.0       0.454818   180.000    45.000    90.000    0     119.940369      -1.382580
   -125.00      0.00      12.000000       0.000000       0.000000         6       5.0       6.0       0.454818   180.000    45.000    90.000    0     119.924309      -1.383710
   -125.00      5.00       7.332100       0.000000       0.000000         6       5.0       6.0       0.454818   180.000    45.000    90.000    0     119.908249      -1.384840
   -125.00     10.00       2.664200       0.000000       0.000000         6       5.0       6.0       0.454818   180.000    45.000    90.000    0     119.892189      -1.385970
   -120.00    -15.00      26.003710       0.000000       0.000000         6       5.0       6.0       0.454818   180.000    45.000    90.000    0     119.969360      -1.335210
   -120.00    -10.00      21.335800       0.000000       0.000000         6       5.0       6.0       0.454818   180.000    45.000    90.000    0     119.953300      -1.336340
   -120.00     -5.00      16.667900       0.000000       0.000000         6       5.0       6.0       0.454818   180.000    45.000    90.000    0     119.937241      -1.337470
   -120.00      0.00      12.000000       0.000000       0.000000         6       5.0       6.0       0.454818   180.000    45.000    90.000    0     119.921173      -1.338600
   -120.00      5.00       7.332100       0.000000       0.000000         6       5.0       6.0       0.454818   180.000    45.000    90.000    0     119.905113      -1.339730
   -120.00     10.00       2.664200       0.000000       0.000000         6       5.0       6.0       0.454818   180.000    45.000    90.000    0     119.889053      -1.340860
   -115.00    -15.00      26.003710       0.000000       0.000000         6       5.0       6.0       0.454818   180.000    45.000    90.000    0     119.966217      -1.290100
   -115.00    -10.00      21.335800       0.000000       0.000000         6       5.0       6.0       0.454818   180.000    45.000    90.000    0     119.950157      -1.291230
   -115.00     -5.00      16.667900       0.000000       0.000000         6       5.0       6.0       0.454818   180.000    45.000    90.000    0     119.934097      -1.292360
   -115.00      0.00      12.000000       0.000000       0.000000         6       5.0       6.0       0.454818   180.000    45.000    90.000    0     119.918037      -1.293490
   -115.00      5.00       7.332100       0.000000       0.000000         6       5.0       6.0       0.454818   180.000    45.000    90.000    0     119.901978      -1.294620
   -115.00     10.00       2.664200       0.000000       0.000000         6       5.0       6.0       0.454818   180.000    45.000    90.000    0     119.885918      -1.295750
   -110.00    -15.00      26.003710       0.000000       0.000000         6       5.0       6.0       0.454818   180.000    45.000    90.000    0     119.963089      -1.244990
   -110.00    -10.00      21.335800       0.000000       0.000000         6       5.0       6.0       0.454818   180.000    45.000    90.000    0     119.947029      -1.246120
   -110.00     -5.00      16.667900       0.000000       0.000000         6       5.0       6.0       0.454818   180.000    45.000    90.000    0     119.930969      -1.247250
   -110.00      0.00      12.000000       0.000000       0.000000         6       5.0       6.0       0.454818   180.000    45.000    90.000    0     119.914909      -1.248380
   -110.00      5.00       7.332100       0.000000       0.000000         6       5.0       6.0       0.454818   180.000    45.000    90.000    0     119.898849      -1.249510
   -110.00     10.00       2.664200       0.000000       0.000000         6       5.0       6.0       0.454818   180.000    45.000    90.000    0     119.882790      -1.250640
   -105.00    -15.00      26.003710       0.000000       0.000000         6       5.0       6.0       0.454818   180.000    45.000    90.000    0     119.959961      -1.199880
   -105.00    -10.00      21.335800       0.000000       0.000000         6       5.0       6.0       0.454818   180.000    45.000    90.000    0     119.943901      -1.201010
   -105.00     -5.00      16.667900       0.000000       0.000000         6       5.0       6.0       0.454818   180.000    45.000    90.000    0     119.927841      -1.202140
   -105.00      0.00      12.000000       0.000000       0.000000         6       5.0       6.0       0.454818   180.000    45.000    90.000    0     119.911774      -1.203270
   -105.00      5.00       7.332100       0.000000       0.000000         6       5.0       6.0       0.454818   180.000    45.000    90.000    0     119.895714      -1.204400
   -105.00     10.00       2.664200       0.000000       0.000000         6       5.0       6.0       0.454818   180.000    45.000    90.000    0     119.879646      -1.205530
   -100.00    -15.00      26.003710       0.000000       0.000000         6       5.0       6.0       0.454818   180.000    45.000    90.000    0     119.956818      -1.154780
   -100.00    -10.00      21.335800       0.000000       0.000000         6       5.0       6.0       0.454818   180.000    45.000    90.000    0     119.940758      -1.155910
   -100.00     -5.00      16.667900       0.000000       0.000000         6       5.0       6.0       0.454818   180.000    45.000    90.000    0     119.924698      -1.157040
   -100.00      0.00      12.000000       0.000000       0.000000         6       5.0       6.0       0.454818   180.000    45.000    90.000    0     119.908638      -1.158170
   -100.00      5.00       7.332100       0.000000       0.000000         6       5.0       6.0       0.454818   180.000    45.000    90.000    0     119.892578      -1.159300
   -100.00     10.00       2.664200       0.000000       0.000000         6       5.0       6.0       0.454818   180.000    45.000    90.000    0     119.876518      -1.160430
    -95.00    -15.00      26.003710       0.000000       0.000000         6       5.0       6.0       0.454818   180.000    45.000    90.000    0     119.953690      -1.109670
    -95.00    -10.00      21.335800       0.000000       0.000000         6       5.0       6.0       0.454818   180.000    45.000    90.000    0     119.937630      -1.110800
    -95.00     -5.00      16.667900       0.000000       0.000000         6       5.0       6.0       0.454818   180.000    45.000    90.000    0     119.921570      -1.111930
    -95.00      0.00      12.000000       0.000000       0.000000         6       5.0       6.0       0.454818   180.000    45.000    90.000    0     119.905510      -1.113060
    -95.00      5.00       7.332100       0.000000       0.000000         6       5.0       6.0       0.454818   180.000    45.000    90.000    0     119.889450      -1.114190
    -95.00     10.00       2.664200       0.000000       0.000000         6       5.0       6.0       0.454818   180.000    45.000    90.000    0     119.873390      -1.115320
    -90.00    -15.00      26.003710       0.000000       0.000000         6       5.0       6.0       0.454818   180.000    45.000    90.000    0     119.950562      -1.064560
    -90.00    -10.00      21.335800       0.000000       0.000000         6       5.0       6.0       0.454818   180.000    45.000    90.000    0     119.934502      -1.065690
    -90.00     -5.00      16.667900       0.000000       0.000000         6       5.0       6.0       0.454818   180.000    45.000    90.000    0     119.918442      -1.066820
    -90.00      0.00      12.000000       0.000000       0.000000         6       5.0       6.0       0.454818   180.000    45.000    90.000    0     119.902382      -1.067950
    -90.00      5.00       7.332100       0.000000       0.000000         6       5.0       6.0       0.454818   180.000    45.000    90.000    0     119.886322      -1.069080
    -90.00     10.00       2.664200       0.000000       0.000000         6       5.0       6.0       0.454818   180.000    45.000    90.000    0     119.870262      -1.070210
    -85.00    -15.00      26.003710       0.000000       0.000000         6       5.0       6.0       0.454818   180.000    45.000    90.000    0     119.947418      -1.019450
    -85.00    -10.00      21.335800       0.000000       0.000000         6       5.0       6.0       0.454818   180.000    45.000    90.000    0     119.931358      -1.020580
    -85.00     -5.00      16.667900       0.000000       0.000000         6       5.0       6.0       0.454818   180.000    45.000    90.000    0     119.915298      -1.021710
    -85.00      0.00      12.000000       0.000000       0.000000         6       5.0       6.0       0.454818   180.000    45.000    90.000    0     119.899239      -1.022840
    -85.00      5.00       7.332100       0.000000       0.000000         6       5.0       6.0       0.454818   180.000    45.000    90.000    0     119.883179      -1.023970
    -85.00     10.00       2.664200       0.000000       0.000000         6       5.0       6.0       0.454818   180.000    45.000    90.000    0     119.867119      -1.025100
    -80.00    -15.00      26.003710       0.000000       0.000000         6       5.0       6.0       0.454818   180.000    45.000    90.000    0     119.944290      -0.974340
    -80.00    -10.00      21.335800       0.000000       0.000000         6       5.0       6.0       0.454818   180.000    45.000    90.000    0     119.928230      -0.975470
    -80.00     -5.00      16.667900       0.000000       0.000000         6       5.0       6.0       0.454818   180.000    45.000    90.000    0     119.912170      -0.976600
    -80.00      0.00      12.000000       0.000000       0.000000         6       5.0       6.0       0.454818   180.000    45.000    90.000    0     119.896111      -0.977730
    -80.00      5.00       7.332100       0.000000       0.000000         6       5.0       6.0       0.454818   180.000    45.000    90.000    0     119.880051      -0.978860
    -80.00     10.00       2.664200       0.000000       0.000000         6       5.0       6.0       0.454818   180.000    45.000    90.000    0     119.863991      -0.979990
    -75.00    -15.00      26.003710       0.000000       0.000000         6       5.0       6.0       0.454818   180.000    45.000    90.000    0     119.941162      -0.929240
    -75.00    -10.00      21.335800       0.000000       0.000000         6       5.0       6.0       0.454818   180.000    45.000    90.000    0     119.925102      -0.930370
    -75.00     -5.00      16.667900       0.000000       0.000000         6       5.0       6.0       0.454818   180.000    45.000    90.000    0     119.909042      -0.931500
    -75.00      0.00      12.000000       0.000000       0.000000         6       5.0       6.0       0.454818   180.000    45.000    90.000    0     119.892982      -0.932630
    -75.00      5.00       7.332100       0.000000       0.000000         6       5.0       6.0       0.454818   180.000    45.000    90.000    0     119.876923      -0.933760
    -75.00     10.00       2.664200       0.000000       0.000000         6       5.0       6.0       0.454818   180.000    45.000    90.000    0     119.860863      -0.934890
    -70.00    -15.00      26.003710       0.000000       0.000000         6       5.0       6.0       0.454818   180.000    45.000    90.000    0     119.938019      -0.884130
    -70.00    -10.00      21.335800       0.000000       0.000000         6       5.0       6.0       0.454818   180.000    45.000    90.000    0     119.921959      -0.885260
    -70.00     -5.00      16.667900       0.000000       0.000000         6       5.0       6.0       0.454818   180.000    45.000    90.000    0     119.905907      -0.886390
    -70.00      0.00      12.000000       0.000000       0.000000         6       5.0       6.0       0.454818   180.000    45.000    90.000    0     119.889847      -0.887520
    -70.00      5.00       7.332100       0.000000       0.000000         6       5.0       6.0       0.454818   180.000    45.000    90.000    0     119.873787      -0.888650
    -70.00     10.00       2.664200       0.000000       0.000000         6       5.0       6.0       0.454818   180.000    45.000    90.000    0     119.857727      -0.889780
    -65.00    -15.00      26.003710       0.000000       0.000000         6       5.0       6.0       0.454818   180.000    45.000    90.000    0     119.934891      -0.839020
    -65.00    -10.00      21.335800       0.000000       0.000000         6       5.0       6.0       0.454818   180.000    45.000    90.000    0     119.918831      -0.840150
    -65.00     -5.00      16.667900       0.000000       0.000000         6       5.0       6.0       0.454818   180.000    45.000    90.000    0     119.902771      -0.841280
    -65.00      0.00      12.000000       0.000000       0.000000         6       5.0       6.0       0.454818   180.000    45.000    90.000    0     119.886711      -0.842410
    -65.00      5.00       7.332100       0.000000       0.000000         6       5.0       6.0       0.454818   180.000    45.000    90.000    0     119.870659      -0.843540
    -65.00     10.00       2.664200       0.000000       0.000000         6       5.0       6.0       0.454818   180.000    45.000    90.000    0     119.854599      -0.844670
    -60.00    -15.00      26.003710       0.000000       0.000000         6       5.0       6.0       0.454818   180.000    45.000    90.000    0     119.931763      -0.793910
    -60.00    -10.00      21.335800       0.000000       0.000000         6       5.0       6.0       0.454818   180.000    45.000    90.000    0     119.915703      -0.795040
    -60.00     -5.00      16.667900       0.000000       0.000000         6       5.0       6.0       0.454818   180.000    45.000    90.000    0     119.899643      -0.796170
    -60.00      0.00      12.000000       0.000000       0.000000         6       5.0       6.0       0.454818   180.000    45.000    90.000    0     119.883583      -0.797300
    -60.00      5.00       7.332100       0.000000       0.000000         6       5.0       6.0       0.454818   180.000    45.000    90.000    0     119.867523      -0.798430
    -60.00     10.00       2.664200       0.000000       0.000000         6       5.0       6.0       0.454818   180.000    45.000    90.000    0     119.851463      -0.799560
    -55.00    -15.00      26.003710       0.000000       0.000000         6       5.0       6.0       0.454818   180.000    45.000    90.000    0     119.928627      -0.748800
    -55.00    -10.00      21.335800       0.000000       0.000000         6       5.0       6.0       0.454818   180.000    45.000    90.000    0     119.912567      -0.749930
    -55.00     -5.00      16.667900       0.000000       0.000000         6       5.0       6.0       0.454818   180.000    45.000    90.000    0     119.896507      -0.751060
    -55.00      0.00      12.000000       0.000000       0.000000         6       5.0       6.0       0.454818   180.000    45.000    90.000    0     119.880447      -0.752190
    -55.00      5.00       7.332100       0.000000       0.000000         6       5.0       6.0       0.454818   180.000    45.000    90.000    0     119.864388      -0.753320
    -55.00     10.00       2.664200       0.000000       0.000000         6       5.0       6.0       0.454818   180.000    45.000    90.000    0     119.848328      -0.754450
    -50.00    -15.00      26.003710       0.000000       0.000000         6       5.0       6.0       0.454818   180.000    45.000    90.000    0     119.925491      -0.703690
    -50.00    -10.00      21.335800       0.000000       0.000000         6       5.0       6.0       0.454818   180.000    45.000    90.000    0     119.909439      -0.704820
    -50.00     -5.00      16.667900       0.000000       0.000000         6       5.0       6.0       0.454818   180.000    45.000    90.000    0     119.893379      -0.705950
    -50.00      0.00      12.000000       0.000000       0.000000         6       5.0       6.0       0.454818   180.000    45.000    90.000    0     119.877319      -0.707080
    -50.00      5.00       7.332100       0.000000       0.000000         6       5.0       6.0       0.454818   180.000    45.000    90.000    0     119.861259      -0.708210
    -50.00     10.00       2.664200       0.000000       0.000000         6       5.0       6.0       0.454818   180.000    45.000    90.000    0     119.845230      -0.709340
    -45.00    -15.00      26.003710       0.000000       0.000000         6       5.0       6.0       0.454818   180.000    45.000    90.000    0     119.922363      -0.658590
    -45.00    -10.00      21.335800       0.000000       0.000000         6       5.0       6.0       0.454818   180.000    45.000    90.000    0     119.906303      -0.659720
    -45.00     -5.00      16.667900       0.000000       0.000000         6       5.0       6.0       0.454818   180.000    45.000    90.000    0     119.890244      -0.660850
    -45.00      0.00      12.000000       0.000000       0.000000         6       5.0       6.0       0.454818   180.000    45.000    90.000    0     119.874191      -0.661980
    -45.00      5.00       7.332100       0.000000       0.000000         6       5.0       6.0       0.454818   180.000    45.000    90.000    0     119.858131      -0.663110
    -45.00     10.00       2.664200       0.000000       0.000000         6       5.0       6.0       0.454818   180.000    45.000    90.000    0     119.842102      -0.664240
    -40.00    -15.00      26.003710       0.000000       0.000000         6       5.0       6.0       0.454818   180.000    45.000    90.000    0     119.919228      -0.613480
    -40.00    -10.00      21.335800       0.000000       0.000000         6       5.0       6.0       0.454818   180.000    45.000    90.000    0     119.903168      -0.614610
    -40.00     -5.00      16.667900       0.000000       0.000000         6       5.0       6.0       0.454818   180.000    45.000    90.000    0     119.887108      -0.615740
    -40.00      0.00      12.000000       0.000000       0.000000         6       5.0       6.0       0.454818   180.000    45.000    90.000    0     119.871048      -0.616870
    -40.00      5.00       7.332100       0.000000       0.000000         6       5.0       6.0       0.454818   180.000    45.000    90.000    0     119.855003      -0.618000
    -40.00     10.00       2.664200       0.000000       0.000000         6       5.0       6.0       0.454818   180.000    45.000    90.000    0     119.838959      -0.619130
    -35.00    -15.00      26.003710       0.000000       0.000000         6       5.0       6.0       0.454818   180.000    45.000    90.000    0     119.916100      -0.568370
    -35.00    -10.00      21.335800       0.000000       0.000000         6       5.0       6.0       0.454818   180.000    45.000    90.000    0     119.900040      -0.569500
    -35.00     -5.00      16.667900       0.000000       0.000000         6       5.0       6.0       0.454818   180.000    45.000    90.000    0     119.883980      -0.570630
    -35.00      0.00      12.000000       0.000000       0.000000         6       5.0       6.0       0.454818   180.000    45.000    90.000    0     119.867920      -0.571760
    -35.00      5.00       7.332100       0.000000       0.000000         6       5.0       6.0       0.454818   180.000    45.000    90.000    0     119.851860      -0.572890
    -35.00     10.00       2.664200       0.000000       0.000000         6       5.0       6.0       0.454818   180.000    45.000    90.000    0     119.835831      -0.574020
    -30.00    -15.00      26.003710       0.040569       0.040569         6       5.0       6.0       0.454818   205.030    62.370    91.840    0     119.912956      -0.523260
    -30.00    -10.00      21.335800       0.046628       0.046628         6       5.0       6.0       0.454818    56.560    30.600    70.190    1     119.896912      -0.524390
    -30.00     -5.00      16.667900       0.057617       0.057617         6       5.0       6.0       0.454818    29.150    46.180    27.950    0     119.880852      -0.525520
    -30.00      0.00      12.000000       0.065777       0.065777         6       5.0       6.0       0.454818    14.910    89.890    48.920    0     119.864792      -0.526650
    -30.00      5.00       7.332100       0.076313       0.076313         6       5.0       6.0       0.454818    29.150    62.940    46.810    0     119.848732      -0.527780
    -30.00     10.00       2.664200       0.048805       0.048805         6       5.0       6.0       0.454818     2.280    83.550    38.540    0     119.832687      -0.528910
    -25.00    -15.00      26.003710       0.063680       0.063680         6       5.0       6.0       0.454818   187.590    64.020    57.900    0     119.909828      -0.478150
    -25.00    -10.00      21.335800       0.096291       0.096291         6       5.0       6.0       0.454818    21.630    48.350    50.330    0     119.893768      -0.479280
    -25.00     -5.00      16.667900       0.147867       0.147867         6       5.0       6.0       0.454818    11.850    69.520    36.400    0     119.877724      -0.480410
    -25.00      0.00      12.000000       0.191141       0.191141         6       5.0       6.0       0.454818    16.420    75.530    44.850    0     119.861656      -0.481540
    -25.00      5.00       7.332100       0.145692       0.145692         6       5.0       6.0       0.454818    18.160    72.630    37.410    0     119.845619      -0.482670
    -25.00     10.00       2.664200       0.126698       0.126698         6       5.0       6.0       0.454818     1.780    85.180    28.390    0     119.829559      -0.483800
    -20.00    -15.00      26.003710       0.087829       0.087829         6       5.0       6.0       0.454818   196.670    53.380    53.090    0     119.906700      -0.433040
    -20.00    -10.00      21.335800       0.152130       0.152130         6       5.0       6.0       0.454818    15.150    56.010    43.300    0     119.890640      -0.434170
    -20.00     -5.00      16.667900       0.213148       0.213148         6       5.0       6.0       0.454818     7.660    69.330    31.000    0     119.874580      -0.435300
    -20.00      0.00      12.000000       0.235163       0.235163         6       5.0       6.0       0.454818     7.430    74.870    32.270    0     119.858528      -0.436430
    -20.00      5.00       7.332100       0.202793       0.202793         6       5.0       6.0       0.454818     5.590    73.940    18.790    0     119.842484      -0.437560
    -20.00     10.00       2.664200       0.203277       0.203277         6       5.0       6.0       0.454818   358.690    80.880    16.940    0     119.826424      -0.438690
    -15.00    -15.00      26.003710       0.104544       0.104544         6       5.0       6.0       0.454818    15.100    53.840    46.150    0     119.903572      -0.387940
    -15.00    -10.00      21.335800       0.207632       0.207632         6       5.0       6.0       0.454818     5.390    65.310    26.450    0     119.887512      -0.389070
    -15.00     -5.00      16.667900       0.263036       0.263036         6       5.0       6.0       0.454818     3.440    72.970    22.770    0     119.871452      -0.390200
    -15.00      0.00      12.000000       0.277682       0.277682         6       5.0       6.0       0.454818     2.850    74.000    19.560    0     119.855392      -0.391330
    -15.00      5.00       7.332100       0.275835       0.275835         6       5.0       6.0       0.454818     0.340    71.890     8.760    0     119.839348      -0.392460
    -15.00     10.00       2.664200       0.280403       0.280403         6       5.0       6.0       0.454818   357.390    76.820     8.690    0     119.823288      -0.393590
    -10.00    -15.00      26.003710       0.134165       0.134165         6       5.0       6.0       0.454818     3.240    65.970    22.860    0     119.900436      -0.342830
    -10.00    -10.00      21.335800       0.251584       0.251584         6       5.0       6.0       0.454818     2.140    70.640    18.850    0     119.884377      -0.343960
    -10.00     -5.00      16.667900       0.311053       0.311053         6       5.0       6.0       0.454818     1.250    77.110    15.970    0     119.868317      -0.345090
    -10.00      0.00      12.000000       0.329432       0.329432         6       5.0       6.0       0.454818     0.360    75.590    12.020    0     119.852257      -0.346220
    -10.00      5.00       7.332100       0.339902       0.339902         6       5.0       6.0       0.454818   358.520    74.560     5.670    0     119.836212      -0.347350
    -10.00     10.00       2.664200       0.344510       0.344510         6       5.0       6.0       0.454818   356.680    76.840     4.360    0     119.820152      -0.348480
     -5.00    -15.00      26.003710       0.149745       0.149745         6       5.0       6.0       0.454818     3.680    69.890    20.340    0     119.897301      -0.297720
     -5.00    -10.00      21.335800       0.275813       0.275813         6       5.0       6.0       0.454818     2.260    74.080    15.210    0     119.881248      -0.298850
     -5.00     -5.00      16.667900       0.344777       0.344777         6       5.0       6.0       0.454818     1.140    78.450    10.290    0     119.865189      -0.299980
     -5.00      0.00      12.000000       0.368572       0.368572         6       5.0       6.0       0.454818   359.420    78.210     5.580    0     119.849129      -0.301110
     -5.00      5.00       7.332100       0.380988       0.380988         6       5.0       6.0       0.454818   357.670    77.870     2.670    0     119.833076      -0.302240
     -5.00     10.00       2.664200       0.386717       0.386717         6       5.0       6.0       0.454818   356.220    77.620     0.460    0     119.817017      -0.303370
      0.00    -15.00      26.003710       0.164792       0.164792         6       5.0       6.0       0.454818     7.170    70.110    21.320    0     119.894173      -0.252610
      0.00    -10.00      21.335800       0.292241       0.292241         6       5.0       6.0       0.454818     2.820    75.420    12.660    0     119.878113      -0.253740
      0.00     -5.00      16.667900       0.366877       0.366877         6       5.0       6.0       0.454818     1.410    78.440     5.910    0     119.862061      -0.254870
      0.00      0.00      12.000000       0.394304       0.394304         6       5.0       6.0       0.454818   359.690    79.840     0.460    0     119.846001      -0.256000
      0.00      5.00       7.332100       0.400379       0.400379         6       5.0       6.0       0.454818   357.840    79.170    -0.840    0     119.829941      -0.257130
      0.00     10.00       2.664200       0.403622       0.403622         6       5.0       6.0       0.454818   356.220    78.000    -3.320    0     119.813889      -0.258260
      5.00    -15.00      26.003710       0.184200       0.184200         6       5.0       6.0       0.454818    11.630    64.470    20.250    0     119.891037      -0.207500
      5.00    -10.00      21.335800       0.301654       0.301654         6       5.0       6.0       0.454818     5.410    73.760    11.940    0     119.874977      -0.208630
      5.00     -5.00      16.667900       0.366250       0.366250         6       5.0       6.0       0.454818     2.370    80.220     2.180    0     119.858917      -0.209760
      5.00      0.00      12.000000       0.395556       0.395556         6       5.0       6.0       0.454818     0.030    81.970    -4.010    0     119.842873      -0.210890
      5.00      5.00       7.332100       0.393213       0.393213         6       5.0       6.0       0.454818   358.070    79.990    -5.390    0     119.826813      -0.212020
      5.00     10.00       2.664200       0.391544       0.391544         6       5.0       6.0       0.454818   356.190    78.900    -7.340    0     119.810753      -0.213150
     10.00    -15.00      26.003710       0.199669       0.199669         6       5.0       6.0       0.454818    13.460    56.520    15.470    0     119.887901      -0.162390
     10.00    -10.00      21.335800       0.294773       0.294773         6       5.0       6.0       0.454818     6.790    71.220     9.000    0     119.871849      -0.163520
     10.00     -5.00      16.667900       0.344145       0.344145         6       5.0       6.0       0.454818     2.880    80.600    -1.470    0     119.855789      -0.164650
     10.00      0.00      12.000000       0.367910       0.367910         6       5.0       6.0       0.454818     0.250    83.260    -8.340    0     119.839737      -0.165780
     10.00      5.00       7.332100       0.361895       0.361895         6       5.0       6.0       0.454818   357.870    80.060   -12.090    0     119.823677      -0.166910
     10.00     10.00       2.664200       0.351977       0.351977         6       5.0       6.0       0.454818   355.660    79.340   -12.430    0     119.807617      -0.168040
     15.00    -15.00      26.003710       0.200238       0.200238         6       5.0       6.0       0.454818     6.860    47.890     3.760    0     119.884773      -0.117280
     15.00    -10.00      21.335800       0.269543       0.269543         6       5.0       6.0       0.454818     4.720    64.930    -0.070    0     119.868713      -0.118410
     15.00     -5.00      16.667900       0.293559       0.293559         6       5.0       6.0       0.454818     2.050    81.140    -7.540    0     119.852654      -0.119540
     15.00      0.00      12.000000       0.308322       0.308322         6       5.0       6.0       0.454818   359.730    83.880   -13.150    0     119.836609      -0.120670
     15.00      5.00       7.332100       0.305947       0.305947         6       5.0       6.0       0.454818   356.990    80.600   -19.650    0     119.820549      -0.121800
     15.00     10.00       2.664200       0.287762       0.287762         6       5.0       6.0       0.454818   354.340    78.720   -18.220    0     119.804489      -0.122930
     20.00    -15.00      26.003710       0.180419       0.180419         6       5.0       6.0       0.454818   353.660    45.680    -9.820    0     119.881630      -0.072170
     20.00    -10.00      21.335800       0.216263       0.216263         6       5.0       6.0       0.454818   357.750    59.860   -13.280    0     119.865578      -0.073310
     20.00     -5.00      16.667900       0.212904       0.212904         6       5.0       6.0       0.454818   359.540    82.150   -15.370    0     119.849518      -0.074440
     20.00      0.00      12.000000       0.222860       0.222860         6       5.0       6.0       0.454818   358.540    84.370   -19.250    0     119.833473      -0.075570
     20.00      5.00       7.332100       0.225200       0.225200         6       5.0       6.0       0.454818   356.240    83.540   -27.510    0     119.817421      -0.076700
     20.00     10.00       2.664200       0.205899       0.205899         6       5.0       6.0       0.454818   352.140    78.570   -24.890    0     119.801361      -0.077830
     25.00    -15.00      26.003710       0.153978       0.153978         6       5.0       6.0       0.454818   329.960    53.700   -34.300    0     119.878502      -0.027070
     25.00    -10.00      21.335800       0.134910       0.134910         6       5.0       6.0       0.454818   334.880    52.280   -43.690    0     119.862442      -0.028200
     25.00     -5.00      16.667900       0.113393       0.113393         6       5.0       6.0       0.454818   351.200    72.200   -30.960    0     119.846382      -0.029330
     25.00      0.00      12.000000       0.120093       0.120093         6       5.0       6.0       0.454818   357.360    86.080   -22.010    0     119.830338      -0.030460
     25.00      5.00       7.332100       0.132933       0.132933         6       5.0       6.0       0.454818   176.500    88.440    35.080    0     119.814278      -0.031590
     25.00     10.00       2.664200       0.116797       0.116797         6       5.0       6.0       0.454818   349.710    82.480   -32.380    0     119.798233      -0.032720
     30.00    -15.00      26.003710       0.068369       0.068369         6       5.0       6.0       0.454818   329.590    70.820   -53.480    0     119.875359       0.018040
     30.00    -10.00      21.335800       0.051251       0.051251         6       5.0       6.0       0.454818   134.320    54.940   -57.300    0     119.859306       0.016910
     30.00     -5.00      16.667900       0.053444       0.053444         6       5.0       6.0       0.454818   101.580    16.320   139.200    1     119.843269       0.015780
     30.00      0.00      12.000000       0.038015       0.038015         6       5.0       6.0       0.454818   172.610    53.910    17.250    0     119.827209       0.014650
     30.00      5.00       7.332100       0.037011       0.037011         6       5.0       6.0       0.454818   334.880    68.630   -47.050    0     119.811150       0.013520
     30.00     10.00       2.664200       0.036205       0.036205         6       5.0       6.0       0.454818   333.120    65.070   -41.000    0     119.795097       0.012390
     35.00    -15.00      26.003710       0.000000       0.000000         6       5.0       6.0       0.454818   180.000    45.000    90.000    0     119.872231       0.063150
     35.00    -10.00      21.335800       0.000000       0.000000         6       5.0       6.0       0.454818   180.000    45.000    90.000    0     119.856171       0.062020
     35.00     -5.00      16.667900       0.000000       0.000000         6       5.0       6.0       0.454818   180.000    45.000    90.000    0     119.840141       0.060890
     35.00      0.00      12.000000       0.000000       0.000000         6       5.0       6.0       0.454818   180.000    45.000    90.000    0     119.824081       0.059760
     35.00      5.00       7.332100       0.000000       0.000000         6       5.0       6.0       0.454818   180.000    45.000    90.000    0     119.808022       0.058630
     35.00     10.00       2.664200       0.000000       0.000000         6       5.0       6.0       0.454818   180.000    45.000    90.000    0     119.791962       0.057500
     40.00    -15.00      26.003710       0.000000       0.000000         6       5.0       6.0       0.454818   180.000    45.000    90.000    0     119.869087       0.108260
     40.00    -10.00      21.335800       0.000000       0.000000         6       5.0       6.0       0.454818   180.000    45.000    90.000    0     119.853043       0.107130
     40.00     -5.00      16.667900       0.000000       0.000000         6       5.0       6.0       0.454818   180.000    45.000    90.000    0     119.836998       0.106000
     40.00      0.00      12.000000       0.000000       0.000000         6       5.0       6.0       0.454818   180.000    45.000    90.000    0     119.820953       0.104870
     40.00      5.00       7.332100       0.000000       0.000000         6       5.0       6.0       0.454818   180.000    45.000    90.000    0     119.804893       0.103740
     40.00     10.00       2.664200       0.000000       0.000000         6       5.0       6.0       0.454818   180.000    45.000    90.000    0     119.788834       0.102610
     45.00    -15.00      26.003710       0.000000       0.000000         6       5.0       6.0       0.454818   180.000    45.000    90.000    0     119.865959       0.153370
     45.00    -10.00      21.335800       0.000000       0.000000         6       5.0       6.0       0.454818   180.000    45.000    90.000    0     119.849899       0.152240
     45.00     -5.00      16.667900       0.000000       0.000000         6       5.0       6.0       0.454818   180.000    45.000    90.000    0     119.833870       0.151110
     45.00      0.00      12.000000       0.000000       0.000000         6       5.0       6.0       0.454818   180.000    45.000    90.000    0     119.817818       0.149980
     45.00      5.00       7.332100       0.000000       0.000000         6       5.0       6.0       0.454818   180.000    45.000    90.000    0     119.801758       0.148850
     45.00     10.00       2.664200       0.000000       0.000000         6       5.0       6.0       0.454818   180.000    45.000    90.000    0     119.785698       0.147720
     50.00    -15.00      26.003710       0.000000       0.000000         6       5.0       6.0       0.454818   180.000    45.000    90.000    0     119.862823       0.198480
     50.00    -10.00      21.335800       0.000000       0.000000         6       5.0       6.0       0.454818   180.000    45.000    90.000    0     119.846771       0.197340
     50.00     -5.00      16.667900       0.000000       0.000000         6       5.0       6.0       0.454818   180.000    45.000    90.000    0     119.830742       0.196210
     50.00      0.00      12.000000       0.000000       0.000000         6       5.0       6.0       0.454818   180.000    45.000    90.000    0     119.814682       0.195080
     50.00      5.00       7.332100       0.000000       0.000000         6       5.0       6.0       0.454818   180.000    45.000    90.000    0     119.798630       0.193950
     50.00     10.00       2.664200       0.000000       0.000000         6       5.0       6.0       0.454818   180.000    45.000    90.000    0     119.782570       0.192820
