      xloc      yloc          depth         ave SR         max SR         #     start       end     max SR all       str       dip      rake flag
   -185.00    -15.00      26.003710       0.000000       0.000000        14      13.0      14.0       0.454818   180.000    45.000    90.000    0     120.010109      -1.921610
   -185.00    -10.00      21.335800       0.000000       0.000000        14      13.0      14.0       0.454818   180.000    45.000    90.000    0     119.994049      -1.922740
   -185.00     -5.00      16.667900       0.000000       0.000000        14      13.0      14.0       0.454818   180.000    45.000    90.000    0     119.977982      -1.923870
   -185.00      0.00      12.000000       0.000000       0.000000        14      13.0      14.0       0.454818   180.000    45.000    90.000    0     119.961922      -1.925000
   -185.00      5.00       7.332100       0.000000       0.000000        14      13.0      14.0       0.454818   180.000    45.000    90.000    0     119.945847      -1.926130
   -185.00     10.00       2.664200       0.000000       0.000000        14      13.0      14.0       0.454818   180.000    45.000    90.000    0     119.929787      -1.927260
   -180.00    -15.00      26.003710       0.000000       0.000000        14      13.0      14.0       0.454818   180.000    45.000    90.000    0     120.006973      -1.876500
   -180.00    -10.00      21.335800       0.000000       0.000000        14      13.0      14.0       0.454818   180.000    45.000    90.000    0     119.990913      -1.877630
   -180.00     -5.00      16.667900       0.000000       0.000000        14      13.0      14.0       0.454818   180.000    45.000    90.000    0     119.974854      -1.878770
   -180.00      0.00      12.000000       0.000000       0.000000        14      13.0      14.0       0.454818   180.000    45.000    90.000    0     119.958778      -1.879900
   -180.00      5.00       7.332100       0.000000       0.000000        14      13.0      14.0       0.454818   180.000    45.000    90.000    0     119.942719      -1.881030
   -180.00     10.00       2.664200       0.000000       0.000000        14      13.0      14.0       0.454818   180.000    45.000    90.000    0     119.926651      -1.882160
   -175.00    -15.00      26.003710       0.000000       0.000000        14      13.0      14.0       0.454818   180.000    45.000    90.000    0     120.003838      -1.831400
   -175.00    -10.00      21.335800       0.000000       0.000000        14      13.0      14.0       0.454818   180.000    45.000    90.000    0     119.987778      -1.832530
   -175.00     -5.00      16.667900       0.000000       0.000000        14      13.0      14.0       0.454818   180.000    45.000    90.000    0     119.971710      -1.833660
   -175.00      0.00      12.000000       0.000000       0.000000        14      13.0      14.0       0.454818   180.000    45.000    90.000    0     119.955650      -1.834790
   -175.00      5.00       7.332100       0.000000       0.000000        14      13.0      14.0       0.454818   180.000    45.000    90.000    0     119.939583      -1.835920
   -175.00     10.00       2.664200       0.000000       0.000000        14      13.0      14.0       0.454818   180.000    45.000    90.000    0     119.923523      -1.837050
   -170.00    -15.00      26.003710       0.000000       0.000000        14      13.0      14.0       0.454818   180.000    45.000    90.000    0     120.000702      -1.786290
   -170.00    -10.00      21.335800       0.000000       0.000000        14      13.0      14.0       0.454818   180.000    45.000    90.000    0     119.984642      -1.787420
   -170.00     -5.00      16.667900       0.000000       0.000000        14      13.0      14.0       0.454818   180.000    45.000    90.000    0     119.968582      -1.788550
   -170.00      0.00      12.000000       0.000000       0.000000        14      13.0      14.0       0.454818   180.000    45.000    90.000    0     119.952507      -1.789680
   -170.00      5.00       7.332100       0.000000       0.000000        14      13.0      14.0       0.454818   180.000    45.000    90.000    0     119.936447      -1.790810
   -170.00     10.00       2.664200       0.000000       0.000000        14      13.0      14.0       0.454818   180.000    45.000    90.000    0     119.920387      -1.791940
   -165.00    -15.00      26.003710       0.000000       0.000000        14      13.0      14.0       0.454818   180.000    45.000    90.000    0     119.997566      -1.741180
   -165.00    -10.00      21.335800       0.000000       0.000000        14      13.0      14.0       0.454818   180.000    45.000    90.000    0     119.981499      -1.742310
   -165.00     -5.00      16.667900       0.000000       0.000000        14      13.0      14.0       0.454818   180.000    45.000    90.000    0     119.965439      -1.743440
   -165.00      0.00      12.000000       0.000000       0.000000        14      13.0      14.0       0.454818   180.000    45.000    90.000    0     119.949379      -1.744570
   -165.00      5.00       7.332100       0.000000       0.000000        14      13.0      14.0       0.454818   180.000    45.000    90.000    0     119.933319      -1.745700
   -165.00     10.00       2.664200       0.000000       0.000000        14      13.0      14.0       0.454818   180.000    45.000    90.000    0     119.917252      -1.746830
   -160.00    -15.00      26.003710       0.000000       0.000000        14      13.0      14.0       0.454818   180.000    45.000    90.000    0     119.994431      -1.696070
   -160.00    -10.00      21.335800       0.000000       0.000000        14      13.0      14.0       0.454818   180.000    45.000    90.000    0     119.978371      -1.697200
   -160.00     -5.00      16.667900       0.000000       0.000000        14      13.0      14.0       0.454818   180.000    45.000    90.000    0     119.962311      -1.698330
   -160.00      0.00      12.000000       0.000000       0.000000        14      13.0      14.0       0.454818   180.000    45.000    90.000    0     119.946243      -1.699460
   -160.00      5.00       7.332100       0.000000       0.000000        14      13.0      14.0       0.454818   180.000    45.000    90.000    0     119.930183      -1.700590
   -160.00     10.00       2.664200       0.000000       0.000000        14      13.0      14.0       0.454818   180.000    45.000    90.000    0     119.914124      -1.701720
   -155.00    -15.00      26.003710       0.000000       0.000000        14      13.0      14.0       0.454818   180.000    45.000    90.000    0     119.991302      -1.650960
   -155.00    -10.00      21.335800       0.000000       0.000000        14      13.0      14.0       0.454818   180.000    45.000    90.000    0     119.975243      -1.652100
   -155.00     -5.00      16.667900       0.000000       0.000000        14      13.0      14.0       0.454818   180.000    45.000    90.000    0     119.959167      -1.653230
   -155.00      0.00      12.000000       0.000000       0.000000        14      13.0      14.0       0.454818   180.000    45.000    90.000    0     119.943108      -1.654360
   -155.00      5.00       7.332100       0.000000       0.000000        14      13.0      14.0       0.454818   180.000    45.000    90.000    0     119.927048      -1.655490
   -155.00     10.00       2.664200       0.000000       0.000000        14      13.0      14.0       0.454818   180.000    45.000    90.000    0     119.910980      -1.656620
   -150.00    -15.00      26.003710       0.000000       0.000000        14      13.0      14.0       0.454818   180.000    45.000    90.000    0     119.988159      -1.605860
   -150.00    -10.00      21.335800       0.000000       0.000000        14      13.0      14.0       0.454818   180.000    45.000    90.000    0     119.972099      -1.606990
   -150.00     -5.00      16.667900       0.000000       0.000000        14      13.0      14.0       0.454818   180.000    45.000    90.000    0     119.956039      -1.608120
   -150.00      0.00      12.000000       0.000000       0.000000        14      13.0      14.0       0.454818   180.000    45.000    90.000    0     119.939980      -1.609250
   -150.00      5.00       7.332100       0.000000       0.000000        14      13.0      14.0       0.454818   180.000    45.000    90.000    0     119.923912      -1.610380
   -150.00     10.00       2.664200       0.000000       0.000000        14      13.0      14.0       0.454818   180.000    45.000    90.000    0     119.907852      -1.611510
   -145.00    -15.00      26.003710       0.000000       0.000000        14      13.0      14.0       0.454818   180.000    45.000    90.000    0     119.985031      -1.560750
   -145.00    -10.00      21.335800       0.000000       0.000000        14      13.0      14.0       0.454818   180.000    45.000    90.000    0     119.968971      -1.561880
   -145.00     -5.00      16.667900       0.000000       0.000000        14      13.0      14.0       0.454818   180.000    45.000    90.000    0     119.952904      -1.563010
   -145.00      0.00      12.000000       0.000000       0.000000        14      13.0      14.0       0.454818   180.000    45.000    90.000    0     119.936836      -1.564140
   -145.00      5.00       7.332100       0.000000       0.000000        14      13.0      14.0       0.454818   180.000    45.000    90.000    0     119.920776      -1.565270
   -145.00     10.00       2.664200       0.000000       0.000000        14      13.0      14.0       0.454818   180.000    45.000    90.000    0     119.904716      -1.566400
   -140.00    -15.00      26.003710       0.000000       0.000000        14      13.0      14.0       0.454818   180.000    45.000    90.000    0     119.981888      -1.515640
   -140.00    -10.00      21.335800       0.000000       0.000000        14      13.0      14.0       0.454818   180.000    45.000    90.000    0     119.965828      -1.516770
   -140.00     -5.00      16.667900       0.000000       0.000000        14      13.0      14.0       0.454818   180.000    45.000    90.000    0     119.949768      -1.517900
   -140.00      0.00      12.000000       0.000000       0.000000        14      13.0      14.0       0.454818   180.000    45.000    90.000    0     119.933708      -1.519030
   -140.00      5.00       7.332100       0.000000       0.000000        14      13.0      14.0       0.454818   180.000    45.000    90.000    0     119.917648      -1.520160
   -140.00     10.00       2.664200       0.000000       0.000000        14      13.0      14.0       0.454818   180.000    45.000    90.000    0     119.901581      -1.521290
   -135.00    -15.00      26.003710       0.000000       0.000000        14      13.0      14.0       0.454818   180.000    45.000    90.000    0     119.978760      -1.470530
   -135.00    -10.00      21.335800       0.000000       0.000000        14      13.0      14.0       0.454818   180.000    45.000    90.000    0     119.962700      -1.471660
   -135.00     -5.00      16.667900       0.000000       0.000000        14      13.0      14.0       0.454818   180.000    45.000    90.000    0     119.946640      -1.472790
   -135.00      0.00      12.000000       0.000000       0.000000        14      13.0      14.0       0.454818   180.000    45.000    90.000    0     119.930573      -1.473920
   -135.00      5.00       7.332100       0.000000       0.000000        14      13.0      14.0       0.454818   180.000    45.000    90.000    0     119.914513      -1.475050
   -135.00     10.00       2.664200       0.000000       0.000000        14      13.0      14.0       0.454818   180.000    45.000    90.000    0     119.898453      -1.476180
   -130.00    -15.00      26.003710       0.000000       0.000000        14      13.0      14.0       0.454818   180.000    45.000    90.000    0     119.975632      -1.425430
   -130.00    -10.00      21.335800       0.000000       0.000000        14      13.0      14.0       0.454818   180.000    45.000    90.000    0     119.959557      -1.426560
   -130.00     -5.00      16.667900       0.000000       0.000000        14      13.0      14.0       0.454818   180.000    45.000    90.000    0     119.943497      -1.427690
   -130.00      0.00      12.000000       0.000000       0.000000        14      13.0      14.0       0.454818   180.000    45.000    90.000    0     119.927437      -1.428820
   -130.00      5.00       7.332100       0.000000       0.000000        14      13.0      14.0       0.454818   180.000    45.000    90.000    0     119.911377      -1.429950
   -130.00     10.00       2.664200       0.000000       0.000000        14      13.0      14.0       0.454818   180.000    45.000    90.000    0     119.895317      -1.431080
   -125.00    -15.00      26.003710       0.000000       0.000000        14      13.0      14.0       0.454818   180.000    45.000    90.000    0     119.972488      -1.380320
   -125.00    -10.00      21.335800       0.000000       0.000000        14      13.0      14.0       0.454818   180.000    45.000    90.000    0     119.956429      -1.381450
   -125.00     -5.00      16.667900       0.000000       0.000000        14      13.0      14.0       0.454818   180.000    45.000    90.000    0     119.940369      -1.382580
   -125.00      0.00      12.000000       0.000000       0.000000        14      13.0      14.0       0.454818   180.000    45.000    90.000    0     119.924309      -1.383710
   -125.00      5.00       7.332100       0.000000       0.000000        14      13.0      14.0       0.454818   180.000    45.000    90.000    0     119.908249      -1.384840
   -125.00     10.00       2.664200       0.000000       0.000000        14      13.0      14.0       0.454818   180.000    45.000    90.000    0     119.892189      -1.385970
   -120.00    -15.00      26.003710       0.000000       0.000000        14      13.0      14.0       0.454818   180.000    45.000    90.000    0     119.969360      -1.335210
   -120.00    -10.00      21.335800       0.000000       0.000000        14      13.0      14.0       0.454818   180.000    45.000    90.000    0     119.953300      -1.336340
   -120.00     -5.00      16.667900       0.000000       0.000000        14      13.0      14.0       0.454818   180.000    45.000    90.000    0     119.937241      -1.337470
   -120.00      0.00      12.000000       0.000000       0.000000        14      13.0      14.0       0.454818   180.000    45.000    90.000    0     119.921173      -1.338600
   -120.00      5.00       7.332100       0.000000       0.000000        14      13.0      14.0       0.454818   180.000    45.000    90.000    0     119.905113      -1.339730
   -120.00     10.00       2.664200       0.000000       0.000000        14      13.0      14.0       0.454818   180.000    45.000    90.000    0     119.889053      -1.340860
   -115.00    -15.00      26.003710       0.000000       0.000000        14      13.0      14.0       0.454818   180.000    45.000    90.000    0     119.966217      -1.290100
   -115.00    -10.00      21.335800       0.000000       0.000000        14      13.0      14.0       0.454818   180.000    45.000    90.000    0     119.950157      -1.291230
   -115.00     -5.00      16.667900       0.000000       0.000000        14      13.0      14.0       0.454818   180.000    45.000    90.000    0     119.934097      -1.292360
   -115.00      0.00      12.000000       0.000000       0.000000        14      13.0      14.0       0.454818   180.000    45.000    90.000    0     119.918037      -1.293490
   -115.00      5.00       7.332100       0.000000       0.000000        14      13.0      14.0       0.454818   180.000    45.000    90.000    0     119.901978      -1.294620
   -115.00     10.00       2.664200       0.000000       0.000000        14      13.0      14.0       0.454818   180.000    45.000    90.000    0     119.885918      -1.295750
   -110.00    -15.00      26.003710       0.000000       0.000000        14      13.0      14.0       0.454818   180.000    45.000    90.000    0     119.963089      -1.244990
   -110.00    -10.00      21.335800       0.000000       0.000000        14      13.0      14.0       0.454818   180.000    45.000    90.000    0     119.947029      -1.246120
   -110.00     -5.00      16.667900       0.000000       0.000000        14      13.0      14.0       0.454818   180.000    45.000    90.000    0     119.930969      -1.247250
   -110.00      0.00      12.000000       0.000000       0.000000        14      13.0      14.0       0.454818   180.000    45.000    90.000    0     119.914909      -1.248380
   -110.00      5.00       7.332100       0.000000       0.000000        14      13.0      14.0       0.454818   180.000    45.000    90.000    0     119.898849      -1.249510
   -110.00     10.00       2.664200       0.000000       0.000000        14      13.0      14.0       0.454818   180.000    45.000    90.000    0     119.882790      -1.250640
   -105.00    -15.00      26.003710       0.000000       0.000000        14      13.0      14.0       0.454818   180.000    45.000    90.000    0     119.959961      -1.199880
   -105.00    -10.00      21.335800       0.000000       0.000000        14      13.0      14.0       0.454818   180.000    45.000    90.000    0     119.943901      -1.201010
   -105.00     -5.00      16.667900       0.000000       0.000000        14      13.0      14.0       0.454818   180.000    45.000    90.000    0     119.927841      -1.202140
   -105.00      0.00      12.000000       0.000000       0.000000        14      13.0      14.0       0.454818   180.000    45.000    90.000    0     119.911774      -1.203270
   -105.00      5.00       7.332100       0.000000       0.000000        14      13.0      14.0       0.454818   180.000    45.000    90.000    0     119.895714      -1.204400
   -105.00     10.00       2.664200       0.000000       0.000000        14      13.0      14.0       0.454818   180.000    45.000    90.000    0     119.879646      -1.205530
   -100.00    -15.00      26.003710       0.000000       0.000000        14      13.0      14.0       0.454818   180.000    45.000    90.000    0     119.956818      -1.154780
   -100.00    -10.00      21.335800       0.000000       0.000000        14      13.0      14.0       0.454818   180.000    45.000    90.000    0     119.940758      -1.155910
   -100.00     -5.00      16.667900       0.000000       0.000000        14      13.0      14.0       0.454818   180.000    45.000    90.000    0     119.924698      -1.157040
   -100.00      0.00      12.000000       0.000000       0.000000        14      13.0      14.0       0.454818   180.000    45.000    90.000    0     119.908638      -1.158170
   -100.00      5.00       7.332100       0.000000       0.000000        14      13.0      14.0       0.454818   180.000    45.000    90.000    0     119.892578      -1.159300
   -100.00     10.00       2.664200       0.000000       0.000000        14      13.0      14.0       0.454818   180.000    45.000    90.000    0     119.876518      -1.160430
    -95.00    -15.00      26.003710       0.000000       0.000000        14      13.0      14.0       0.454818   180.000    45.000    90.000    0     119.953690      -1.109670
    -95.00    -10.00      21.335800       0.000000       0.000000        14      13.0      14.0       0.454818   180.000    45.000    90.000    0     119.937630      -1.110800
    -95.00     -5.00      16.667900       0.000000       0.000000        14      13.0      14.0       0.454818   180.000    45.000    90.000    0     119.921570      -1.111930
    -95.00      0.00      12.000000       0.000000       0.000000        14      13.0      14.0       0.454818   180.000    45.000    90.000    0     119.905510      -1.113060
    -95.00      5.00       7.332100       0.000000       0.000000        14      13.0      14.0       0.454818   180.000    45.000    90.000    0     119.889450      -1.114190
    -95.00     10.00       2.664200       0.000000       0.000000        14      13.0      14.0       0.454818   180.000    45.000    90.000    0     119.873390      -1.115320
    -90.00    -15.00      26.003710       0.000000       0.000000        14      13.0      14.0       0.454818   180.000    45.000    90.000    0     119.950562      -1.064560
    -90.00    -10.00      21.335800       0.000000       0.000000        14      13.0      14.0       0.454818   180.000    45.000    90.000    0     119.934502      -1.065690
    -90.00     -5.00      16.667900       0.000000       0.000000        14      13.0      14.0       0.454818   180.000    45.000    90.000    0     119.918442      -1.066820
    -90.00      0.00      12.000000       0.000000       0.000000        14      13.0      14.0       0.454818   180.000    45.000    90.000    0     119.902382      -1.067950
    -90.00      5.00       7.332100       0.000000       0.000000        14      13.0      14.0       0.454818   180.000    45.000    90.000    0     119.886322      -1.069080
    -90.00     10.00       2.664200       0.000000       0.000000        14      13.0      14.0       0.454818   180.000    45.000    90.000    0     119.870262      -1.070210
    -85.00    -15.00      26.003710       0.000000       0.000000        14      13.0      14.0       0.454818   180.000    45.000    90.000    0     119.947418      -1.019450
    -85.00    -10.00      21.335800       0.000000       0.000000        14      13.0      14.0       0.454818   180.000    45.000    90.000    0     119.931358      -1.020580
    -85.00     -5.00      16.667900       0.000000       0.000000        14      13.0      14.0       0.454818   180.000    45.000    90.000    0     119.915298      -1.021710
    -85.00      0.00      12.000000       0.000000       0.000000        14      13.0      14.0       0.454818   180.000    45.000    90.000    0     119.899239      -1.022840
    -85.00      5.00       7.332100       0.000000       0.000000        14      13.0      14.0       0.454818   180.000    45.000    90.000    0     119.883179      -1.023970
    -85.00     10.00       2.664200       0.000000       0.000000        14      13.0      14.0       0.454818   180.000    45.000    90.000    0     119.867119      -1.025100
    -80.00    -15.00      26.003710       0.000000       0.000000        14      13.0      14.0       0.454818   180.000    45.000    90.000    0     119.944290      -0.974340
    -80.00    -10.00      21.335800       0.000000       0.000000        14      13.0      14.0       0.454818   180.000    45.000    90.000    0     119.928230      -0.975470
    -80.00     -5.00      16.667900       0.000000       0.000000        14      13.0      14.0       0.454818   180.000    45.000    90.000    0     119.912170      -0.976600
    -80.00      0.00      12.000000       0.000000       0.000000        14      13.0      14.0       0.454818   180.000    45.000    90.000    0     119.896111      -0.977730
    -80.00      5.00       7.332100       0.000000       0.000000        14      13.0      14.0       0.454818   180.000    45.000    90.000    0     119.880051      -0.978860
    -80.00     10.00       2.664200       0.000000       0.000000        14      13.0      14.0       0.454818   180.000    45.000    90.000    0     119.863991      -0.979990
    -75.00    -15.00      26.003710       0.000000       0.000000        14      13.0      14.0       0.454818   180.000    45.000    90.000    0     119.941162      -0.929240
    -75.00    -10.00      21.335800       0.000000       0.000000        14      13.0      14.0       0.454818   180.000    45.000    90.000    0     119.925102      -0.930370
    -75.00     -5.00      16.667900       0.000000       0.000000        14      13.0      14.0       0.454818   180.000    45.000    90.000    0     119.909042      -0.931500
    -75.00      0.00      12.000000       0.000000       0.000000        14      13.0      14.0       0.454818   180.000    45.000    90.000    0     119.892982      -0.932630
    -75.00      5.00       7.332100       0.000000       0.000000        14      13.0      14.0       0.454818   180.000    45.000    90.000    0     119.876923      -0.933760
    -75.00     10.00       2.664200       0.000000       0.000000        14      13.0      14.0       0.454818   180.000    45.000    90.000    0     119.860863      -0.934890
    -70.00    -15.00      26.003710       0.056411       0.056411        14      13.0      14.0       0.454818   204.380    63.310    44.030    0     119.938019      -0.884130
    -70.00    -10.00      21.335800       0.043400       0.043400        14      13.0      14.0       0.454818   141.020    57.720   -68.790    0     119.921959      -0.885260
    -70.00     -5.00      16.667900       0.049287       0.049287        14      13.0      14.0       0.454818   338.730    37.340     0.870    0     119.905907      -0.886390
    -70.00      0.00      12.000000       0.094243       0.094243        14      13.0      14.0       0.454818   331.760    76.530   -49.520    0     119.889847      -0.887520
    -70.00      5.00       7.332100       0.086170       0.086170        14      13.0      14.0       0.454818   118.950    45.770   -73.860    1     119.873787      -0.888650
    -70.00     10.00       2.664200       0.074021       0.074021        14      13.0      14.0       0.454818   140.930    61.070   -45.090    0     119.857727      -0.889780
    -65.00    -15.00      26.003710       0.066682       0.066682        14      13.0      14.0       0.454818     2.120    60.370    -0.860    0     119.934891      -0.839020
    -65.00    -10.00      21.335800       0.091965       0.091965        14      13.0      14.0       0.454818     0.510    82.660   -25.680    0     119.918831      -0.840150
    -65.00     -5.00      16.667900       0.092418       0.092418        14      13.0      14.0       0.454818   348.670    73.420   -10.240    0     119.902771      -0.841280
    -65.00      0.00      12.000000       0.122768       0.122768        14      13.0      14.0       0.454818   333.260    60.460   -22.070    0     119.886711      -0.842410
    -65.00      5.00       7.332100       0.173495       0.173495        14      13.0      14.0       0.454818   330.050    61.880   -26.350    0     119.870659      -0.843540
    -65.00     10.00       2.664200       0.170666       0.170666        14      13.0      14.0       0.454818   332.940    63.570   -20.050    0     119.854599      -0.844670
    -60.00    -15.00      26.003710       0.072306       0.072306        14      13.0      14.0       0.454818     0.370    63.610     9.380    0     119.931763      -0.793910
    -60.00    -10.00      21.335800       0.117919       0.117919        14      13.0      14.0       0.454818   355.030    75.500   -13.010    0     119.915703      -0.795040
    -60.00     -5.00      16.667900       0.139821       0.139821        14      13.0      14.0       0.454818   348.140    73.550    -9.320    0     119.899643      -0.796170
    -60.00      0.00      12.000000       0.167328       0.167328        14      13.0      14.0       0.454818   340.750    70.810    -7.360    0     119.883583      -0.797300
    -60.00      5.00       7.332100       0.224899       0.224899        14      13.0      14.0       0.454818   336.500    69.300   -15.900    0     119.867523      -0.798430
    -60.00     10.00       2.664200       0.239547       0.239547        14      13.0      14.0       0.454818   336.810    69.670   -11.870    0     119.851463      -0.799560
    -55.00    -15.00      26.003710       0.076772       0.076772        14      13.0      14.0       0.454818   356.250    74.530    16.910    0     119.928627      -0.748800
    -55.00    -10.00      21.335800       0.139356       0.139356        14      13.0      14.0       0.454818   351.480    71.060    -3.230    0     119.912567      -0.749930
    -55.00     -5.00      16.667900       0.184670       0.184670        14      13.0      14.0       0.454818   346.760    69.600    -8.350    0     119.896507      -0.751060
    -55.00      0.00      12.000000       0.214745       0.214745        14      13.0      14.0       0.454818   342.580    74.490    -2.910    0     119.880447      -0.752190
    -55.00      5.00       7.332100       0.269487       0.269487        14      13.0      14.0       0.454818   339.600    77.100    -5.100    0     119.864388      -0.753320
    -55.00     10.00       2.664200       0.289100       0.289100        14      13.0      14.0       0.454818   338.840    74.290    -6.400    0     119.848328      -0.754450
    -50.00    -15.00      26.003710       0.083735       0.083735        14      13.0      14.0       0.454818   350.830    81.280    19.500    0     119.925491      -0.703690
    -50.00    -10.00      21.335800       0.154190       0.154190        14      13.0      14.0       0.454818   349.270    71.090     3.030    0     119.909439      -0.704820
    -50.00     -5.00      16.667900       0.214735       0.214735        14      13.0      14.0       0.454818   345.750    69.230    -6.170    0     119.893379      -0.705950
    -50.00      0.00      12.000000       0.253687       0.253687        14      13.0      14.0       0.454818   343.200    78.940     0.070    0     119.877319      -0.707080
    -50.00      5.00       7.332100       0.302764       0.302764        14      13.0      14.0       0.454818   340.770    84.940     4.180    0     119.861259      -0.708210
    -50.00     10.00       2.664200       0.323010       0.323010        14      13.0      14.0       0.454818   339.930    77.510    -2.800    0     119.845230      -0.709340
    -45.00    -15.00      26.003710       0.092092       0.092092        14      13.0      14.0       0.454818   345.510    80.320    12.740    0     119.922363      -0.658590
    -45.00    -10.00      21.335800       0.167924       0.167924        14      13.0      14.0       0.454818   347.160    69.310     4.090    0     119.906303      -0.659720
    -45.00     -5.00      16.667900       0.230577       0.230577        14      13.0      14.0       0.454818   345.110    70.750    -3.370    0     119.890244      -0.660850
    -45.00      0.00      12.000000       0.283151       0.283151        14      13.0      14.0       0.454818   343.600    79.170     0.150    0     119.874191      -0.661980
    -45.00      5.00       7.332100       0.325731       0.325731        14      13.0      14.0       0.454818   341.390    83.020     6.290    0     119.858131      -0.663110
    -45.00     10.00       2.664200       0.343371       0.343371        14      13.0      14.0       0.454818   340.540    77.720    -1.260    0     119.842102      -0.664240
    -40.00    -15.00      26.003710       0.096848       0.096848        14      13.0      14.0       0.454818   342.660    70.270     4.920    0     119.919228      -0.613480
    -40.00    -10.00      21.335800       0.177789       0.177789        14      13.0      14.0       0.454818   345.100    66.170     0.760    0     119.903168      -0.614610
    -40.00     -5.00      16.667900       0.235483       0.235483        14      13.0      14.0       0.454818   344.680    74.570    -0.420    0     119.887108      -0.615740
    -40.00      0.00      12.000000       0.293883       0.293883        14      13.0      14.0       0.454818   344.260    81.540     2.720    0     119.871048      -0.616870
    -40.00      5.00       7.332100       0.335217       0.335217        14      13.0      14.0       0.454818   342.100    76.810     3.110    0     119.855003      -0.618000
    -40.00     10.00       2.664200       0.350196       0.350196        14      13.0      14.0       0.454818   340.880    75.520    -2.270    0     119.838959      -0.619130
    -35.00    -15.00      26.003710       0.098648       0.098648        14      13.0      14.0       0.454818   340.400    62.660    -0.180    0     119.916100      -0.568370
    -35.00    -10.00      21.335800       0.182656       0.182656        14      13.0      14.0       0.454818   342.030    62.680    -5.540    0     119.900040      -0.569500
    -35.00     -5.00      16.667900       0.235381       0.235381        14      13.0      14.0       0.454818   344.370    72.620    -2.010    0     119.883980      -0.570630
    -35.00      0.00      12.000000       0.291767       0.291767        14      13.0      14.0       0.454818   344.410    80.170     2.940    0     119.867920      -0.571760
    -35.00      5.00       7.332100       0.330404       0.330404        14      13.0      14.0       0.454818   342.210    70.570    -3.490    0     119.851860      -0.572890
    -35.00     10.00       2.664200       0.343474       0.343474        14      13.0      14.0       0.454818   341.070    70.950    -5.700    0     119.835831      -0.574020
    -30.00    -15.00      26.003710       0.092302       0.092302        14      13.0      14.0       0.454818   339.090    63.790     1.590    0     119.912956      -0.523260
    -30.00    -10.00      21.335800       0.172656       0.172656        14      13.0      14.0       0.454818   340.760    60.080   -10.410    0     119.896912      -0.524390
    -30.00     -5.00      16.667900       0.222900       0.222900        14      13.0      14.0       0.454818   345.220    71.450    -3.200    0     119.880852      -0.525520
    -30.00      0.00      12.000000       0.273324       0.273324        14      13.0      14.0       0.454818   345.010    75.700    -0.140    0     119.864792      -0.526650
    -30.00      5.00       7.332100       0.307542       0.307542        14      13.0      14.0       0.454818   342.450    67.240    -8.300    0     119.848732      -0.527780
    -30.00     10.00       2.664200       0.325961       0.325961        14      13.0      14.0       0.454818   340.840    63.770   -11.810    0     119.832687      -0.528910
    -25.00    -15.00      26.003710       0.079208       0.079208        14      13.0      14.0       0.454818   337.950    75.300    12.920    0     119.909828      -0.478150
    -25.00    -10.00      21.335800       0.154897       0.154897        14      13.0      14.0       0.454818   338.450    54.360   -19.240    0     119.893768      -0.479280
    -25.00     -5.00      16.667900       0.202892       0.202892        14      13.0      14.0       0.454818   346.230    69.110    -5.410    0     119.877724      -0.480410
    -25.00      0.00      12.000000       0.240885       0.240885        14      13.0      14.0       0.454818   346.210    73.180    -2.480    0     119.861656      -0.481540
    -25.00      5.00       7.332100       0.277351       0.277351        14      13.0      14.0       0.454818   341.390    61.210   -16.930    0     119.845619      -0.482670
    -25.00     10.00       2.664200       0.300578       0.300578        14      13.0      14.0       0.454818   339.870    56.470   -19.450    0     119.829559      -0.483800
    -20.00    -15.00      26.003710       0.069397       0.069397        14      13.0      14.0       0.454818   154.870    86.170   -28.030    0     119.906700      -0.433040
    -20.00    -10.00      21.335800       0.120351       0.120351        14      13.0      14.0       0.454818   315.080    34.220   -67.030    0     119.890640      -0.434170
    -20.00     -5.00      16.667900       0.178523       0.178523        14      13.0      14.0       0.454818   318.060    34.240   -68.080    0     119.874580      -0.435300
    -20.00      0.00      12.000000       0.214800       0.214800        14      13.0      14.0       0.454818   330.900    41.370   -47.870    0     119.858528      -0.436430
    -20.00      5.00       7.332100       0.237553       0.237553        14      13.0      14.0       0.454818   339.780    53.810   -27.240    0     119.842484      -0.437560
    -20.00     10.00       2.664200       0.269591       0.269591        14      13.0      14.0       0.454818   338.890    50.820   -26.620    0     119.826424      -0.438690
    -15.00    -15.00      26.003710       0.061294       0.061294        14      13.0      14.0       0.454818   161.700    85.060   -36.200    0     119.903572      -0.387940
    -15.00    -10.00      21.335800       0.113058       0.113058        14      13.0      14.0       0.454818   155.510    70.750   -46.970    0     119.887512      -0.389070
    -15.00     -5.00      16.667900       0.168726       0.168726        14      13.0      14.0       0.454818   139.050    60.720   -73.030    0     119.871452      -0.390200
    -15.00      0.00      12.000000       0.196756       0.196756        14      13.0      14.0       0.454818   121.500    55.530   -94.780    1     119.855392      -0.391330
    -15.00      5.00       7.332100       0.205588       0.205588        14      13.0      14.0       0.454818   334.380    43.780   -43.540    0     119.839348      -0.392460
    -15.00     10.00       2.664200       0.234620       0.234620        14      13.0      14.0       0.454818   338.960    47.130   -32.540    0     119.823288      -0.393590
    -10.00    -15.00      26.003710       0.067121       0.067121        14      13.0      14.0       0.454818     2.040    85.340    55.990    0     119.900436      -0.342830
    -10.00    -10.00      21.335800       0.111759       0.111759        14      13.0      14.0       0.454818   163.980    76.400   -53.140    0     119.884377      -0.343960
    -10.00     -5.00      16.667900       0.162842       0.162842        14      13.0      14.0       0.454818   141.440    63.440   -78.220    0     119.868317      -0.345090
    -10.00      0.00      12.000000       0.178864       0.178864        14      13.0      14.0       0.454818   315.050    33.610   -80.740    0     119.852257      -0.346220
    -10.00      5.00       7.332100       0.182484       0.182484        14      13.0      14.0       0.454818   333.090    39.270   -51.370    0     119.836212      -0.347350
    -10.00     10.00       2.664200       0.201622       0.201622        14      13.0      14.0       0.454818   340.390    44.860   -36.680    0     119.820152      -0.348480
     -5.00    -15.00      26.003710       0.075616       0.075616        14      13.0      14.0       0.454818    12.910    80.140    58.960    0     119.897301      -0.297720
     -5.00    -10.00      21.335800       0.108833       0.108833        14      13.0      14.0       0.454818   177.480    83.830   -57.360    0     119.881248      -0.298850
     -5.00     -5.00      16.667900       0.142999       0.142999        14      13.0      14.0       0.454818   144.720    66.000   -84.680    0     119.865189      -0.299980
     -5.00      0.00      12.000000       0.164099       0.164099        14      13.0      14.0       0.454818   326.240    32.170   -69.560    0     119.849129      -0.301110
     -5.00      5.00       7.332100       0.169664       0.169664        14      13.0      14.0       0.454818   333.170    34.990   -55.670    0     119.833076      -0.302240
     -5.00     10.00       2.664200       0.180129       0.180129        14      13.0      14.0       0.454818   342.460    41.810   -37.860    0     119.817017      -0.303370
      0.00    -15.00      26.003710       0.082822       0.082822        14      13.0      14.0       0.454818    25.570    77.040    62.480    0     119.894173      -0.252610
      0.00    -10.00      21.335800       0.096787       0.096787        14      13.0      14.0       0.454818   189.330    89.430   -58.200    0     119.878113      -0.253740
      0.00     -5.00      16.667900       0.120688       0.120688        14      13.0      14.0       0.454818   136.720    69.300   -98.210    0     119.862061      -0.254870
      0.00      0.00      12.000000       0.154656       0.154656        14      13.0      14.0       0.454818   339.240    29.090   -53.420    0     119.846001      -0.256000
      0.00      5.00       7.332100       0.182775       0.182775        14      13.0      14.0       0.454818   334.660    30.730   -48.430    0     119.829941      -0.257130
      0.00     10.00       2.664200       0.185569       0.185569        14      13.0      14.0       0.454818   341.540    36.260   -35.810    0     119.813889      -0.258260
      5.00    -15.00      26.003710       0.078929       0.078929        14      13.0      14.0       0.454818    29.850    73.310    63.120    0     119.891037      -0.207500
      5.00    -10.00      21.335800       0.075699       0.075699        14      13.0      14.0       0.454818    19.900    78.760    56.200    0     119.874977      -0.208630
      5.00     -5.00      16.667900       0.103791       0.103791        14      13.0      14.0       0.454818   358.290    21.140   -34.150    0     119.858917      -0.209760
      5.00      0.00      12.000000       0.162859       0.162859        14      13.0      14.0       0.454818   336.350    22.000   -44.280    0     119.842873      -0.210890
      5.00      5.00       7.332100       0.187258       0.187258        14      13.0      14.0       0.454818   329.330    26.850   -45.900    0     119.826813      -0.212020
      5.00     10.00       2.664200       0.189131       0.189131        14      13.0      14.0       0.454818   338.580    31.130   -33.210    0     119.810753      -0.213150
     10.00    -15.00      26.003710       0.074642       0.074642        14      13.0      14.0       0.454818    33.580    67.340    69.270    0     119.887901      -0.162390
     10.00    -10.00      21.335800       0.071320       0.071320        14      13.0      14.0       0.454818    46.290    51.620    62.120    1     119.871849      -0.163520
     10.00     -5.00      16.667900       0.094727       0.094727        14      13.0      14.0       0.454818    37.310    14.900    22.630    0     119.855789      -0.164650
     10.00      0.00      12.000000       0.146489       0.146489        14      13.0      14.0       0.454818   351.330    12.660   -19.310    0     119.839737      -0.165780
     10.00      5.00       7.332100       0.155416       0.155416        14      13.0      14.0       0.454818   337.240    19.360   -33.830    0     119.823677      -0.166910
     10.00     10.00       2.664200       0.171359       0.171359        14      13.0      14.0       0.454818   342.630    24.250   -23.550    0     119.807617      -0.168040
     15.00    -15.00      26.003710       0.066877       0.066877        14      13.0      14.0       0.454818    20.430    62.120    80.430    0     119.884773      -0.117280
     15.00    -10.00      21.335800       0.081413       0.081413        14      13.0      14.0       0.454818    75.510    34.480    80.070    1     119.868713      -0.118410
     15.00     -5.00      16.667900       0.113785       0.113785        14      13.0      14.0       0.454818    79.500    15.270    79.000    1     119.852654      -0.119540
     15.00      0.00      12.000000       0.156047       0.156047        14      13.0      14.0       0.454818    48.110     5.930    48.520    1     119.836609      -0.120670
     15.00      5.00       7.332100       0.154335       0.154335        14      13.0      14.0       0.454818   341.660    10.820   -24.520    0     119.820549      -0.121800
     15.00     10.00       2.664200       0.169903       0.169903        14      13.0      14.0       0.454818   -11.150    16.090   -13.300    0     119.804489      -0.122930
     20.00    -15.00      26.003710       0.066019       0.066019        14      13.0      14.0       0.454818   178.510    37.210    97.480    0     119.881630      -0.072170
     20.00    -10.00      21.335800       0.109773       0.109773        14      13.0      14.0       0.454818   193.310    52.400   115.700    0     119.865578      -0.073310
     20.00     -5.00      16.667900       0.133896       0.133896        14      13.0      14.0       0.454818    79.570    18.490    92.860    1     119.849518      -0.074440
     20.00      0.00      12.000000       0.162283       0.162283        14      13.0      14.0       0.454818    92.480     9.750    98.530    1     119.833473      -0.075570
     20.00      5.00       7.332100       0.158281       0.158281        14      13.0      14.0       0.454818   358.670     4.920    -3.600    0     119.817421      -0.076700
     20.00     10.00       2.664200       0.168359       0.168359        14      13.0      14.0       0.454818   359.970    10.740    -2.330    0     119.801361      -0.077830
     25.00    -15.00      26.003710       0.075587       0.075587        14      13.0      14.0       0.454818   179.290    45.740   100.410    0     119.878502      -0.027070
     25.00    -10.00      21.335800       0.144991       0.144991        14      13.0      14.0       0.454818   193.560    58.970   115.300    0     119.862442      -0.028200
     25.00     -5.00      16.667900       0.164767       0.164767        14      13.0      14.0       0.454818   203.860    63.890   114.410    0     119.846382      -0.029330
     25.00      0.00      12.000000       0.157774       0.157774        14      13.0      14.0       0.454818    96.880    13.010   107.450    1     119.830338      -0.030460
     25.00      5.00       7.332100       0.155555       0.155555        14      13.0      14.0       0.454818    79.790     2.400    80.060    1     119.814278      -0.031590
     25.00     10.00       2.664200       0.160662       0.160662        14      13.0      14.0       0.454818    20.290     6.640    14.570    0     119.798233      -0.032720
     30.00    -15.00      26.003710       0.087413       0.087413        14      13.0      14.0       0.454818   184.550    52.750   110.080    0     119.875359       0.018040
     30.00    -10.00      21.335800       0.173175       0.173175        14      13.0      14.0       0.454818   192.290    62.040   116.070    0     119.859306       0.016910
     30.00     -5.00      16.667900       0.183633       0.183633        14      13.0      14.0       0.454818   197.090    64.490   115.550    0     119.843269       0.015780
     30.00      0.00      12.000000       0.136681       0.136681        14      13.0      14.0       0.454818   209.330    67.310   117.950    0     119.827209       0.014650
     30.00      5.00       7.332100       0.136493       0.136493        14      13.0      14.0       0.454818   137.950     5.890   135.940    0     119.811150       0.013520
     30.00     10.00       2.664200       0.141783       0.141783        14      13.0      14.0       0.454818    90.760     2.640    76.960    1     119.795097       0.012390
     35.00    -15.00      26.003710       0.100718       0.100718        14      13.0      14.0       0.454818   190.590    57.980   120.730    0     119.872231       0.063150
     35.00    -10.00      21.335800       0.184034       0.184034        14      13.0      14.0       0.454818   195.880    65.980   121.330    0     119.856171       0.062020
     35.00     -5.00      16.667900       0.184566       0.184566        14      13.0      14.0       0.454818   194.800    67.150   115.660    0     119.840141       0.060890
     35.00      0.00      12.000000       0.136122       0.136122        14      13.0      14.0       0.454818   201.190    66.870   122.630    0     119.824081       0.059760
     35.00      5.00       7.332100       0.121469       0.121469        14      13.0      14.0       0.454818   174.190    10.930   167.280    0     119.808022       0.058630
     35.00     10.00       2.664200       0.121543       0.121543        14      13.0      14.0       0.454818   191.750    10.990   161.420    0     119.791962       0.057500
     40.00    -15.00      26.003710       0.110035       0.110035        14      13.0      14.0       0.454818   193.350    61.210   129.290    0     119.869087       0.108260
     40.00    -10.00      21.335800       0.170346       0.170346        14      13.0      14.0       0.454818   193.100    66.200   122.000    0     119.853043       0.107130
     40.00     -5.00      16.667900       0.165448       0.165448        14      13.0      14.0       0.454818   191.650    69.080   113.910    0     119.836998       0.106000
     40.00      0.00      12.000000       0.129716       0.129716        14      13.0      14.0       0.454818   202.680    70.680   125.620    0     119.820953       0.104870
     40.00      5.00       7.332100       0.086983       0.086983        14      13.0      14.0       0.454818   198.680    43.980   155.050    0     119.804893       0.103740
     40.00     10.00       2.664200       0.101365       0.101365        14      13.0      14.0       0.454818   314.760    85.280    70.840    0     119.788834       0.102610
     45.00    -15.00      26.003710       0.099901       0.099901        14      13.0      14.0       0.454818   197.660    65.420   142.190    0     119.865959       0.153370
     45.00    -10.00      21.335800       0.128898       0.128898        14      13.0      14.0       0.454818   192.110    66.940   124.570    0     119.849899       0.152240
     45.00     -5.00      16.667900       0.134392       0.134392        14      13.0      14.0       0.454818   192.190    72.810   115.310    0     119.833870       0.151110
     45.00      0.00      12.000000       0.120315       0.120315        14      13.0      14.0       0.454818   314.180    39.370    18.160    0     119.817818       0.149980
     45.00      5.00       7.332100       0.061222       0.061222        14      13.0      14.0       0.454818   317.630    61.940    25.350    0     119.801758       0.148850
     45.00     10.00       2.664200       0.078707       0.078707        14      13.0      14.0       0.454818   320.040    87.900    66.890    0     119.785698       0.147720
     50.00    -15.00      26.003710       0.070897       0.070897        14      13.0      14.0       0.454818   205.240    78.110   162.890    0     119.862823       0.198480
     50.00    -10.00      21.335800       0.082120       0.082120        14      13.0      14.0       0.454818    28.370    51.260   163.940    0     119.846771       0.197340
     50.00     -5.00      16.667900       0.087630       0.087630        14      13.0      14.0       0.454818   185.310    74.510   108.730    0     119.830742       0.196210
     50.00      0.00      12.000000       0.088047       0.088047        14      13.0      14.0       0.454818   313.250    37.160     6.990    0     119.814682       0.195080
     50.00      5.00       7.332100       0.039791       0.039791        14      13.0      14.0       0.454818   311.320    52.320   -17.010    1     119.798630       0.193950
     50.00     10.00       2.664200       0.045500       0.045500        14      13.0      14.0       0.454818   137.310    86.090   -62.590    0     119.782570       0.192820
