      xloc      yloc          depth         ave SR         max SR         #     start       end     max SR all       str       dip      rake flag
   -185.00    -15.00      26.003710       0.000000       0.000000         8       7.0       8.0       0.454818   180.000    45.000    90.000    0     120.010109      -1.921610
   -185.00    -10.00      21.335800       0.000000       0.000000         8       7.0       8.0       0.454818   180.000    45.000    90.000    0     119.994049      -1.922740
   -185.00     -5.00      16.667900       0.000000       0.000000         8       7.0       8.0       0.454818   180.000    45.000    90.000    0     119.977982      -1.923870
   -185.00      0.00      12.000000       0.000000       0.000000         8       7.0       8.0       0.454818   180.000    45.000    90.000    0     119.961922      -1.925000
   -185.00      5.00       7.332100       0.000000       0.000000         8       7.0       8.0       0.454818   180.000    45.000    90.000    0     119.945847      -1.926130
   -185.00     10.00       2.664200       0.000000       0.000000         8       7.0       8.0       0.454818   180.000    45.000    90.000    0     119.929787      -1.927260
   -180.00    -15.00      26.003710       0.000000       0.000000         8       7.0       8.0       0.454818   180.000    45.000    90.000    0     120.006973      -1.876500
   -180.00    -10.00      21.335800       0.000000       0.000000         8       7.0       8.0       0.454818   180.000    45.000    90.000    0     119.990913      -1.877630
   -180.00     -5.00      16.667900       0.000000       0.000000         8       7.0       8.0       0.454818   180.000    45.000    90.000    0     119.974854      -1.878770
   -180.00      0.00      12.000000       0.000000       0.000000         8       7.0       8.0       0.454818   180.000    45.000    90.000    0     119.958778      -1.879900
   -180.00      5.00       7.332100       0.000000       0.000000         8       7.0       8.0       0.454818   180.000    45.000    90.000    0     119.942719      -1.881030
   -180.00     10.00       2.664200       0.000000       0.000000         8       7.0       8.0       0.454818   180.000    45.000    90.000    0     119.926651      -1.882160
   -175.00    -15.00      26.003710       0.000000       0.000000         8       7.0       8.0       0.454818   180.000    45.000    90.000    0     120.003838      -1.831400
   -175.00    -10.00      21.335800       0.000000       0.000000         8       7.0       8.0       0.454818   180.000    45.000    90.000    0     119.987778      -1.832530
   -175.00     -5.00      16.667900       0.000000       0.000000         8       7.0       8.0       0.454818   180.000    45.000    90.000    0     119.971710      -1.833660
   -175.00      0.00      12.000000       0.000000       0.000000         8       7.0       8.0       0.454818   180.000    45.000    90.000    0     119.955650      -1.834790
   -175.00      5.00       7.332100       0.000000       0.000000         8       7.0       8.0       0.454818   180.000    45.000    90.000    0     119.939583      -1.835920
   -175.00     10.00       2.664200       0.000000       0.000000         8       7.0       8.0       0.454818   180.000    45.000    90.000    0     119.923523      -1.837050
   -170.00    -15.00      26.003710       0.000000       0.000000         8       7.0       8.0       0.454818   180.000    45.000    90.000    0     120.000702      -1.786290
   -170.00    -10.00      21.335800       0.000000       0.000000         8       7.0       8.0       0.454818   180.000    45.000    90.000    0     119.984642      -1.787420
   -170.00     -5.00      16.667900       0.000000       0.000000         8       7.0       8.0       0.454818   180.000    45.000    90.000    0     119.968582      -1.788550
   -170.00      0.00      12.000000       0.000000       0.000000         8       7.0       8.0       0.454818   180.000    45.000    90.000    0     119.952507      -1.789680
   -170.00      5.00       7.332100       0.000000       0.000000         8       7.0       8.0       0.454818   180.000    45.000    90.000    0     119.936447      -1.790810
   -170.00     10.00       2.664200       0.000000       0.000000         8       7.0       8.0       0.454818   180.000    45.000    90.000    0     119.920387      -1.791940
   -165.00    -15.00      26.003710       0.000000       0.000000         8       7.0       8.0       0.454818   180.000    45.000    90.000    0     119.997566      -1.741180
   -165.00    -10.00      21.335800       0.000000       0.000000         8       7.0       8.0       0.454818   180.000    45.000    90.000    0     119.981499      -1.742310
   -165.00     -5.00      16.667900       0.000000       0.000000         8       7.0       8.0       0.454818   180.000    45.000    90.000    0     119.965439      -1.743440
   -165.00      0.00      12.000000       0.000000       0.000000         8       7.0       8.0       0.454818   180.000    45.000    90.000    0     119.949379      -1.744570
   -165.00      5.00       7.332100       0.000000       0.000000         8       7.0       8.0       0.454818   180.000    45.000    90.000    0     119.933319      -1.745700
   -165.00     10.00       2.664200       0.000000       0.000000         8       7.0       8.0       0.454818   180.000    45.000    90.000    0     119.917252      -1.746830
   -160.00    -15.00      26.003710       0.000000       0.000000         8       7.0       8.0       0.454818   180.000    45.000    90.000    0     119.994431      -1.696070
   -160.00    -10.00      21.335800       0.000000       0.000000         8       7.0       8.0       0.454818   180.000    45.000    90.000    0     119.978371      -1.697200
   -160.00     -5.00      16.667900       0.000000       0.000000         8       7.0       8.0       0.454818   180.000    45.000    90.000    0     119.962311      -1.698330
   -160.00      0.00      12.000000       0.000000       0.000000         8       7.0       8.0       0.454818   180.000    45.000    90.000    0     119.946243      -1.699460
   -160.00      5.00       7.332100       0.000000       0.000000         8       7.0       8.0       0.454818   180.000    45.000    90.000    0     119.930183      -1.700590
   -160.00     10.00       2.664200       0.000000       0.000000         8       7.0       8.0       0.454818   180.000    45.000    90.000    0     119.914124      -1.701720
   -155.00    -15.00      26.003710       0.000000       0.000000         8       7.0       8.0       0.454818   180.000    45.000    90.000    0     119.991302      -1.650960
   -155.00    -10.00      21.335800       0.000000       0.000000         8       7.0       8.0       0.454818   180.000    45.000    90.000    0     119.975243      -1.652100
   -155.00     -5.00      16.667900       0.000000       0.000000         8       7.0       8.0       0.454818   180.000    45.000    90.000    0     119.959167      -1.653230
   -155.00      0.00      12.000000       0.000000       0.000000         8       7.0       8.0       0.454818   180.000    45.000    90.000    0     119.943108      -1.654360
   -155.00      5.00       7.332100       0.000000       0.000000         8       7.0       8.0       0.454818   180.000    45.000    90.000    0     119.927048      -1.655490
   -155.00     10.00       2.664200       0.000000       0.000000         8       7.0       8.0       0.454818   180.000    45.000    90.000    0     119.910980      -1.656620
   -150.00    -15.00      26.003710       0.000000       0.000000         8       7.0       8.0       0.454818   180.000    45.000    90.000    0     119.988159      -1.605860
   -150.00    -10.00      21.335800       0.000000       0.000000         8       7.0       8.0       0.454818   180.000    45.000    90.000    0     119.972099      -1.606990
   -150.00     -5.00      16.667900       0.000000       0.000000         8       7.0       8.0       0.454818   180.000    45.000    90.000    0     119.956039      -1.608120
   -150.00      0.00      12.000000       0.000000       0.000000         8       7.0       8.0       0.454818   180.000    45.000    90.000    0     119.939980      -1.609250
   -150.00      5.00       7.332100       0.000000       0.000000         8       7.0       8.0       0.454818   180.000    45.000    90.000    0     119.923912      -1.610380
   -150.00     10.00       2.664200       0.000000       0.000000         8       7.0       8.0       0.454818   180.000    45.000    90.000    0     119.907852      -1.611510
   -145.00    -15.00      26.003710       0.000000       0.000000         8       7.0       8.0       0.454818   180.000    45.000    90.000    0     119.985031      -1.560750
   -145.00    -10.00      21.335800       0.000000       0.000000         8       7.0       8.0       0.454818   180.000    45.000    90.000    0     119.968971      -1.561880
   -145.00     -5.00      16.667900       0.000000       0.000000         8       7.0       8.0       0.454818   180.000    45.000    90.000    0     119.952904      -1.563010
   -145.00      0.00      12.000000       0.000000       0.000000         8       7.0       8.0       0.454818   180.000    45.000    90.000    0     119.936836      -1.564140
   -145.00      5.00       7.332100       0.000000       0.000000         8       7.0       8.0       0.454818   180.000    45.000    90.000    0     119.920776      -1.565270
   -145.00     10.00       2.664200       0.000000       0.000000         8       7.0       8.0       0.454818   180.000    45.000    90.000    0     119.904716      -1.566400
   -140.00    -15.00      26.003710       0.000000       0.000000         8       7.0       8.0       0.454818   180.000    45.000    90.000    0     119.981888      -1.515640
   -140.00    -10.00      21.335800       0.000000       0.000000         8       7.0       8.0       0.454818   180.000    45.000    90.000    0     119.965828      -1.516770
   -140.00     -5.00      16.667900       0.000000       0.000000         8       7.0       8.0       0.454818   180.000    45.000    90.000    0     119.949768      -1.517900
   -140.00      0.00      12.000000       0.000000       0.000000         8       7.0       8.0       0.454818   180.000    45.000    90.000    0     119.933708      -1.519030
   -140.00      5.00       7.332100       0.000000       0.000000         8       7.0       8.0       0.454818   180.000    45.000    90.000    0     119.917648      -1.520160
   -140.00     10.00       2.664200       0.000000       0.000000         8       7.0       8.0       0.454818   180.000    45.000    90.000    0     119.901581      -1.521290
   -135.00    -15.00      26.003710       0.000000       0.000000         8       7.0       8.0       0.454818   180.000    45.000    90.000    0     119.978760      -1.470530
   -135.00    -10.00      21.335800       0.000000       0.000000         8       7.0       8.0       0.454818   180.000    45.000    90.000    0     119.962700      -1.471660
   -135.00     -5.00      16.667900       0.000000       0.000000         8       7.0       8.0       0.454818   180.000    45.000    90.000    0     119.946640      -1.472790
   -135.00      0.00      12.000000       0.000000       0.000000         8       7.0       8.0       0.454818   180.000    45.000    90.000    0     119.930573      -1.473920
   -135.00      5.00       7.332100       0.000000       0.000000         8       7.0       8.0       0.454818   180.000    45.000    90.000    0     119.914513      -1.475050
   -135.00     10.00       2.664200       0.000000       0.000000         8       7.0       8.0       0.454818   180.000    45.000    90.000    0     119.898453      -1.476180
   -130.00    -15.00      26.003710       0.000000       0.000000         8       7.0       8.0       0.454818   180.000    45.000    90.000    0     119.975632      -1.425430
   -130.00    -10.00      21.335800       0.000000       0.000000         8       7.0       8.0       0.454818   180.000    45.000    90.000    0     119.959557      -1.426560
   -130.00     -5.00      16.667900       0.000000       0.000000         8       7.0       8.0       0.454818   180.000    45.000    90.000    0     119.943497      -1.427690
   -130.00      0.00      12.000000       0.000000       0.000000         8       7.0       8.0       0.454818   180.000    45.000    90.000    0     119.927437      -1.428820
   -130.00      5.00       7.332100       0.000000       0.000000         8       7.0       8.0       0.454818   180.000    45.000    90.000    0     119.911377      -1.429950
   -130.00     10.00       2.664200       0.000000       0.000000         8       7.0       8.0       0.454818   180.000    45.000    90.000    0     119.895317      -1.431080
   -125.00    -15.00      26.003710       0.000000       0.000000         8       7.0       8.0       0.454818   180.000    45.000    90.000    0     119.972488      -1.380320
   -125.00    -10.00      21.335800       0.000000       0.000000         8       7.0       8.0       0.454818   180.000    45.000    90.000    0     119.956429      -1.381450
   -125.00     -5.00      16.667900       0.000000       0.000000         8       7.0       8.0       0.454818   180.000    45.000    90.000    0     119.940369      -1.382580
   -125.00      0.00      12.000000       0.000000       0.000000         8       7.0       8.0       0.454818   180.000    45.000    90.000    0     119.924309      -1.383710
   -125.00      5.00       7.332100       0.000000       0.000000         8       7.0       8.0       0.454818   180.000    45.000    90.000    0     119.908249      -1.384840
   -125.00     10.00       2.664200       0.000000       0.000000         8       7.0       8.0       0.454818   180.000    45.000    90.000    0     119.892189      -1.385970
   -120.00    -15.00      26.003710       0.000000       0.000000         8       7.0       8.0       0.454818   180.000    45.000    90.000    0     119.969360      -1.335210
   -120.00    -10.00      21.335800       0.000000       0.000000         8       7.0       8.0       0.454818   180.000    45.000    90.000    0     119.953300      -1.336340
   -120.00     -5.00      16.667900       0.000000       0.000000         8       7.0       8.0       0.454818   180.000    45.000    90.000    0     119.937241      -1.337470
   -120.00      0.00      12.000000       0.000000       0.000000         8       7.0       8.0       0.454818   180.000    45.000    90.000    0     119.921173      -1.338600
   -120.00      5.00       7.332100       0.000000       0.000000         8       7.0       8.0       0.454818   180.000    45.000    90.000    0     119.905113      -1.339730
   -120.00     10.00       2.664200       0.000000       0.000000         8       7.0       8.0       0.454818   180.000    45.000    90.000    0     119.889053      -1.340860
   -115.00    -15.00      26.003710       0.000000       0.000000         8       7.0       8.0       0.454818   180.000    45.000    90.000    0     119.966217      -1.290100
   -115.00    -10.00      21.335800       0.000000       0.000000         8       7.0       8.0       0.454818   180.000    45.000    90.000    0     119.950157      -1.291230
   -115.00     -5.00      16.667900       0.000000       0.000000         8       7.0       8.0       0.454818   180.000    45.000    90.000    0     119.934097      -1.292360
   -115.00      0.00      12.000000       0.000000       0.000000         8       7.0       8.0       0.454818   180.000    45.000    90.000    0     119.918037      -1.293490
   -115.00      5.00       7.332100       0.000000       0.000000         8       7.0       8.0       0.454818   180.000    45.000    90.000    0     119.901978      -1.294620
   -115.00     10.00       2.664200       0.000000       0.000000         8       7.0       8.0       0.454818   180.000    45.000    90.000    0     119.885918      -1.295750
   -110.00    -15.00      26.003710       0.000000       0.000000         8       7.0       8.0       0.454818   180.000    45.000    90.000    0     119.963089      -1.244990
   -110.00    -10.00      21.335800       0.000000       0.000000         8       7.0       8.0       0.454818   180.000    45.000    90.000    0     119.947029      -1.246120
   -110.00     -5.00      16.667900       0.000000       0.000000         8       7.0       8.0       0.454818   180.000    45.000    90.000    0     119.930969      -1.247250
   -110.00      0.00      12.000000       0.000000       0.000000         8       7.0       8.0       0.454818   180.000    45.000    90.000    0     119.914909      -1.248380
   -110.00      5.00       7.332100       0.000000       0.000000         8       7.0       8.0       0.454818   180.000    45.000    90.000    0     119.898849      -1.249510
   -110.00     10.00       2.664200       0.000000       0.000000         8       7.0       8.0       0.454818   180.000    45.000    90.000    0     119.882790      -1.250640
   -105.00    -15.00      26.003710       0.000000       0.000000         8       7.0       8.0       0.454818   180.000    45.000    90.000    0     119.959961      -1.199880
   -105.00    -10.00      21.335800       0.000000       0.000000         8       7.0       8.0       0.454818   180.000    45.000    90.000    0     119.943901      -1.201010
   -105.00     -5.00      16.667900       0.000000       0.000000         8       7.0       8.0       0.454818   180.000    45.000    90.000    0     119.927841      -1.202140
   -105.00      0.00      12.000000       0.000000       0.000000         8       7.0       8.0       0.454818   180.000    45.000    90.000    0     119.911774      -1.203270
   -105.00      5.00       7.332100       0.000000       0.000000         8       7.0       8.0       0.454818   180.000    45.000    90.000    0     119.895714      -1.204400
   -105.00     10.00       2.664200       0.000000       0.000000         8       7.0       8.0       0.454818   180.000    45.000    90.000    0     119.879646      -1.205530
   -100.00    -15.00      26.003710       0.000000       0.000000         8       7.0       8.0       0.454818   180.000    45.000    90.000    0     119.956818      -1.154780
   -100.00    -10.00      21.335800       0.000000       0.000000         8       7.0       8.0       0.454818   180.000    45.000    90.000    0     119.940758      -1.155910
   -100.00     -5.00      16.667900       0.000000       0.000000         8       7.0       8.0       0.454818   180.000    45.000    90.000    0     119.924698      -1.157040
   -100.00      0.00      12.000000       0.000000       0.000000         8       7.0       8.0       0.454818   180.000    45.000    90.000    0     119.908638      -1.158170
   -100.00      5.00       7.332100       0.000000       0.000000         8       7.0       8.0       0.454818   180.000    45.000    90.000    0     119.892578      -1.159300
   -100.00     10.00       2.664200       0.000000       0.000000         8       7.0       8.0       0.454818   180.000    45.000    90.000    0     119.876518      -1.160430
    -95.00    -15.00      26.003710       0.000000       0.000000         8       7.0       8.0       0.454818   180.000    45.000    90.000    0     119.953690      -1.109670
    -95.00    -10.00      21.335800       0.000000       0.000000         8       7.0       8.0       0.454818   180.000    45.000    90.000    0     119.937630      -1.110800
    -95.00     -5.00      16.667900       0.000000       0.000000         8       7.0       8.0       0.454818   180.000    45.000    90.000    0     119.921570      -1.111930
    -95.00      0.00      12.000000       0.000000       0.000000         8       7.0       8.0       0.454818   180.000    45.000    90.000    0     119.905510      -1.113060
    -95.00      5.00       7.332100       0.000000       0.000000         8       7.0       8.0       0.454818   180.000    45.000    90.000    0     119.889450      -1.114190
    -95.00     10.00       2.664200       0.000000       0.000000         8       7.0       8.0       0.454818   180.000    45.000    90.000    0     119.873390      -1.115320
    -90.00    -15.00      26.003710       0.000000       0.000000         8       7.0       8.0       0.454818   180.000    45.000    90.000    0     119.950562      -1.064560
    -90.00    -10.00      21.335800       0.000000       0.000000         8       7.0       8.0       0.454818   180.000    45.000    90.000    0     119.934502      -1.065690
    -90.00     -5.00      16.667900       0.000000       0.000000         8       7.0       8.0       0.454818   180.000    45.000    90.000    0     119.918442      -1.066820
    -90.00      0.00      12.000000       0.000000       0.000000         8       7.0       8.0       0.454818   180.000    45.000    90.000    0     119.902382      -1.067950
    -90.00      5.00       7.332100       0.000000       0.000000         8       7.0       8.0       0.454818   180.000    45.000    90.000    0     119.886322      -1.069080
    -90.00     10.00       2.664200       0.000000       0.000000         8       7.0       8.0       0.454818   180.000    45.000    90.000    0     119.870262      -1.070210
    -85.00    -15.00      26.003710       0.000000       0.000000         8       7.0       8.0       0.454818   180.000    45.000    90.000    0     119.947418      -1.019450
    -85.00    -10.00      21.335800       0.000000       0.000000         8       7.0       8.0       0.454818   180.000    45.000    90.000    0     119.931358      -1.020580
    -85.00     -5.00      16.667900       0.000000       0.000000         8       7.0       8.0       0.454818   180.000    45.000    90.000    0     119.915298      -1.021710
    -85.00      0.00      12.000000       0.000000       0.000000         8       7.0       8.0       0.454818   180.000    45.000    90.000    0     119.899239      -1.022840
    -85.00      5.00       7.332100       0.000000       0.000000         8       7.0       8.0       0.454818   180.000    45.000    90.000    0     119.883179      -1.023970
    -85.00     10.00       2.664200       0.000000       0.000000         8       7.0       8.0       0.454818   180.000    45.000    90.000    0     119.867119      -1.025100
    -80.00    -15.00      26.003710       0.000000       0.000000         8       7.0       8.0       0.454818   180.000    45.000    90.000    0     119.944290      -0.974340
    -80.00    -10.00      21.335800       0.000000       0.000000         8       7.0       8.0       0.454818   180.000    45.000    90.000    0     119.928230      -0.975470
    -80.00     -5.00      16.667900       0.000000       0.000000         8       7.0       8.0       0.454818   180.000    45.000    90.000    0     119.912170      -0.976600
    -80.00      0.00      12.000000       0.000000       0.000000         8       7.0       8.0       0.454818   180.000    45.000    90.000    0     119.896111      -0.977730
    -80.00      5.00       7.332100       0.000000       0.000000         8       7.0       8.0       0.454818   180.000    45.000    90.000    0     119.880051      -0.978860
    -80.00     10.00       2.664200       0.000000       0.000000         8       7.0       8.0       0.454818   180.000    45.000    90.000    0     119.863991      -0.979990
    -75.00    -15.00      26.003710       0.000000       0.000000         8       7.0       8.0       0.454818   180.000    45.000    90.000    0     119.941162      -0.929240
    -75.00    -10.00      21.335800       0.000000       0.000000         8       7.0       8.0       0.454818   180.000    45.000    90.000    0     119.925102      -0.930370
    -75.00     -5.00      16.667900       0.000000       0.000000         8       7.0       8.0       0.454818   180.000    45.000    90.000    0     119.909042      -0.931500
    -75.00      0.00      12.000000       0.000000       0.000000         8       7.0       8.0       0.454818   180.000    45.000    90.000    0     119.892982      -0.932630
    -75.00      5.00       7.332100       0.000000       0.000000         8       7.0       8.0       0.454818   180.000    45.000    90.000    0     119.876923      -0.933760
    -75.00     10.00       2.664200       0.000000       0.000000         8       7.0       8.0       0.454818   180.000    45.000    90.000    0     119.860863      -0.934890
    -70.00    -15.00      26.003710       0.000000       0.000000         8       7.0       8.0       0.454818   180.000    45.000    90.000    0     119.938019      -0.884130
    -70.00    -10.00      21.335800       0.000000       0.000000         8       7.0       8.0       0.454818   180.000    45.000    90.000    0     119.921959      -0.885260
    -70.00     -5.00      16.667900       0.000000       0.000000         8       7.0       8.0       0.454818   180.000    45.000    90.000    0     119.905907      -0.886390
    -70.00      0.00      12.000000       0.000000       0.000000         8       7.0       8.0       0.454818   180.000    45.000    90.000    0     119.889847      -0.887520
    -70.00      5.00       7.332100       0.000000       0.000000         8       7.0       8.0       0.454818   180.000    45.000    90.000    0     119.873787      -0.888650
    -70.00     10.00       2.664200       0.000000       0.000000         8       7.0       8.0       0.454818   180.000    45.000    90.000    0     119.857727      -0.889780
    -65.00    -15.00      26.003710       0.000000       0.000000         8       7.0       8.0       0.454818   180.000    45.000    90.000    0     119.934891      -0.839020
    -65.00    -10.00      21.335800       0.000000       0.000000         8       7.0       8.0       0.454818   180.000    45.000    90.000    0     119.918831      -0.840150
    -65.00     -5.00      16.667900       0.000000       0.000000         8       7.0       8.0       0.454818   180.000    45.000    90.000    0     119.902771      -0.841280
    -65.00      0.00      12.000000       0.000000       0.000000         8       7.0       8.0       0.454818   180.000    45.000    90.000    0     119.886711      -0.842410
    -65.00      5.00       7.332100       0.000000       0.000000         8       7.0       8.0       0.454818   180.000    45.000    90.000    0     119.870659      -0.843540
    -65.00     10.00       2.664200       0.000000       0.000000         8       7.0       8.0       0.454818   180.000    45.000    90.000    0     119.854599      -0.844670
    -60.00    -15.00      26.003710       0.000000       0.000000         8       7.0       8.0       0.454818   180.000    45.000    90.000    0     119.931763      -0.793910
    -60.00    -10.00      21.335800       0.000000       0.000000         8       7.0       8.0       0.454818   180.000    45.000    90.000    0     119.915703      -0.795040
    -60.00     -5.00      16.667900       0.000000       0.000000         8       7.0       8.0       0.454818   180.000    45.000    90.000    0     119.899643      -0.796170
    -60.00      0.00      12.000000       0.000000       0.000000         8       7.0       8.0       0.454818   180.000    45.000    90.000    0     119.883583      -0.797300
    -60.00      5.00       7.332100       0.000000       0.000000         8       7.0       8.0       0.454818   180.000    45.000    90.000    0     119.867523      -0.798430
    -60.00     10.00       2.664200       0.000000       0.000000         8       7.0       8.0       0.454818   180.000    45.000    90.000    0     119.851463      -0.799560
    -55.00    -15.00      26.003710       0.000000       0.000000         8       7.0       8.0       0.454818   180.000    45.000    90.000    0     119.928627      -0.748800
    -55.00    -10.00      21.335800       0.000000       0.000000         8       7.0       8.0       0.454818   180.000    45.000    90.000    0     119.912567      -0.749930
    -55.00     -5.00      16.667900       0.000000       0.000000         8       7.0       8.0       0.454818   180.000    45.000    90.000    0     119.896507      -0.751060
    -55.00      0.00      12.000000       0.000000       0.000000         8       7.0       8.0       0.454818   180.000    45.000    90.000    0     119.880447      -0.752190
    -55.00      5.00       7.332100       0.000000       0.000000         8       7.0       8.0       0.454818   180.000    45.000    90.000    0     119.864388      -0.753320
    -55.00     10.00       2.664200       0.000000       0.000000         8       7.0       8.0       0.454818   180.000    45.000    90.000    0     119.848328      -0.754450
    -50.00    -15.00      26.003710       0.000000       0.000000         8       7.0       8.0       0.454818   180.000    45.000    90.000    0     119.925491      -0.703690
    -50.00    -10.00      21.335800       0.000000       0.000000         8       7.0       8.0       0.454818   180.000    45.000    90.000    0     119.909439      -0.704820
    -50.00     -5.00      16.667900       0.000000       0.000000         8       7.0       8.0       0.454818   180.000    45.000    90.000    0     119.893379      -0.705950
    -50.00      0.00      12.000000       0.000000       0.000000         8       7.0       8.0       0.454818   180.000    45.000    90.000    0     119.877319      -0.707080
    -50.00      5.00       7.332100       0.000000       0.000000         8       7.0       8.0       0.454818   180.000    45.000    90.000    0     119.861259      -0.708210
    -50.00     10.00       2.664200       0.000000       0.000000         8       7.0       8.0       0.454818   180.000    45.000    90.000    0     119.845230      -0.709340
    -45.00    -15.00      26.003710       0.000000       0.000000         8       7.0       8.0       0.454818   180.000    45.000    90.000    0     119.922363      -0.658590
    -45.00    -10.00      21.335800       0.000000       0.000000         8       7.0       8.0       0.454818   180.000    45.000    90.000    0     119.906303      -0.659720
    -45.00     -5.00      16.667900       0.000000       0.000000         8       7.0       8.0       0.454818   180.000    45.000    90.000    0     119.890244      -0.660850
    -45.00      0.00      12.000000       0.000000       0.000000         8       7.0       8.0       0.454818   180.000    45.000    90.000    0     119.874191      -0.661980
    -45.00      5.00       7.332100       0.000000       0.000000         8       7.0       8.0       0.454818   180.000    45.000    90.000    0     119.858131      -0.663110
    -45.00     10.00       2.664200       0.000000       0.000000         8       7.0       8.0       0.454818   180.000    45.000    90.000    0     119.842102      -0.664240
    -40.00    -15.00      26.003710       0.034735       0.034735         8       7.0       8.0       0.454818    99.120    61.220    89.300    1     119.919228      -0.613480
    -40.00    -10.00      21.335800       0.037011       0.037011         8       7.0       8.0       0.454818   220.010    85.250  -113.470    0     119.903168      -0.614610
    -40.00     -5.00      16.667900       0.088508       0.088508         8       7.0       8.0       0.454818   323.830    21.830   -34.390    0     119.887108      -0.615740
    -40.00      0.00      12.000000       0.074408       0.074408         8       7.0       8.0       0.454818   333.880    36.670     4.120    0     119.871048      -0.616870
    -40.00      5.00       7.332100       0.089992       0.089992         8       7.0       8.0       0.454818   320.880    48.730   -41.290    0     119.855003      -0.618000
    -40.00     10.00       2.664200       0.069772       0.069772         8       7.0       8.0       0.454818   329.750    48.870   -28.070    0     119.838959      -0.619130
    -35.00    -15.00      26.003710       0.081203       0.081203         8       7.0       8.0       0.454818    20.470    50.600    42.770    0     119.916100      -0.568370
    -35.00    -10.00      21.335800       0.069953       0.069953         8       7.0       8.0       0.454818     3.970    82.610    45.450    0     119.900040      -0.569500
    -35.00     -5.00      16.667900       0.067264       0.067264         8       7.0       8.0       0.454818   350.410    71.800    -0.390    0     119.883980      -0.570630
    -35.00      0.00      12.000000       0.109339       0.109339         8       7.0       8.0       0.454818   338.710    64.320   -22.770    0     119.867920      -0.571760
    -35.00      5.00       7.332100       0.161126       0.161126         8       7.0       8.0       0.454818   330.300    51.110   -32.040    0     119.851860      -0.572890
    -35.00     10.00       2.664200       0.147533       0.147533         8       7.0       8.0       0.454818   336.020    54.000   -25.720    0     119.835831      -0.574020
    -30.00    -15.00      26.003710       0.115714       0.115714         8       7.0       8.0       0.454818    17.780    50.610    35.030    0     119.912956      -0.523260
    -30.00    -10.00      21.335800       0.120173       0.120173         8       7.0       8.0       0.454818    10.620    68.220    35.370    0     119.896912      -0.524390
    -30.00     -5.00      16.667900       0.124837       0.124837         8       7.0       8.0       0.454818     3.150    76.040    19.070    0     119.880852      -0.525520
    -30.00      0.00      12.000000       0.144627       0.144627         8       7.0       8.0       0.454818   352.470    74.450    -1.430    0     119.864792      -0.526650
    -30.00      5.00       7.332100       0.180235       0.180235         8       7.0       8.0       0.454818   347.580    66.260   -10.300    0     119.848732      -0.527780
    -30.00     10.00       2.664200       0.183777       0.183777         8       7.0       8.0       0.454818   348.240    65.920   -10.860    0     119.832687      -0.528910
    -25.00    -15.00      26.003710       0.131236       0.131236         8       7.0       8.0       0.454818    14.690    55.200    32.360    0     119.909828      -0.478150
    -25.00    -10.00      21.335800       0.162920       0.162920         8       7.0       8.0       0.454818     8.670    68.930    30.660    0     119.893768      -0.479280
    -25.00     -5.00      16.667900       0.191319       0.191319         8       7.0       8.0       0.454818     5.690    74.250    21.370    0     119.877724      -0.480410
    -25.00      0.00      12.000000       0.208157       0.208157         8       7.0       8.0       0.454818   357.320    76.850     8.840    0     119.861656      -0.481540
    -25.00      5.00       7.332100       0.240159       0.240159         8       7.0       8.0       0.454818   353.970    68.930    -0.260    0     119.845619      -0.482670
    -25.00     10.00       2.664200       0.241942       0.241942         8       7.0       8.0       0.454818   353.570    68.790    -4.170    0     119.829559      -0.483800
    -20.00    -15.00      26.003710       0.135088       0.135088         8       7.0       8.0       0.454818     9.650    59.990    28.980    0     119.906700      -0.433040
    -20.00    -10.00      21.335800       0.199642       0.199642         8       7.0       8.0       0.454818     6.090    68.890    24.950    0     119.890640      -0.434170
    -20.00     -5.00      16.667900       0.242228       0.242228         8       7.0       8.0       0.454818     3.490    75.010    17.540    0     119.874580      -0.435300
    -20.00      0.00      12.000000       0.276835       0.276835         8       7.0       8.0       0.454818   359.060    73.170     7.720    0     119.858528      -0.436430
    -20.00      5.00       7.332100       0.301911       0.301911         8       7.0       8.0       0.454818   356.970    70.230     2.520    0     119.842484      -0.437560
    -20.00     10.00       2.664200       0.306828       0.306828         8       7.0       8.0       0.454818   355.540    67.820    -4.040    0     119.826424      -0.438690
    -15.00    -15.00      26.003710       0.134657       0.134657         8       7.0       8.0       0.454818     5.050    67.280    25.870    0     119.903572      -0.387940
    -15.00    -10.00      21.335800       0.229311       0.229311         8       7.0       8.0       0.454818     4.090    71.030    20.390    0     119.887512      -0.389070
    -15.00     -5.00      16.667900       0.286325       0.286325         8       7.0       8.0       0.454818     1.240    76.510    13.870    0     119.871452      -0.390200
    -15.00      0.00      12.000000       0.336731       0.336731         8       7.0       8.0       0.454818   358.710    74.110     5.430    0     119.855392      -0.391330
    -15.00      5.00       7.332100       0.358143       0.358143         8       7.0       8.0       0.454818   357.800    70.710     1.500    0     119.839348      -0.392460
    -15.00     10.00       2.664200       0.366355       0.366355         8       7.0       8.0       0.454818   355.830    67.360    -6.260    0     119.823288      -0.393590
    -10.00    -15.00      26.003710       0.145088       0.145088         8       7.0       8.0       0.454818     4.000    71.850    25.850    0     119.900436      -0.342830
    -10.00    -10.00      21.335800       0.251908       0.251908         8       7.0       8.0       0.454818     3.670    71.910    17.420    0     119.884377      -0.343960
    -10.00     -5.00      16.667900       0.315368       0.315368         8       7.0       8.0       0.454818     0.180    75.710     9.550    0     119.868317      -0.345090
    -10.00      0.00      12.000000       0.373675       0.373675         8       7.0       8.0       0.454818   358.180    73.570     1.280    0     119.852257      -0.346220
    -10.00      5.00       7.332100       0.402623       0.402623         8       7.0       8.0       0.454818   357.060    69.550    -3.310    0     119.836212      -0.347350
    -10.00     10.00       2.664200       0.414815       0.414815         8       7.0       8.0       0.454818   355.270    67.440    -9.750    0     119.820152      -0.348480
     -5.00    -15.00      26.003710       0.159415       0.159415         8       7.0       8.0       0.454818     4.180    73.340    24.740    0     119.897301      -0.297720
     -5.00    -10.00      21.335800       0.264893       0.264893         8       7.0       8.0       0.454818     3.520    72.190    14.700    0     119.881248      -0.298850
     -5.00     -5.00      16.667900       0.336308       0.336308         8       7.0       8.0       0.454818   359.630    74.640     6.340    0     119.865189      -0.299980
     -5.00      0.00      12.000000       0.396201       0.396201         8       7.0       8.0       0.454818   357.690    73.110    -1.310    0     119.849129      -0.301110
     -5.00      5.00       7.332100       0.428430       0.428430         8       7.0       8.0       0.454818   356.590    70.030    -6.790    0     119.833076      -0.302240
     -5.00     10.00       2.664200       0.443503       0.443503         8       7.0       8.0       0.454818   354.850    69.120   -12.980    0     119.817017      -0.303370
      0.00    -15.00      26.003710       0.165584       0.165584         8       7.0       8.0       0.454818     4.580    71.820    17.940    0     119.894173      -0.252610
      0.00    -10.00      21.335800       0.265377       0.265377         8       7.0       8.0       0.454818     3.740    72.500    10.510    0     119.878113      -0.253740
      0.00     -5.00      16.667900       0.340702       0.340702         8       7.0       8.0       0.454818   359.430    74.550     2.760    0     119.862061      -0.254870
      0.00      0.00      12.000000       0.398162       0.398162         8       7.0       8.0       0.454818   356.540    73.210    -5.490    0     119.846001      -0.256000
      0.00      5.00       7.332100       0.432293       0.432293         8       7.0       8.0       0.454818   355.730    72.160   -11.290    0     119.829941      -0.257130
      0.00     10.00       2.664200       0.452636       0.452636         8       7.0       8.0       0.454818   354.170    71.000   -16.680    0     119.813889      -0.258260
      5.00    -15.00      26.003710       0.164594       0.164594         8       7.0       8.0       0.454818     4.550    68.690     9.170    0     119.891037      -0.207500
      5.00    -10.00      21.335800       0.259621       0.259621         8       7.0       8.0       0.454818     2.730    70.050     3.680    0     119.874977      -0.208630
      5.00     -5.00      16.667900       0.334770       0.334770         8       7.0       8.0       0.454818   358.960    70.470    -1.490    0     119.858917      -0.209760
      5.00      0.00      12.000000       0.387155       0.387155         8       7.0       8.0       0.454818   354.700    70.150   -10.710    0     119.842873      -0.210890
      5.00      5.00       7.332100       0.423141       0.423141         8       7.0       8.0       0.454818   354.120    71.850   -15.930    0     119.826813      -0.212020
      5.00     10.00       2.664200       0.442932       0.442932         8       7.0       8.0       0.454818   353.080    72.030   -20.550    0     119.810753      -0.213150
     10.00    -15.00      26.003710       0.155426       0.155426         8       7.0       8.0       0.454818     3.240    63.370    -0.360    0     119.887901      -0.162390
     10.00    -10.00      21.335800       0.253610       0.253610         8       7.0       8.0       0.454818     0.650    63.340    -4.700    0     119.871849      -0.163520
     10.00     -5.00      16.667900       0.313367       0.313367         8       7.0       8.0       0.454818   357.520    65.590    -7.390    0     119.855789      -0.164650
     10.00      0.00      12.000000       0.352774       0.352774         8       7.0       8.0       0.454818   353.530    69.670   -14.790    0     119.839737      -0.165780
     10.00      5.00       7.332100       0.389807       0.389807         8       7.0       8.0       0.454818   352.730    72.210   -19.550    0     119.823677      -0.166910
     10.00     10.00       2.664200       0.409792       0.409792         8       7.0       8.0       0.454818   351.770    73.120   -24.410    0     119.807617      -0.168040
     15.00    -15.00      26.003710       0.132394       0.132394         8       7.0       8.0       0.454818     1.780    62.420    -8.270    0     119.884773      -0.117280
     15.00    -10.00      21.335800       0.227974       0.227974         8       7.0       8.0       0.454818   358.730    61.680   -10.970    0     119.868713      -0.118410
     15.00     -5.00      16.667900       0.278350       0.278350         8       7.0       8.0       0.454818   354.760    61.260   -13.560    0     119.852654      -0.119540
     15.00      0.00      12.000000       0.298979       0.298979         8       7.0       8.0       0.454818   351.890    69.310   -18.530    0     119.836609      -0.120670
     15.00      5.00       7.332100       0.331590       0.331590         8       7.0       8.0       0.454818   351.340    73.560   -22.470    0     119.820549      -0.121800
     15.00     10.00       2.664200       0.354610       0.354610         8       7.0       8.0       0.454818   349.820    73.770   -28.120    0     119.804489      -0.122930
     20.00    -15.00      26.003710       0.100555       0.100555         8       7.0       8.0       0.454818     1.180    65.500   -16.190    0     119.881630      -0.072170
     20.00    -10.00      21.335800       0.191495       0.191495         8       7.0       8.0       0.454818   355.080    58.980   -19.070    0     119.865578      -0.073310
     20.00     -5.00      16.667900       0.231779       0.231779         8       7.0       8.0       0.454818   351.300    57.010   -18.370    0     119.849518      -0.074440
     20.00      0.00      12.000000       0.238380       0.238380         8       7.0       8.0       0.454818   349.260    65.190   -21.180    0     119.833473      -0.075570
     20.00      5.00       7.332100       0.259999       0.259999         8       7.0       8.0       0.454818   347.620    71.970   -26.090    0     119.817421      -0.076700
     20.00     10.00       2.664200       0.281766       0.281766         8       7.0       8.0       0.454818   346.480    73.250   -31.720    0     119.801361      -0.077830
     25.00    -15.00      26.003710       0.069115       0.069115         8       7.0       8.0       0.454818     6.610    79.350   -29.480    0     119.878502      -0.027070
     25.00    -10.00      21.335800       0.140092       0.140092         8       7.0       8.0       0.454818   354.770    59.950   -24.000    0     119.862442      -0.028200
     25.00     -5.00      16.667900       0.163928       0.163928         8       7.0       8.0       0.454818   349.880    57.470   -21.620    0     119.846382      -0.029330
     25.00      0.00      12.000000       0.167761       0.167761         8       7.0       8.0       0.454818   345.730    60.380   -24.890    0     119.830338      -0.030460
     25.00      5.00       7.332100       0.184668       0.184668         8       7.0       8.0       0.454818   339.960    66.110   -32.040    0     119.814278      -0.031590
     25.00     10.00       2.664200       0.200383       0.200383         8       7.0       8.0       0.454818   341.050    70.420   -34.960    0     119.798233      -0.032720
     30.00    -15.00      26.003710       0.050164       0.050164         8       7.0       8.0       0.454818   214.770    69.030    46.930    0     119.875359       0.018040
     30.00    -10.00      21.335800       0.099315       0.099315         8       7.0       8.0       0.454818   215.720    81.780    71.270    0     119.859306       0.016910
     30.00     -5.00      16.667900       0.089616       0.089616         8       7.0       8.0       0.454818   353.300    60.880   -18.610    0     119.843269       0.015780
     30.00      0.00      12.000000       0.094579       0.094579         8       7.0       8.0       0.454818   343.640    52.310   -24.990    0     119.827209       0.014650
     30.00      5.00       7.332100       0.104998       0.104998         8       7.0       8.0       0.454818   331.180    59.630   -37.400    0     119.811150       0.013520
     30.00     10.00       2.664200       0.121339       0.121339         8       7.0       8.0       0.454818   333.130    65.600   -37.070    0     119.795097       0.012390
     35.00    -15.00      26.003710       0.046335       0.046335         8       7.0       8.0       0.454818   108.150    52.880   116.550    1     119.872231       0.063150
     35.00    -10.00      21.335800       0.066975       0.066975         8       7.0       8.0       0.454818   103.080    31.350   142.050    1     119.856171       0.062020
     35.00     -5.00      16.667900       0.041035       0.041035         8       7.0       8.0       0.454818   204.060    69.920    42.350    0     119.840141       0.060890
     35.00      0.00      12.000000       0.054428       0.054428         8       7.0       8.0       0.454818   337.420    28.780   -20.040    0     119.824081       0.059760
     35.00      5.00       7.332100       0.057260       0.057260         8       7.0       8.0       0.454818   108.240    49.290   -88.170    1     119.808022       0.058630
     35.00     10.00       2.664200       0.054720       0.054720         8       7.0       8.0       0.454818   322.410    58.980   -38.770    0     119.791962       0.057500
     40.00    -15.00      26.003710       0.065192       0.065192         8       7.0       8.0       0.454818    99.210    63.190   102.190    1     119.869087       0.108260
     40.00    -10.00      21.335800       0.041377       0.041377         8       7.0       8.0       0.454818    86.820    64.030    93.020    1     119.853043       0.107130
     40.00     -5.00      16.667900       0.046885       0.046885         8       7.0       8.0       0.454818    88.730    31.990   106.590    1     119.836998       0.106000
     40.00      0.00      12.000000       0.044900       0.044900         8       7.0       8.0       0.454818   319.550    12.670   -13.940    0     119.820953       0.104870
     40.00      5.00       7.332100       0.024125       0.024125         8       7.0       8.0       0.454818    30.560    89.610    99.470    0     119.804893       0.103740
     40.00     10.00       2.664200       0.011466       0.011466         8       7.0       8.0       0.454818   150.510    41.870    26.610    0     119.788834       0.102610
     45.00    -15.00      26.003710       0.000000       0.000000         8       7.0       8.0       0.454818   180.000    45.000    90.000    0     119.865959       0.153370
     45.00    -10.00      21.335800       0.000000       0.000000         8       7.0       8.0       0.454818   180.000    45.000    90.000    0     119.849899       0.152240
     45.00     -5.00      16.667900       0.000000       0.000000         8       7.0       8.0       0.454818   180.000    45.000    90.000    0     119.833870       0.151110
     45.00      0.00      12.000000       0.000000       0.000000         8       7.0       8.0       0.454818   180.000    45.000    90.000    0     119.817818       0.149980
     45.00      5.00       7.332100       0.000000       0.000000         8       7.0       8.0       0.454818   180.000    45.000    90.000    0     119.801758       0.148850
     45.00     10.00       2.664200       0.000000       0.000000         8       7.0       8.0       0.454818   180.000    45.000    90.000    0     119.785698       0.147720
     50.00    -15.00      26.003710       0.000000       0.000000         8       7.0       8.0       0.454818   180.000    45.000    90.000    0     119.862823       0.198480
     50.00    -10.00      21.335800       0.000000       0.000000         8       7.0       8.0       0.454818   180.000    45.000    90.000    0     119.846771       0.197340
     50.00     -5.00      16.667900       0.000000       0.000000         8       7.0       8.0       0.454818   180.000    45.000    90.000    0     119.830742       0.196210
     50.00      0.00      12.000000       0.000000       0.000000         8       7.0       8.0       0.454818   180.000    45.000    90.000    0     119.814682       0.195080
     50.00      5.00       7.332100       0.000000       0.000000         8       7.0       8.0       0.454818   180.000    45.000    90.000    0     119.798630       0.193950
     50.00     10.00       2.664200       0.000000       0.000000         8       7.0       8.0       0.454818   180.000    45.000    90.000    0     119.782570       0.192820
