      xloc      yloc          depth         ave SR         max SR         #     start       end     max SR all       str       dip      rake flag
   -185.00    -15.00      26.003710       0.000000       0.000000        17      16.0      17.0       0.454818   180.000    45.000    90.000    0     120.010109      -1.921610
   -185.00    -10.00      21.335800       0.000000       0.000000        17      16.0      17.0       0.454818   180.000    45.000    90.000    0     119.994049      -1.922740
   -185.00     -5.00      16.667900       0.000000       0.000000        17      16.0      17.0       0.454818   180.000    45.000    90.000    0     119.977982      -1.923870
   -185.00      0.00      12.000000       0.000000       0.000000        17      16.0      17.0       0.454818   180.000    45.000    90.000    0     119.961922      -1.925000
   -185.00      5.00       7.332100       0.000000       0.000000        17      16.0      17.0       0.454818   180.000    45.000    90.000    0     119.945847      -1.926130
   -185.00     10.00       2.664200       0.000000       0.000000        17      16.0      17.0       0.454818   180.000    45.000    90.000    0     119.929787      -1.927260
   -180.00    -15.00      26.003710       0.000000       0.000000        17      16.0      17.0       0.454818   180.000    45.000    90.000    0     120.006973      -1.876500
   -180.00    -10.00      21.335800       0.000000       0.000000        17      16.0      17.0       0.454818   180.000    45.000    90.000    0     119.990913      -1.877630
   -180.00     -5.00      16.667900       0.000000       0.000000        17      16.0      17.0       0.454818   180.000    45.000    90.000    0     119.974854      -1.878770
   -180.00      0.00      12.000000       0.000000       0.000000        17      16.0      17.0       0.454818   180.000    45.000    90.000    0     119.958778      -1.879900
   -180.00      5.00       7.332100       0.000000       0.000000        17      16.0      17.0       0.454818   180.000    45.000    90.000    0     119.942719      -1.881030
   -180.00     10.00       2.664200       0.000000       0.000000        17      16.0      17.0       0.454818   180.000    45.000    90.000    0     119.926651      -1.882160
   -175.00    -15.00      26.003710       0.000000       0.000000        17      16.0      17.0       0.454818   180.000    45.000    90.000    0     120.003838      -1.831400
   -175.00    -10.00      21.335800       0.000000       0.000000        17      16.0      17.0       0.454818   180.000    45.000    90.000    0     119.987778      -1.832530
   -175.00     -5.00      16.667900       0.000000       0.000000        17      16.0      17.0       0.454818   180.000    45.000    90.000    0     119.971710      -1.833660
   -175.00      0.00      12.000000       0.000000       0.000000        17      16.0      17.0       0.454818   180.000    45.000    90.000    0     119.955650      -1.834790
   -175.00      5.00       7.332100       0.000000       0.000000        17      16.0      17.0       0.454818   180.000    45.000    90.000    0     119.939583      -1.835920
   -175.00     10.00       2.664200       0.000000       0.000000        17      16.0      17.0       0.454818   180.000    45.000    90.000    0     119.923523      -1.837050
   -170.00    -15.00      26.003710       0.000000       0.000000        17      16.0      17.0       0.454818   180.000    45.000    90.000    0     120.000702      -1.786290
   -170.00    -10.00      21.335800       0.000000       0.000000        17      16.0      17.0       0.454818   180.000    45.000    90.000    0     119.984642      -1.787420
   -170.00     -5.00      16.667900       0.000000       0.000000        17      16.0      17.0       0.454818   180.000    45.000    90.000    0     119.968582      -1.788550
   -170.00      0.00      12.000000       0.000000       0.000000        17      16.0      17.0       0.454818   180.000    45.000    90.000    0     119.952507      -1.789680
   -170.00      5.00       7.332100       0.000000       0.000000        17      16.0      17.0       0.454818   180.000    45.000    90.000    0     119.936447      -1.790810
   -170.00     10.00       2.664200       0.000000       0.000000        17      16.0      17.0       0.454818   180.000    45.000    90.000    0     119.920387      -1.791940
   -165.00    -15.00      26.003710       0.000000       0.000000        17      16.0      17.0       0.454818   180.000    45.000    90.000    0     119.997566      -1.741180
   -165.00    -10.00      21.335800       0.000000       0.000000        17      16.0      17.0       0.454818   180.000    45.000    90.000    0     119.981499      -1.742310
   -165.00     -5.00      16.667900       0.000000       0.000000        17      16.0      17.0       0.454818   180.000    45.000    90.000    0     119.965439      -1.743440
   -165.00      0.00      12.000000       0.000000       0.000000        17      16.0      17.0       0.454818   180.000    45.000    90.000    0     119.949379      -1.744570
   -165.00      5.00       7.332100       0.000000       0.000000        17      16.0      17.0       0.454818   180.000    45.000    90.000    0     119.933319      -1.745700
   -165.00     10.00       2.664200       0.000000       0.000000        17      16.0      17.0       0.454818   180.000    45.000    90.000    0     119.917252      -1.746830
   -160.00    -15.00      26.003710       0.000000       0.000000        17      16.0      17.0       0.454818   180.000    45.000    90.000    0     119.994431      -1.696070
   -160.00    -10.00      21.335800       0.000000       0.000000        17      16.0      17.0       0.454818   180.000    45.000    90.000    0     119.978371      -1.697200
   -160.00     -5.00      16.667900       0.000000       0.000000        17      16.0      17.0       0.454818   180.000    45.000    90.000    0     119.962311      -1.698330
   -160.00      0.00      12.000000       0.000000       0.000000        17      16.0      17.0       0.454818   180.000    45.000    90.000    0     119.946243      -1.699460
   -160.00      5.00       7.332100       0.000000       0.000000        17      16.0      17.0       0.454818   180.000    45.000    90.000    0     119.930183      -1.700590
   -160.00     10.00       2.664200       0.000000       0.000000        17      16.0      17.0       0.454818   180.000    45.000    90.000    0     119.914124      -1.701720
   -155.00    -15.00      26.003710       0.000000       0.000000        17      16.0      17.0       0.454818   180.000    45.000    90.000    0     119.991302      -1.650960
   -155.00    -10.00      21.335800       0.000000       0.000000        17      16.0      17.0       0.454818   180.000    45.000    90.000    0     119.975243      -1.652100
   -155.00     -5.00      16.667900       0.000000       0.000000        17      16.0      17.0       0.454818   180.000    45.000    90.000    0     119.959167      -1.653230
   -155.00      0.00      12.000000       0.000000       0.000000        17      16.0      17.0       0.454818   180.000    45.000    90.000    0     119.943108      -1.654360
   -155.00      5.00       7.332100       0.000000       0.000000        17      16.0      17.0       0.454818   180.000    45.000    90.000    0     119.927048      -1.655490
   -155.00     10.00       2.664200       0.000000       0.000000        17      16.0      17.0       0.454818   180.000    45.000    90.000    0     119.910980      -1.656620
   -150.00    -15.00      26.003710       0.000000       0.000000        17      16.0      17.0       0.454818   180.000    45.000    90.000    0     119.988159      -1.605860
   -150.00    -10.00      21.335800       0.000000       0.000000        17      16.0      17.0       0.454818   180.000    45.000    90.000    0     119.972099      -1.606990
   -150.00     -5.00      16.667900       0.000000       0.000000        17      16.0      17.0       0.454818   180.000    45.000    90.000    0     119.956039      -1.608120
   -150.00      0.00      12.000000       0.000000       0.000000        17      16.0      17.0       0.454818   180.000    45.000    90.000    0     119.939980      -1.609250
   -150.00      5.00       7.332100       0.000000       0.000000        17      16.0      17.0       0.454818   180.000    45.000    90.000    0     119.923912      -1.610380
   -150.00     10.00       2.664200       0.000000       0.000000        17      16.0      17.0       0.454818   180.000    45.000    90.000    0     119.907852      -1.611510
   -145.00    -15.00      26.003710       0.000000       0.000000        17      16.0      17.0       0.454818   180.000    45.000    90.000    0     119.985031      -1.560750
   -145.00    -10.00      21.335800       0.000000       0.000000        17      16.0      17.0       0.454818   180.000    45.000    90.000    0     119.968971      -1.561880
   -145.00     -5.00      16.667900       0.000000       0.000000        17      16.0      17.0       0.454818   180.000    45.000    90.000    0     119.952904      -1.563010
   -145.00      0.00      12.000000       0.000000       0.000000        17      16.0      17.0       0.454818   180.000    45.000    90.000    0     119.936836      -1.564140
   -145.00      5.00       7.332100       0.000000       0.000000        17      16.0      17.0       0.454818   180.000    45.000    90.000    0     119.920776      -1.565270
   -145.00     10.00       2.664200       0.000000       0.000000        17      16.0      17.0       0.454818   180.000    45.000    90.000    0     119.904716      -1.566400
   -140.00    -15.00      26.003710       0.000000       0.000000        17      16.0      17.0       0.454818   180.000    45.000    90.000    0     119.981888      -1.515640
   -140.00    -10.00      21.335800       0.000000       0.000000        17      16.0      17.0       0.454818   180.000    45.000    90.000    0     119.965828      -1.516770
   -140.00     -5.00      16.667900       0.000000       0.000000        17      16.0      17.0       0.454818   180.000    45.000    90.000    0     119.949768      -1.517900
   -140.00      0.00      12.000000       0.000000       0.000000        17      16.0      17.0       0.454818   180.000    45.000    90.000    0     119.933708      -1.519030
   -140.00      5.00       7.332100       0.000000       0.000000        17      16.0      17.0       0.454818   180.000    45.000    90.000    0     119.917648      -1.520160
   -140.00     10.00       2.664200       0.000000       0.000000        17      16.0      17.0       0.454818   180.000    45.000    90.000    0     119.901581      -1.521290
   -135.00    -15.00      26.003710       0.000000       0.000000        17      16.0      17.0       0.454818   180.000    45.000    90.000    0     119.978760      -1.470530
   -135.00    -10.00      21.335800       0.000000       0.000000        17      16.0      17.0       0.454818   180.000    45.000    90.000    0     119.962700      -1.471660
   -135.00     -5.00      16.667900       0.000000       0.000000        17      16.0      17.0       0.454818   180.000    45.000    90.000    0     119.946640      -1.472790
   -135.00      0.00      12.000000       0.000000       0.000000        17      16.0      17.0       0.454818   180.000    45.000    90.000    0     119.930573      -1.473920
   -135.00      5.00       7.332100       0.000000       0.000000        17      16.0      17.0       0.454818   180.000    45.000    90.000    0     119.914513      -1.475050
   -135.00     10.00       2.664200       0.000000       0.000000        17      16.0      17.0       0.454818   180.000    45.000    90.000    0     119.898453      -1.476180
   -130.00    -15.00      26.003710       0.000000       0.000000        17      16.0      17.0       0.454818   180.000    45.000    90.000    0     119.975632      -1.425430
   -130.00    -10.00      21.335800       0.000000       0.000000        17      16.0      17.0       0.454818   180.000    45.000    90.000    0     119.959557      -1.426560
   -130.00     -5.00      16.667900       0.000000       0.000000        17      16.0      17.0       0.454818   180.000    45.000    90.000    0     119.943497      -1.427690
   -130.00      0.00      12.000000       0.000000       0.000000        17      16.0      17.0       0.454818   180.000    45.000    90.000    0     119.927437      -1.428820
   -130.00      5.00       7.332100       0.000000       0.000000        17      16.0      17.0       0.454818   180.000    45.000    90.000    0     119.911377      -1.429950
   -130.00     10.00       2.664200       0.000000       0.000000        17      16.0      17.0       0.454818   180.000    45.000    90.000    0     119.895317      -1.431080
   -125.00    -15.00      26.003710       0.000000       0.000000        17      16.0      17.0       0.454818   180.000    45.000    90.000    0     119.972488      -1.380320
   -125.00    -10.00      21.335800       0.000000       0.000000        17      16.0      17.0       0.454818   180.000    45.000    90.000    0     119.956429      -1.381450
   -125.00     -5.00      16.667900       0.000000       0.000000        17      16.0      17.0       0.454818   180.000    45.000    90.000    0     119.940369      -1.382580
   -125.00      0.00      12.000000       0.000000       0.000000        17      16.0      17.0       0.454818   180.000    45.000    90.000    0     119.924309      -1.383710
   -125.00      5.00       7.332100       0.000000       0.000000        17      16.0      17.0       0.454818   180.000    45.000    90.000    0     119.908249      -1.384840
   -125.00     10.00       2.664200       0.000000       0.000000        17      16.0      17.0       0.454818   180.000    45.000    90.000    0     119.892189      -1.385970
   -120.00    -15.00      26.003710       0.000000       0.000000        17      16.0      17.0       0.454818   180.000    45.000    90.000    0     119.969360      -1.335210
   -120.00    -10.00      21.335800       0.000000       0.000000        17      16.0      17.0       0.454818   180.000    45.000    90.000    0     119.953300      -1.336340
   -120.00     -5.00      16.667900       0.000000       0.000000        17      16.0      17.0       0.454818   180.000    45.000    90.000    0     119.937241      -1.337470
   -120.00      0.00      12.000000       0.000000       0.000000        17      16.0      17.0       0.454818   180.000    45.000    90.000    0     119.921173      -1.338600
   -120.00      5.00       7.332100       0.000000       0.000000        17      16.0      17.0       0.454818   180.000    45.000    90.000    0     119.905113      -1.339730
   -120.00     10.00       2.664200       0.000000       0.000000        17      16.0      17.0       0.454818   180.000    45.000    90.000    0     119.889053      -1.340860
   -115.00    -15.00      26.003710       0.000000       0.000000        17      16.0      17.0       0.454818   180.000    45.000    90.000    0     119.966217      -1.290100
   -115.00    -10.00      21.335800       0.000000       0.000000        17      16.0      17.0       0.454818   180.000    45.000    90.000    0     119.950157      -1.291230
   -115.00     -5.00      16.667900       0.000000       0.000000        17      16.0      17.0       0.454818   180.000    45.000    90.000    0     119.934097      -1.292360
   -115.00      0.00      12.000000       0.000000       0.000000        17      16.0      17.0       0.454818   180.000    45.000    90.000    0     119.918037      -1.293490
   -115.00      5.00       7.332100       0.000000       0.000000        17      16.0      17.0       0.454818   180.000    45.000    90.000    0     119.901978      -1.294620
   -115.00     10.00       2.664200       0.000000       0.000000        17      16.0      17.0       0.454818   180.000    45.000    90.000    0     119.885918      -1.295750
   -110.00    -15.00      26.003710       0.000000       0.000000        17      16.0      17.0       0.454818   180.000    45.000    90.000    0     119.963089      -1.244990
   -110.00    -10.00      21.335800       0.000000       0.000000        17      16.0      17.0       0.454818   180.000    45.000    90.000    0     119.947029      -1.246120
   -110.00     -5.00      16.667900       0.000000       0.000000        17      16.0      17.0       0.454818   180.000    45.000    90.000    0     119.930969      -1.247250
   -110.00      0.00      12.000000       0.000000       0.000000        17      16.0      17.0       0.454818   180.000    45.000    90.000    0     119.914909      -1.248380
   -110.00      5.00       7.332100       0.000000       0.000000        17      16.0      17.0       0.454818   180.000    45.000    90.000    0     119.898849      -1.249510
   -110.00     10.00       2.664200       0.000000       0.000000        17      16.0      17.0       0.454818   180.000    45.000    90.000    0     119.882790      -1.250640
   -105.00    -15.00      26.003710       0.000000       0.000000        17      16.0      17.0       0.454818   180.000    45.000    90.000    0     119.959961      -1.199880
   -105.00    -10.00      21.335800       0.000000       0.000000        17      16.0      17.0       0.454818   180.000    45.000    90.000    0     119.943901      -1.201010
   -105.00     -5.00      16.667900       0.000000       0.000000        17      16.0      17.0       0.454818   180.000    45.000    90.000    0     119.927841      -1.202140
   -105.00      0.00      12.000000       0.000000       0.000000        17      16.0      17.0       0.454818   180.000    45.000    90.000    0     119.911774      -1.203270
   -105.00      5.00       7.332100       0.000000       0.000000        17      16.0      17.0       0.454818   180.000    45.000    90.000    0     119.895714      -1.204400
   -105.00     10.00       2.664200       0.000000       0.000000        17      16.0      17.0       0.454818   180.000    45.000    90.000    0     119.879646      -1.205530
   -100.00    -15.00      26.003710       0.000000       0.000000        17      16.0      17.0       0.454818   180.000    45.000    90.000    0     119.956818      -1.154780
   -100.00    -10.00      21.335800       0.000000       0.000000        17      16.0      17.0       0.454818   180.000    45.000    90.000    0     119.940758      -1.155910
   -100.00     -5.00      16.667900       0.000000       0.000000        17      16.0      17.0       0.454818   180.000    45.000    90.000    0     119.924698      -1.157040
   -100.00      0.00      12.000000       0.000000       0.000000        17      16.0      17.0       0.454818   180.000    45.000    90.000    0     119.908638      -1.158170
   -100.00      5.00       7.332100       0.000000       0.000000        17      16.0      17.0       0.454818   180.000    45.000    90.000    0     119.892578      -1.159300
   -100.00     10.00       2.664200       0.000000       0.000000        17      16.0      17.0       0.454818   180.000    45.000    90.000    0     119.876518      -1.160430
    -95.00    -15.00      26.003710       0.000000       0.000000        17      16.0      17.0       0.454818   180.000    45.000    90.000    0     119.953690      -1.109670
    -95.00    -10.00      21.335800       0.000000       0.000000        17      16.0      17.0       0.454818   180.000    45.000    90.000    0     119.937630      -1.110800
    -95.00     -5.00      16.667900       0.000000       0.000000        17      16.0      17.0       0.454818   180.000    45.000    90.000    0     119.921570      -1.111930
    -95.00      0.00      12.000000       0.000000       0.000000        17      16.0      17.0       0.454818   180.000    45.000    90.000    0     119.905510      -1.113060
    -95.00      5.00       7.332100       0.000000       0.000000        17      16.0      17.0       0.454818   180.000    45.000    90.000    0     119.889450      -1.114190
    -95.00     10.00       2.664200       0.000000       0.000000        17      16.0      17.0       0.454818   180.000    45.000    90.000    0     119.873390      -1.115320
    -90.00    -15.00      26.003710       0.000000       0.000000        17      16.0      17.0       0.454818   180.000    45.000    90.000    0     119.950562      -1.064560
    -90.00    -10.00      21.335800       0.000000       0.000000        17      16.0      17.0       0.454818   180.000    45.000    90.000    0     119.934502      -1.065690
    -90.00     -5.00      16.667900       0.000000       0.000000        17      16.0      17.0       0.454818   180.000    45.000    90.000    0     119.918442      -1.066820
    -90.00      0.00      12.000000       0.000000       0.000000        17      16.0      17.0       0.454818   180.000    45.000    90.000    0     119.902382      -1.067950
    -90.00      5.00       7.332100       0.000000       0.000000        17      16.0      17.0       0.454818   180.000    45.000    90.000    0     119.886322      -1.069080
    -90.00     10.00       2.664200       0.000000       0.000000        17      16.0      17.0       0.454818   180.000    45.000    90.000    0     119.870262      -1.070210
    -85.00    -15.00      26.003710       0.084533       0.084533        17      16.0      17.0       0.454818    96.280    65.150    92.130    1     119.947418      -1.019450
    -85.00    -10.00      21.335800       0.059562       0.059562        17      16.0      17.0       0.454818     0.870    74.930   -48.120    0     119.931358      -1.020580
    -85.00     -5.00      16.667900       0.044134       0.044134        17      16.0      17.0       0.454818    17.880    68.920    50.550    0     119.915298      -1.021710
    -85.00      0.00      12.000000       0.050367       0.050367        17      16.0      17.0       0.454818   349.240    18.550    16.230    0     119.899239      -1.022840
    -85.00      5.00       7.332100       0.061053       0.061053        17      16.0      17.0       0.454818   211.510    48.090    42.630    0     119.883179      -1.023970
    -85.00     10.00       2.664200       0.048839       0.048839        17      16.0      17.0       0.454818   199.910    68.310    33.200    0     119.867119      -1.025100
    -80.00    -15.00      26.003710       0.090105       0.090105        17      16.0      17.0       0.454818   162.500    85.070    75.800    0     119.944290      -0.974340
    -80.00    -10.00      21.335800       0.097264       0.097264        17      16.0      17.0       0.454818   183.910    85.520    47.390    0     119.928230      -0.975470
    -80.00     -5.00      16.667900       0.086628       0.086628        17      16.0      17.0       0.454818   357.460    80.390    -2.550    0     119.912170      -0.976600
    -80.00      0.00      12.000000       0.112139       0.112139        17      16.0      17.0       0.454818   350.920    60.900    -7.820    0     119.896111      -0.977730
    -80.00      5.00       7.332100       0.107727       0.107727        17      16.0      17.0       0.454818   359.940    89.690   -24.880    0     119.880051      -0.978860
    -80.00     10.00       2.664200       0.113804       0.113804        17      16.0      17.0       0.454818   183.120    88.730    28.310    0     119.863991      -0.979990
    -75.00    -15.00      26.003710       0.127863       0.127863        17      16.0      17.0       0.454818   161.590    89.120    63.720    0     119.941162      -0.929240
    -75.00    -10.00      21.335800       0.148131       0.148131        17      16.0      17.0       0.454818   172.200    86.650    45.400    0     119.925102      -0.930370
    -75.00     -5.00      16.667900       0.160786       0.160786        17      16.0      17.0       0.454818   344.940    71.810   -16.830    0     119.909042      -0.931500
    -75.00      0.00      12.000000       0.196954       0.196954        17      16.0      17.0       0.454818   345.390    63.410   -11.170    0     119.892982      -0.932630
    -75.00      5.00       7.332100       0.193188       0.193188        17      16.0      17.0       0.454818   347.320    69.960   -13.730    0     119.876923      -0.933760
    -75.00     10.00       2.664200       0.192469       0.192469        17      16.0      17.0       0.454818   349.180    71.840   -14.910    0     119.860863      -0.934890
    -70.00    -15.00      26.003710       0.139113       0.139113        17      16.0      17.0       0.454818   339.300    88.780   -53.990    0     119.938019      -0.884130
    -70.00    -10.00      21.335800       0.190657       0.190657        17      16.0      17.0       0.454818   343.310    85.700   -37.600    0     119.921959      -0.885260
    -70.00     -5.00      16.667900       0.234757       0.234757        17      16.0      17.0       0.454818   339.630    68.110   -16.450    0     119.905907      -0.886390
    -70.00      0.00      12.000000       0.278579       0.278579        17      16.0      17.0       0.454818   342.140    64.130   -11.900    0     119.889847      -0.887520
    -70.00      5.00       7.332100       0.278244       0.278244        17      16.0      17.0       0.454818   342.880    66.260   -14.390    0     119.873787      -0.888650
    -70.00     10.00       2.664200       0.279562       0.279562        17      16.0      17.0       0.454818   343.830    66.900   -14.300    0     119.857727      -0.889780
    -65.00    -15.00      26.003710       0.133719       0.133719        17      16.0      17.0       0.454818   336.510    84.190   -41.280    0     119.934891      -0.839020
    -65.00    -10.00      21.335800       0.215070       0.215070        17      16.0      17.0       0.454818   338.190    79.670   -26.790    0     119.918831      -0.840150
    -65.00     -5.00      16.667900       0.283021       0.283021        17      16.0      17.0       0.454818   339.160    71.040   -12.530    0     119.902771      -0.841280
    -65.00      0.00      12.000000       0.333170       0.333170        17      16.0      17.0       0.454818   340.740    68.240   -10.620    0     119.886711      -0.842410
    -65.00      5.00       7.332100       0.344777       0.344777        17      16.0      17.0       0.454818   340.740    66.610   -13.530    0     119.870659      -0.843540
    -65.00     10.00       2.664200       0.348326       0.348326        17      16.0      17.0       0.454818   341.380    66.660   -13.240    0     119.854599      -0.844670
    -60.00    -15.00      26.003710       0.124853       0.124853        17      16.0      17.0       0.454818   334.930    78.280   -27.550    0     119.931763      -0.793910
    -60.00    -10.00      21.335800       0.223179       0.223179        17      16.0      17.0       0.454818   338.190    80.550   -16.050    0     119.915703      -0.795040
    -60.00     -5.00      16.667900       0.312266       0.312266        17      16.0      17.0       0.454818   339.700    76.180    -7.120    0     119.899643      -0.796170
    -60.00      0.00      12.000000       0.363006       0.363006        17      16.0      17.0       0.454818   340.400    74.230    -7.000    0     119.883583      -0.797300
    -60.00      5.00       7.332100       0.385446       0.385446        17      16.0      17.0       0.454818   340.010    69.810   -10.210    0     119.867523      -0.798430
    -60.00     10.00       2.664200       0.390175       0.390175        17      16.0      17.0       0.454818   340.650    69.780    -9.580    0     119.851463      -0.799560
    -55.00    -15.00      26.003710       0.112860       0.112860        17      16.0      17.0       0.454818   336.620    80.720   -11.810    0     119.928627      -0.748800
    -55.00    -10.00      21.335800       0.225130       0.225130        17      16.0      17.0       0.454818   339.900    84.290    -4.250    0     119.912567      -0.749930
    -55.00     -5.00      16.667900       0.324381       0.324381        17      16.0      17.0       0.454818   340.120    83.450    -0.260    0     119.896507      -0.751060
    -55.00      0.00      12.000000       0.374576       0.374576        17      16.0      17.0       0.454818   340.280    79.890    -2.230    0     119.880447      -0.752190
    -55.00      5.00       7.332100       0.399202       0.399202        17      16.0      17.0       0.454818   340.040    74.640    -4.990    0     119.864388      -0.753320
    -55.00     10.00       2.664200       0.407303       0.407303        17      16.0      17.0       0.454818   340.550    75.330    -3.890    0     119.848328      -0.754450
    -50.00    -15.00      26.003710       0.108471       0.108471        17      16.0      17.0       0.454818   156.820    88.320    -9.070    0     119.925491      -0.703690
    -50.00    -10.00      21.335800       0.224995       0.224995        17      16.0      17.0       0.454818   341.020    89.060     7.820    0     119.909439      -0.704820
    -50.00     -5.00      16.667900       0.325129       0.325129        17      16.0      17.0       0.454818   159.830    89.220    -6.600    0     119.893379      -0.705950
    -50.00      0.00      12.000000       0.370519       0.370519        17      16.0      17.0       0.454818   340.020    83.610     1.560    0     119.877319      -0.707080
    -50.00      5.00       7.332100       0.392470       0.392470        17      16.0      17.0       0.454818   339.880    78.910    -0.670    0     119.861259      -0.708210
    -50.00     10.00       2.664200       0.404297       0.404297        17      16.0      17.0       0.454818   340.200    81.470     2.120    0     119.845230      -0.709340
    -45.00    -15.00      26.003710       0.102279       0.102279        17      16.0      17.0       0.454818   158.190    82.580   -20.850    0     119.922363      -0.658590
    -45.00    -10.00      21.335800       0.220707       0.220707        17      16.0      17.0       0.454818   161.520    89.120   -19.420    0     119.906303      -0.659720
    -45.00     -5.00      16.667900       0.307778       0.307778        17      16.0      17.0       0.454818   159.660    87.010   -11.350    0     119.890244      -0.660850
    -45.00      0.00      12.000000       0.349163       0.349163        17      16.0      17.0       0.454818   339.620    84.030     3.340    0     119.874191      -0.661980
    -45.00      5.00       7.332100       0.370375       0.370375        17      16.0      17.0       0.454818   339.390    79.370     0.560    0     119.858131      -0.663110
    -45.00     10.00       2.664200       0.382861       0.382861        17      16.0      17.0       0.454818   339.560    85.580     6.310    0     119.842102      -0.664240
    -40.00    -15.00      26.003710       0.097861       0.097861        17      16.0      17.0       0.454818   164.910    88.890   -29.140    0     119.919228      -0.613480
    -40.00    -10.00      21.335800       0.203052       0.203052        17      16.0      17.0       0.454818   343.500    88.610    27.590    0     119.903168      -0.614610
    -40.00     -5.00      16.667900       0.271094       0.271094        17      16.0      17.0       0.454818   160.190    89.510   -15.140    0     119.887108      -0.615740
    -40.00      0.00      12.000000       0.309949       0.309949        17      16.0      17.0       0.454818   339.360    82.990     4.440    0     119.871048      -0.616870
    -40.00      5.00       7.332100       0.331730       0.331730        17      16.0      17.0       0.454818   338.910    78.180     0.000    0     119.855003      -0.618000
    -40.00     10.00       2.664200       0.342009       0.342009        17      16.0      17.0       0.454818   339.100    86.990     8.180    0     119.838959      -0.619130
    -35.00    -15.00      26.003710       0.091412       0.091412        17      16.0      17.0       0.454818   356.510    81.110    37.110    0     119.916100      -0.568370
    -35.00    -10.00      21.335800       0.180946       0.180946        17      16.0      17.0       0.454818   345.780    84.470    35.170    0     119.900040      -0.569500
    -35.00     -5.00      16.667900       0.224006       0.224006        17      16.0      17.0       0.454818   341.530    81.460    18.650    0     119.883980      -0.570630
    -35.00      0.00      12.000000       0.256268       0.256268        17      16.0      17.0       0.454818   339.110    77.900     2.900    0     119.867920      -0.571760
    -35.00      5.00       7.332100       0.282247       0.282247        17      16.0      17.0       0.454818   338.180    72.960    -2.940    0     119.851860      -0.572890
    -35.00     10.00       2.664200       0.286456       0.286456        17      16.0      17.0       0.454818   338.960    85.060     8.120    0     119.835831      -0.574020
    -30.00    -15.00      26.003710       0.076331       0.076331        17      16.0      17.0       0.454818   357.110    82.600    26.880    0     119.912956      -0.523260
    -30.00    -10.00      21.335800       0.143829       0.143829        17      16.0      17.0       0.454818   350.890    77.570    40.980    0     119.896912      -0.524390
    -30.00     -5.00      16.667900       0.174372       0.174372        17      16.0      17.0       0.454818   343.430    69.540    21.730    0     119.880852      -0.525520
    -30.00      0.00      12.000000       0.205148       0.205148        17      16.0      17.0       0.454818   337.950    66.940     1.090    0     119.864792      -0.526650
    -30.00      5.00       7.332100       0.227603       0.227603        17      16.0      17.0       0.454818   337.150    63.760    -6.750    0     119.848732      -0.527780
    -30.00     10.00       2.664200       0.223644       0.223644        17      16.0      17.0       0.454818   339.170    78.750     5.540    0     119.832687      -0.528910
    -25.00    -15.00      26.003710       0.058726       0.058726        17      16.0      17.0       0.454818   171.280    86.920   -13.070    0     119.909828      -0.478150
    -25.00    -10.00      21.335800       0.097185       0.097185        17      16.0      17.0       0.454818   350.840    72.270    35.910    0     119.893768      -0.479280
    -25.00     -5.00      16.667900       0.126551       0.126551        17      16.0      17.0       0.454818   343.520    60.960    22.890    0     119.877724      -0.480410
    -25.00      0.00      12.000000       0.155980       0.155980        17      16.0      17.0       0.454818   335.880    55.710    -1.210    0     119.861656      -0.481540
    -25.00      5.00       7.332100       0.169778       0.169778        17      16.0      17.0       0.454818   335.680    53.900   -11.040    0     119.845619      -0.482670
    -25.00     10.00       2.664200       0.159708       0.159708        17      16.0      17.0       0.454818   339.580    66.980    -1.920    0     119.829559      -0.483800
    -20.00    -15.00      26.003710       0.040718       0.040718        17      16.0      17.0       0.454818   162.500    49.350   -28.820    0     119.906700      -0.433040
    -20.00    -10.00      21.335800       0.043937       0.043937        17      16.0      17.0       0.454818   343.270    70.640     8.630    0     119.890640      -0.434170
    -20.00     -5.00      16.667900       0.079734       0.079734        17      16.0      17.0       0.454818   339.620    50.280    14.460    0     119.874580      -0.435300
    -20.00      0.00      12.000000       0.107220       0.107220        17      16.0      17.0       0.454818   331.950    42.200    -4.560    0     119.858528      -0.436430
    -20.00      5.00       7.332100       0.101114       0.101114        17      16.0      17.0       0.454818   335.360    48.240   -13.770    0     119.842484      -0.437560
    -20.00     10.00       2.664200       0.095462       0.095462        17      16.0      17.0       0.454818   107.790    61.650   -98.430    1     119.826424      -0.438690
    -15.00    -15.00      26.003710       0.028687       0.028687        17      16.0      17.0       0.454818   197.190    35.570   -18.080    0     119.903572      -0.387940
    -15.00    -10.00      21.335800       0.018544       0.018544        17      16.0      17.0       0.454818    46.760    74.020  -120.440    1     119.887512      -0.389070
    -15.00     -5.00      16.667900       0.019547       0.019547        17      16.0      17.0       0.454818   342.200    73.340    29.760    0     119.871452      -0.390200
    -15.00      0.00      12.000000       0.014770       0.014770        17      16.0      17.0       0.454818   340.320    86.450   -27.080    0     119.855392      -0.391330
    -15.00      5.00       7.332100       0.052129       0.052129        17      16.0      17.0       0.454818   328.400    27.750   -18.710    0     119.839348      -0.392460
    -15.00     10.00       2.664200       0.039575       0.039575        17      16.0      17.0       0.454818   319.000    31.110   -55.360    0     119.823288      -0.393590
    -10.00    -15.00      26.003710       0.030752       0.030752        17      16.0      17.0       0.454818   164.740    26.450  -147.280    0     119.900436      -0.342830
    -10.00    -10.00      21.335800       0.010342       0.010342        17      16.0      17.0       0.454818   176.400    76.010  -117.900    0     119.884377      -0.343960
    -10.00     -5.00      16.667900       0.000000       0.000000        17      16.0      17.0       0.454818   180.000    45.000    90.000    0     119.868317      -0.345090
    -10.00      0.00      12.000000       0.000000       0.000000        17      16.0      17.0       0.454818   180.000    45.000    90.000    0     119.852257      -0.346220
    -10.00      5.00       7.332100       0.000000       0.000000        17      16.0      17.0       0.454818   180.000    45.000    90.000    0     119.836212      -0.347350
    -10.00     10.00       2.664200       0.007288       0.007288        17      16.0      17.0       0.454818   135.140    51.830   -69.680    0     119.820152      -0.348480
     -5.00    -15.00      26.003710       0.019542       0.019542        17      16.0      17.0       0.454818   137.900    25.930  -169.720    0     119.897301      -0.297720
     -5.00    -10.00      21.335800       0.000000       0.000000        17      16.0      17.0       0.454818   180.000    45.000    90.000    0     119.881248      -0.298850
     -5.00     -5.00      16.667900       0.000000       0.000000        17      16.0      17.0       0.454818   180.000    45.000    90.000    0     119.865189      -0.299980
     -5.00      0.00      12.000000       0.000000       0.000000        17      16.0      17.0       0.454818   180.000    45.000    90.000    0     119.849129      -0.301110
     -5.00      5.00       7.332100       0.000000       0.000000        17      16.0      17.0       0.454818   180.000    45.000    90.000    0     119.833076      -0.302240
     -5.00     10.00       2.664200       0.000000       0.000000        17      16.0      17.0       0.454818   180.000    45.000    90.000    0     119.817017      -0.303370
      0.00    -15.00      26.003710       0.026916       0.026916        17      16.0      17.0       0.454818   125.240    49.370   125.560    1     119.894173      -0.252610
      0.00    -10.00      21.335800       0.000000       0.000000        17      16.0      17.0       0.454818   180.000    45.000    90.000    0     119.878113      -0.253740
      0.00     -5.00      16.667900       0.000000       0.000000        17      16.0      17.0       0.454818   180.000    45.000    90.000    0     119.862061      -0.254870
      0.00      0.00      12.000000       0.000000       0.000000        17      16.0      17.0       0.454818   180.000    45.000    90.000    0     119.846001      -0.256000
      0.00      5.00       7.332100       0.000000       0.000000        17      16.0      17.0       0.454818   180.000    45.000    90.000    0     119.829941      -0.257130
      0.00     10.00       2.664200       0.000000       0.000000        17      16.0      17.0       0.454818   180.000    45.000    90.000    0     119.813889      -0.258260
      5.00    -15.00      26.003710       0.057859       0.057859        17      16.0      17.0       0.454818   328.450    42.460   151.830    0     119.891037      -0.207500
      5.00    -10.00      21.335800       0.000000       0.000000        17      16.0      17.0       0.454818   180.000    45.000    90.000    0     119.874977      -0.208630
      5.00     -5.00      16.667900       0.000000       0.000000        17      16.0      17.0       0.454818   180.000    45.000    90.000    0     119.858917      -0.209760
      5.00      0.00      12.000000       0.000000       0.000000        17      16.0      17.0       0.454818   180.000    45.000    90.000    0     119.842873      -0.210890
      5.00      5.00       7.332100       0.000000       0.000000        17      16.0      17.0       0.454818   180.000    45.000    90.000    0     119.826813      -0.212020
      5.00     10.00       2.664200       0.000000       0.000000        17      16.0      17.0       0.454818   180.000    45.000    90.000    0     119.810753      -0.213150
     10.00    -15.00      26.003710       0.053996       0.053996        17      16.0      17.0       0.454818   339.920    53.620   156.010    0     119.887901      -0.162390
     10.00    -10.00      21.335800       0.017275       0.017275        17      16.0      17.0       0.454818   194.130    86.870  -110.040    0     119.871849      -0.163520
     10.00     -5.00      16.667900       0.000000       0.000000        17      16.0      17.0       0.454818   180.000    45.000    90.000    0     119.855789      -0.164650
     10.00      0.00      12.000000       0.000000       0.000000        17      16.0      17.0       0.454818   180.000    45.000    90.000    0     119.839737      -0.165780
     10.00      5.00       7.332100       0.000000       0.000000        17      16.0      17.0       0.454818   180.000    45.000    90.000    0     119.823677      -0.166910
     10.00     10.00       2.664200       0.006829       0.006829        17      16.0      17.0       0.454818   104.380    78.330   -96.260    1     119.807617      -0.168040
     15.00    -15.00      26.003710       0.050518       0.050518        17      16.0      17.0       0.454818   352.100    67.870   161.860    0     119.884773      -0.117280
     15.00    -10.00      21.335800       0.056321       0.056321        17      16.0      17.0       0.454818    22.030    85.300   111.530    0     119.868713      -0.118410
     15.00     -5.00      16.667900       0.025742       0.025742        17      16.0      17.0       0.454818   214.460    63.840  -165.920    0     119.852654      -0.119540
     15.00      0.00      12.000000       0.023179       0.023179        17      16.0      17.0       0.454818    56.160     7.490    79.030    1     119.836609      -0.120670
     15.00      5.00       7.332100       0.022484       0.022484        17      16.0      17.0       0.454818   119.990    60.690   -76.900    1     119.820549      -0.121800
     15.00     10.00       2.664200       0.033722       0.033722        17      16.0      17.0       0.454818   111.260    82.980   -91.260    1     119.804489      -0.122930
     20.00    -15.00      26.003710       0.055281       0.055281        17      16.0      17.0       0.454818   189.220    63.110   154.070    0     119.881630      -0.072170
     20.00    -10.00      21.335800       0.056949       0.056949        17      16.0      17.0       0.454818   217.400    84.260  -170.030    0     119.865578      -0.073310
     20.00     -5.00      16.667900       0.070073       0.070073        17      16.0      17.0       0.454818    41.640    85.110   179.410    0     119.849518      -0.074440
     20.00      0.00      12.000000       0.071363       0.071363        17      16.0      17.0       0.454818    62.400    67.710  -126.370    1     119.833473      -0.075570
     20.00      5.00       7.332100       0.102273       0.102273        17      16.0      17.0       0.454818    83.720    65.780  -100.810    1     119.817421      -0.076700
     20.00     10.00       2.664200       0.093014       0.093014        17      16.0      17.0       0.454818    98.420    78.050   -88.510    1     119.801361      -0.077830
     25.00    -15.00      26.003710       0.062604       0.062604        17      16.0      17.0       0.454818    55.690    83.740  -108.610    1     119.878502      -0.027070
     25.00    -10.00      21.335800       0.069348       0.069348        17      16.0      17.0       0.454818   314.630    72.990     6.920    0     119.862442      -0.028200
     25.00     -5.00      16.667900       0.100537       0.100537        17      16.0      17.0       0.454818   315.530    88.860    -9.030    0     119.846382      -0.029330
     25.00      0.00      12.000000       0.110931       0.110931        17      16.0      17.0       0.454818    61.260    63.440  -137.230    1     119.830338      -0.030460
     25.00      5.00       7.332100       0.134706       0.134706        17      16.0      17.0       0.454818    73.850    66.950  -115.290    1     119.814278      -0.031590
     25.00     10.00       2.664200       0.122129       0.122129        17      16.0      17.0       0.454818    84.520    75.460  -100.900    1     119.798233      -0.032720
     30.00    -15.00      26.003710       0.072163       0.072163        17      16.0      17.0       0.454818   320.410    22.890   -17.620    0     119.875359       0.018040
     30.00    -10.00      21.335800       0.094204       0.094204        17      16.0      17.0       0.454818   321.620    52.250   -10.250    0     119.859306       0.016910
     30.00     -5.00      16.667900       0.118148       0.118148        17      16.0      17.0       0.454818   140.530    85.070     2.990    0     119.843269       0.015780
     30.00      0.00      12.000000       0.129860       0.129860        17      16.0      17.0       0.454818   317.070    68.100   -21.510    0     119.827209       0.014650
     30.00      5.00       7.332100       0.136494       0.136494        17      16.0      17.0       0.454818   316.710    45.950   -27.200    0     119.811150       0.013520
     30.00     10.00       2.664200       0.125823       0.125823        17      16.0      17.0       0.454818   321.210    30.870   -25.690    0     119.795097       0.012390
     35.00    -15.00      26.003710       0.070728       0.070728        17      16.0      17.0       0.454818   340.960    32.980    -3.190    0     119.872231       0.063150
     35.00    -10.00      21.335800       0.112498       0.112498        17      16.0      17.0       0.454818   326.770    49.380   -18.080    0     119.856171       0.062020
     35.00     -5.00      16.667900       0.127293       0.127293        17      16.0      17.0       0.454818   143.960    81.430    -5.390    0     119.840141       0.060890
     35.00      0.00      12.000000       0.141964       0.141964        17      16.0      17.0       0.454818   322.010    85.190    -5.550    0     119.824081       0.059760
     35.00      5.00       7.332100       0.129277       0.129277        17      16.0      17.0       0.454818   325.370    65.660    -7.190    0     119.808022       0.058630
     35.00     10.00       2.664200       0.119768       0.119768        17      16.0      17.0       0.454818   329.550    55.190     0.530    0     119.791962       0.057500
     40.00    -15.00      26.003710       0.068168       0.068168        17      16.0      17.0       0.454818   349.440    46.240    -2.440    0     119.869087       0.108260
     40.00    -10.00      21.335800       0.104827       0.104827        17      16.0      17.0       0.454818   333.620    55.050   -22.150    0     119.853043       0.107130
     40.00     -5.00      16.667900       0.121794       0.121794        17      16.0      17.0       0.454818   147.540    82.030    -8.930    0     119.836998       0.106000
     40.00      0.00      12.000000       0.145233       0.145233        17      16.0      17.0       0.454818   142.010    75.840   -10.180    0     119.820953       0.104870
     40.00      5.00       7.332100       0.118924       0.118924        17      16.0      17.0       0.454818   146.580    85.790   -10.740    0     119.804893       0.103740
     40.00     10.00       2.664200       0.105933       0.105933        17      16.0      17.0       0.454818   328.980    73.610    12.020    0     119.788834       0.102610
     45.00    -15.00      26.003710       0.060816       0.060816        17      16.0      17.0       0.454818   354.180    63.760   -10.490    0     119.865959       0.153370
     45.00    -10.00      21.335800       0.078048       0.078048        17      16.0      17.0       0.454818   346.120    67.650   -16.490    0     119.849899       0.152240
     45.00     -5.00      16.667900       0.096935       0.096935        17      16.0      17.0       0.454818   329.610    70.030   -13.200    0     119.833870       0.151110
     45.00      0.00      12.000000       0.133358       0.133358        17      16.0      17.0       0.454818   139.380    65.610   -19.650    0     119.817818       0.149980
     45.00      5.00       7.332100       0.102361       0.102361        17      16.0      17.0       0.454818   145.970    68.730   -12.400    0     119.801758       0.148850
     45.00     10.00       2.664200       0.080056       0.080056        17      16.0      17.0       0.454818   328.710    85.600    15.140    0     119.785698       0.147720
     50.00    -15.00      26.003710       0.041168       0.041168        17      16.0      17.0       0.454818   357.300    78.190   -14.150    0     119.862823       0.198480
     50.00    -10.00      21.335800       0.044036       0.044036        17      16.0      17.0       0.454818     3.800    82.350    -5.240    0     119.846771       0.197340
     50.00     -5.00      16.667900       0.059715       0.059715        17      16.0      17.0       0.454818    96.410    58.940  -104.490    1     119.830742       0.196210
     50.00      0.00      12.000000       0.098599       0.098599        17      16.0      17.0       0.454818   134.380    58.710   -30.460    0     119.814682       0.195080
     50.00      5.00       7.332100       0.064748       0.064748        17      16.0      17.0       0.454818   145.310    57.930   -10.260    0     119.798630       0.193950
     50.00     10.00       2.664200       0.043741       0.043741        17      16.0      17.0       0.454818   148.680    82.740   -13.090    0     119.782570       0.192820
