     119.952240      -1.926360      26.003710       0.000000            NaN            NaN            NaN            NaN            NaN            NaN   26
     119.950684      -1.881170      26.003710       0.000000            NaN            NaN            NaN            NaN            NaN            NaN   26
     119.949112      -1.835980      26.003710       0.000000            NaN            NaN            NaN            NaN            NaN            NaN   26
     119.947540      -1.790790      26.003710       0.000000            NaN            NaN            NaN            NaN            NaN            NaN   26
     119.945969      -1.745600      26.003710       0.000000            NaN            NaN            NaN            NaN            NaN            NaN   26
     119.944397      -1.700410      26.003710       0.066300      -0.372500       0.377500      -0.005000       0.535000       1.542500      -0.450000   26
     119.942841      -1.655220      26.003710       0.169800      -1.797500       1.495000       0.302500      -3.730000       0.042500       1.155000   26
     119.941269      -1.610030      26.003710       0.250500      -1.932500       1.610000       0.322500      -5.315000       2.017500       2.292500   26
     119.939697      -1.564840      26.003710       0.256500      -2.630000       3.985000      -1.355000      -3.992500       2.457500       2.657500   26
     119.938133      -1.519650      26.003710       0.239500      -0.467500       3.490000      -3.022500      -4.780000      -0.125000       2.497500   26
     119.936562      -1.474460      26.003710       0.235700       1.665000       1.795000      -3.460000      -5.345000      -0.692500      -0.960000   26
     119.934998      -1.429270      26.003710       0.383500       3.572500      -0.045000      -3.527500      -6.387500       2.155000      -6.067500   26
     119.933434      -1.384080      26.003710       0.506700       4.530000      -1.980000      -2.550000      -5.287500       4.502500      -9.875000   26
     119.931862      -1.338890      26.003710       0.596300       0.547750      -0.365750      -0.182000      -0.403250       0.660750      -1.179500   26
     119.930290      -1.293690      26.003710       0.653600       0.545750      -0.238250      -0.307500      -0.115750       0.989000      -1.208500   26
     119.928726      -1.248500      26.003710       0.756300       1.074750      -0.582500      -0.492250       0.349500       1.118000      -1.205500   26
     119.927162      -1.203310      26.003710       0.753500       0.857750      -0.165750      -0.692000       0.674750       1.228000      -1.151750   26
     119.925591      -1.158120      26.003710       0.822700       0.478250       0.441750      -0.920000       1.119500       1.223750      -1.235750   26
     119.924026      -1.112930      26.003710       0.932100       0.177250       1.084000      -1.261250       1.283500       0.858250      -1.332000   26
     119.922462      -1.067740      26.003710       0.912300      -0.042250       1.438750      -1.396500       0.675000       0.503250      -1.578750   26
     119.920891      -1.022550      26.003710       0.999300       0.048500       1.449250      -1.497750       0.418000       0.338250      -1.946500   26
     119.919319      -0.977360      26.003710       0.996500       0.634750       0.512750      -1.147500       0.395750      -0.013250      -2.304250   26
     119.917763      -0.932170      26.003710       1.067600       0.564000       0.059000      -0.623000      -0.434750      -0.557500      -2.576500   26
     119.916191      -0.886980      26.003710       1.200300       0.308500       0.110500      -0.419000      -1.078250      -0.934500      -2.710500   26
     119.914619      -0.841790      26.003710       1.398100       0.166000       0.399750      -0.565750      -1.191500      -2.007000      -2.795500   26
     119.913063      -0.796600      26.003710       1.307900       0.424250       0.173750      -0.598000      -0.936500      -1.921500      -2.637500   26
     119.911491      -0.751410      26.003710       1.166100       0.359750       0.220000      -0.579750      -0.651000      -1.288500      -2.583000   26
     119.909920      -0.706210      26.003710       1.110900       0.314000       0.358750      -0.672750      -1.007000      -1.155250      -2.393000   26
     119.908363      -0.661020      26.003710       1.191100      -0.281750       1.465750      -1.184000      -1.044000      -0.809000      -2.309000   26
     119.906792      -0.615830      26.003710       1.223300      -0.167250       1.768000      -1.600750      -0.661250      -0.616250      -2.383250   26
     119.905220      -0.570640      26.003710       1.159800      -0.077500       1.654250      -1.576750      -0.460250       0.175250      -2.359750   26
     119.903664      -0.525450      26.003710       1.253100       0.091500       1.282250      -1.373750      -0.524750       1.351250      -2.439000   26
     119.902092      -0.480260      26.003710       1.254300       0.044250       0.972000      -1.016250      -0.751500       1.485250      -2.485500   26
     119.900528      -0.435070      26.003710       1.188300       0.273250       0.384750      -0.658000      -0.833750       0.960000      -2.633500   26
     119.898956      -0.389880      26.003710       1.260700       0.657250      -0.300500      -0.356750      -1.191500       0.729000      -2.767750   26
     119.897392      -0.344690      26.003710       1.498100       0.776250      -0.673500      -0.102750      -1.391750       1.259000      -3.170750   26
     119.895828      -0.299500      26.003710       1.502400       0.880250      -0.967750       0.087500      -0.806000       1.179750      -3.350500   26
     119.894257      -0.254300      26.003710       1.406300       0.555250      -0.947250       0.392000      -0.547250       0.870750      -3.263750   26
     119.892693      -0.209110      26.003710       1.326100       0.463000      -1.057500       0.594500      -0.892500       0.495500      -3.021750   26
     119.891121      -0.163920      26.003710       1.152500       0.903000      -1.422250       0.519250      -0.816500       0.301500      -2.512000   26
     119.889549      -0.118730      26.003710       0.763100       1.245750      -1.028750      -0.217000      -0.537250      -0.383500      -1.659500   26
     119.887978      -0.073540      26.003710       0.642400       1.422750      -0.735000      -0.687750      -0.495250      -0.557500      -0.710000   26
     119.886414      -0.028350      26.003710       0.575600       1.550000      -1.094750      -0.455250      -0.410500      -0.471250      -0.005250   26
     119.884850       0.016840      26.003710       0.592900       1.464750      -0.678500      -0.786250      -0.930500      -0.488250       0.092500   26
     119.883278       0.062030      26.003710       0.455600       0.755500       0.355250      -1.110750      -0.443500       0.367750      -0.074750   26
     119.881706       0.107230      26.003710       0.490800       0.560750       0.864500      -1.425250      -0.154250       0.427750       0.031750   26
     119.880142       0.152420      26.003710       0.585100      -0.132750       1.365000      -1.232250      -0.702250       0.217000      -0.079000   26
     119.878571       0.197610      26.003710       0.392500      -3.547500       9.977501      -6.430000      -6.597500       0.762500      -2.102500   26
     119.936150      -1.926930      21.335800       0.000000            NaN            NaN            NaN            NaN            NaN            NaN   26
     119.934578      -1.881740      21.335800       0.000000            NaN            NaN            NaN            NaN            NaN            NaN   26
     119.933006      -1.836550      21.335800       0.000000            NaN            NaN            NaN            NaN            NaN            NaN   26
     119.931450      -1.791360      21.335800       0.000000            NaN            NaN            NaN            NaN            NaN            NaN   26
     119.929878      -1.746170      21.335800       0.000000            NaN            NaN            NaN            NaN            NaN            NaN   26
     119.928307      -1.700980      21.335800       0.069700       0.092500       0.465000      -0.557500      -1.627500      -0.575000       0.315000   26
     119.926743      -1.655790      21.335800       0.052500      -0.682500       0.230000       0.452500      -0.330000      -0.205000       1.255000   26
     119.925179      -1.610590      21.335800       0.182300      -3.270000       3.410000      -0.140000      -1.495000       1.702500       2.117500   26
     119.923607      -1.565400      21.335800       0.209100      -3.047500       5.095000      -2.047500      -1.767500       1.700000       1.425000   26
     119.922043      -1.520210      21.335800       0.212000      -0.650000       5.002500      -4.352500      -0.617500      -1.402500      -1.892500   26
     119.920471      -1.475020      21.335800       0.364000       3.290000       1.995000      -5.285000      -3.450000      -2.925000      -7.232500   26
     119.918907      -1.429830      21.335800       0.699400       0.777000      -0.432250      -0.344750      -0.810000      -0.053000      -1.453500   26
     119.917343      -1.384640      21.335800       0.935700       0.958000      -0.842250      -0.115750      -0.817500       0.400000      -1.985750   26
     119.915771      -1.339450      21.335800       1.008700       1.145750      -1.075750      -0.070000      -0.349250       0.640250      -2.216500   26
     119.914200      -1.294260      21.335800       1.018800       0.945250      -0.746500      -0.198750      -0.137250       0.699000      -2.361750   26
     119.912643      -1.249070      21.335800       1.097900       1.431250      -0.834000      -0.597250       0.412750       1.018000      -2.434000   26
     119.911072      -1.203880      21.335800       1.063800       1.445500      -0.518000      -0.927500       0.721750       1.233000      -2.170500   26
     119.909500      -1.158690      21.335800       1.099800       0.957250       0.603250      -1.560500       1.034000       1.409000      -2.124250   26
     119.907944      -1.113500      21.335800       1.391000       0.482000       1.843750      -2.325750       1.107000       1.351000      -2.301250   26
     119.906372      -1.068310      21.335800       1.694000      -0.161250       2.970250      -2.809000       0.757000       0.900250      -2.862500   26
     119.904800      -1.023120      21.335800       1.887100      -0.114000       3.030500      -2.916500       0.626000       0.639500      -3.550500   26
     119.903236      -0.977920      21.335800       1.897700       0.526750       1.662000      -2.188750       0.446250      -0.156500      -4.305750   26
     119.901672      -0.932730      21.335800       1.925000       0.798750       0.627500      -1.426250      -0.238250      -1.241750      -4.543499   26
     119.900101      -0.887540      21.335800       2.125600       0.604500       0.502250      -1.106750      -1.361500      -1.804750      -4.859500   26
     119.898537      -0.842350      21.335800       2.384400       0.461250       0.775750      -1.237000      -1.814750      -2.878000      -5.064000   26
     119.896973      -0.797160      21.335800       2.339900       0.305750       0.903000      -1.208750      -1.720500      -2.870750      -4.927000   26
     119.895401      -0.751970      21.335800       2.266400       0.194500       0.903250      -1.097750      -1.688750      -2.442750      -4.894751   26
     119.893837      -0.706780      21.335800       2.190100       0.019750       1.317000      -1.336750      -2.043000      -1.970250      -4.620250   26
     119.892273      -0.661590      21.335800       2.201800      -0.881750       2.979250      -2.097500      -1.853500      -0.939500      -4.366500   26
     119.890701      -0.616400      21.335800       2.201600      -0.813000       3.538000      -2.725000      -0.916500      -0.353000      -4.410000   26
     119.889137      -0.571210      21.335800       2.233000      -1.036500       3.764000      -2.727500      -1.036250       0.447500      -4.432750   26
     119.887573      -0.526020      21.335800       2.190100      -0.981250       3.246250      -2.265000      -1.200750       1.422000      -4.409250   26
     119.886002      -0.480820      21.335800       2.137100      -0.646750       2.254750      -1.608000      -1.331250       1.720500      -4.559250   26
     119.884438      -0.435630      21.335800       2.217300      -0.088000       1.081250      -0.993250      -1.987000       1.538250      -4.924500   26
     119.882874      -0.390440      21.335800       2.459700      -0.132000       0.358750      -0.226750      -2.867500       1.416250      -5.361750   26
     119.881310      -0.345250      21.335800       2.740800       0.341000      -0.056500      -0.284500      -2.766750       1.514750      -6.121500   26
     119.879738      -0.300060      21.335800       2.918200       0.550000      -0.368750      -0.181250      -2.489750       1.441750      -6.699501   26
     119.878166      -0.254870      21.335800       2.816800       0.269000      -0.493250       0.224250      -2.237250       1.111500      -6.580000   26
     119.876602      -0.209680      21.335800       2.529300       0.241750      -0.850500       0.608750      -1.866250       0.417250      -5.979250   26
     119.875038      -0.164490      21.335800       2.066100       0.972000      -1.617000       0.645000      -1.440000       0.113000      -4.815250   26
     119.873466      -0.119300      21.335800       1.456200       1.270250      -1.187000      -0.083250      -1.546000      -0.838250      -3.277000   26
     119.871902      -0.074100      21.335800       0.898800       1.804500      -0.992750      -0.811750      -0.750500      -0.694750      -1.291500   26
     119.870331      -0.028910      21.335800       0.786900       2.018250      -1.081250      -0.937000      -1.041500      -0.397000      -0.214000   26
     119.868759       0.016280      21.335800       0.897000       2.375000      -1.191000      -1.184000      -1.285250      -0.484250       0.033250   26
     119.867188       0.061470      21.335800       0.765200       1.807500      -0.027250      -1.780250      -0.594250       0.342250      -0.005000   26
     119.865623       0.106660      21.335800       0.791000       0.980250       1.351250      -2.331500      -0.317750       0.499000       0.014000   26
     119.864052       0.151850      21.335800       0.924400       0.107500       2.064750      -2.172250      -0.652000       0.616500      -0.198750   26
     119.862480       0.197040      21.335800       0.658000      -0.467000       1.677750      -1.210750      -0.831000       0.169000      -0.398000   26
     119.920059      -1.927490      16.667900       0.000000            NaN            NaN            NaN            NaN            NaN            NaN   26
     119.918488      -1.882300      16.667900       0.000000            NaN            NaN            NaN            NaN            NaN            NaN   26
     119.916924      -1.837110      16.667900       0.000000            NaN            NaN            NaN            NaN            NaN            NaN   26
     119.915352      -1.791920      16.667900       0.000000            NaN            NaN            NaN            NaN            NaN            NaN   26
     119.913788      -1.746730      16.667900       0.000000            NaN            NaN            NaN            NaN            NaN            NaN   26
     119.912216      -1.701540      16.667900       0.078500      -0.307500      -0.225000       0.532500       1.960000      -0.062500       0.082500   26
     119.910652      -1.656350      16.667900       0.259800      -4.915000       4.610000       0.305000       4.365000       0.630000      -0.342500   26
     119.909081      -1.611160      16.667900       0.456400      -0.907750       1.066000      -0.158250       0.521500       0.216250      -0.006500   26
     119.907516      -1.565970      16.667900       0.359500      -6.537500       9.635000      -3.097500       2.912500       1.400000      -1.710000   26
     119.905952      -1.520780      16.667900       0.418500      -4.765000       8.660000      -3.895000      -0.315000      -3.017500      -7.065000   26
     119.904381      -1.475590      16.667900       0.622100      -0.030250       0.292000      -0.261750      -0.398250      -0.555000      -1.386250   26
     119.902809      -1.430400      16.667900       0.972200       0.988750      -1.150500       0.161750      -0.904000      -0.482000      -2.187750   26
     119.901253      -1.385210      16.667900       1.306200       1.582000      -2.061000       0.479000      -1.105250      -0.227000      -2.777000   26
     119.899681      -1.340020      16.667900       1.401200       1.562250      -2.097750       0.535500      -0.938750      -0.201750      -3.108000   26
     119.898109      -1.294830      16.667900       1.384200       1.372000      -1.648250       0.276250      -0.559250      -0.290250      -3.283750   26
     119.896553      -1.249630      16.667900       1.340400       1.527000      -1.271750      -0.255250       0.024250       0.143500      -3.307000   26
     119.894981      -1.204440      16.667900       1.227900       1.547000      -0.644500      -0.902500       0.324000       0.445750      -3.035250   26
     119.893410      -1.159250      16.667900       1.252200       1.395000       0.501750      -1.896750       0.491500       0.803000      -2.800500   26
     119.891853      -1.114060      16.667900       1.693100       0.857750       2.286000      -3.143750       0.492000       1.243250      -3.038500   26
     119.890282      -1.068870      16.667900       2.246700       0.316250       3.809500      -4.125750       0.574000       1.170000      -3.780000   26
     119.888710      -1.023680      16.667900       2.544000      -0.229000       4.363250      -4.134250       0.739750       0.556750      -4.639000   26
     119.887154      -0.978490      16.667900       2.561400      -0.048250       3.223500      -3.175250       0.530500      -0.312500      -5.513250   26
     119.885582      -0.933300      16.667900       2.658800       0.033250       2.121000      -2.154250      -0.219000      -1.730750      -6.052000   26
     119.884010      -0.888110      16.667900       2.908500       0.140750       1.472500      -1.613250      -1.307750      -2.839750      -6.464751   26
     119.882446      -0.842920      16.667900       3.067100       0.384000       1.102250      -1.486250      -2.318250      -3.242500      -6.667000   26
     119.880882      -0.797730      16.667900       3.118900       0.019500       1.453250      -1.472750      -2.350250      -3.292250      -6.702750   26
     119.879311      -0.752540      16.667900       3.145700      -0.338000       2.038750      -1.700750      -2.387750      -2.981750      -6.723751   26
     119.877747      -0.707340      16.667900       3.059200      -0.867500       3.050750      -2.183250      -2.258500      -2.239750      -6.413250   26
     119.876183      -0.662150      16.667900       3.007700      -1.628500       4.443250      -2.814750      -2.090000      -1.131500      -6.043499   26
     119.874619      -0.616960      16.667900       3.031100      -1.919500       5.273000      -3.353500      -1.737000      -0.234250      -5.974250   26
     119.873047      -0.571770      16.667900       3.078200      -2.473000       5.768000      -3.295000      -1.786000       0.333250      -6.012500   26
     119.871483      -0.526580      16.667900       2.890000      -2.198000       4.947751      -2.749750      -1.585250       0.687000      -5.945750   26
     119.869919      -0.481390      16.667900       2.805200      -1.728500       3.654500      -1.926000      -1.906750       1.073750      -6.166500   26
     119.868347      -0.436200      16.667900       2.933000      -1.175000       2.369750      -1.194750      -2.849000       1.155250      -6.556500   26
     119.866791      -0.391010      16.667900       3.165900      -1.015000       1.496250      -0.481250      -3.136750       0.923750      -7.218750   26
     119.865219      -0.345820      16.667900       3.572000      -0.748750       1.027000      -0.278250      -3.242250       0.748000      -8.300000   26
     119.863647      -0.300630      16.667900       3.879900      -0.983000       1.121750      -0.138750      -3.489250       0.268750      -9.030500   26
     119.862091      -0.255430      16.667900       3.932800      -1.025500       0.851250       0.174250      -3.584500      -0.352000      -9.114750   26
     119.860519      -0.210240      16.667900       3.606000      -0.849000       0.385500       0.463500      -3.255250      -1.003500      -8.314000   26
     119.858948      -0.165050      16.667900       2.807000       0.011750      -0.639500       0.627750      -2.510000      -1.080250      -6.468750   26
     119.857384      -0.119860      16.667900       1.916800       0.785750      -0.680750      -0.105000      -2.149500      -1.428750      -4.239750   26
     119.855812      -0.074670      16.667900       1.053400       1.223000      -0.525250      -0.697750      -1.482000      -0.870750      -1.928500   26
     119.854240      -0.029480      16.667900       1.057000       1.746250      -0.810250      -0.936000      -2.070500      -0.519500      -0.589750   26
     119.852669       0.015710      16.667900       1.037700       2.078000      -0.624750      -1.453250      -2.157000      -0.152750      -0.157250   26
     119.851097       0.060900      16.667900       0.984300       1.914000       0.192500      -2.106500      -1.481250       0.327000      -0.068000   26
     119.849533       0.106090      16.667900       0.960100       1.024000       1.506500      -2.530500      -0.846000       0.549750      -0.137500   26
     119.847961       0.151280      16.667900       1.102900      -0.078500       2.541250      -2.462750      -0.571500       0.928000      -0.390500   26
     119.846390       0.196470      16.667900       0.893800      -0.872750       2.316750      -1.444000      -0.690750       0.678500      -0.540500   26
     119.903961      -1.928060      12.000000       0.000000            NaN            NaN            NaN            NaN            NaN            NaN   26
     119.902397      -1.882870      12.000000       0.000000            NaN            NaN            NaN            NaN            NaN            NaN   26
     119.900833      -1.837680      12.000000       0.000000            NaN            NaN            NaN            NaN            NaN            NaN   26
     119.899261      -1.792490      12.000000       0.000000            NaN            NaN            NaN            NaN            NaN            NaN   26
     119.897690      -1.747300      12.000000       0.000000            NaN            NaN            NaN            NaN            NaN            NaN   26
     119.896133      -1.702110      12.000000       0.061900      -0.532500       0.567500      -0.035000       0.765000      -1.270000      -0.000000   26
     119.894562      -1.656920      12.000000       0.176600      -2.407500       3.637500      -1.230000       2.847500      -1.265000      -0.180000   26
     119.892990      -1.611730      12.000000       0.310900      -5.105000       7.782500      -2.677500       3.935000       0.797500      -1.360000   26
     119.891418      -1.566530      12.000000       0.382400      -6.305000       9.335000      -3.030000       3.747500       0.390000      -4.457500   26
     119.889862      -1.521340      12.000000       0.577600      -0.669750       0.895250      -0.225500      -0.129500      -0.434500      -1.150000   26
     119.888290      -1.476150      12.000000       0.898400      -0.315500       0.291750       0.023750      -0.631750      -0.928500      -1.935250   26
     119.886719      -1.430960      12.000000       1.294100       0.613500      -1.262250       0.648750      -1.165000      -1.128750      -2.765500   26
     119.885162      -1.385770      12.000000       1.697100       1.557750      -2.720000       1.162250      -1.585000      -1.330000      -3.360500   26
     119.883591      -1.340580      12.000000       1.900100       1.977500      -3.192250       1.214750      -1.724500      -1.562500      -3.686249   26
     119.882019      -1.295390      12.000000       1.871000       1.922250      -2.825000       0.902750      -1.441750      -1.602000      -3.815500   26
     119.880463      -1.250200      12.000000       1.672500       1.804500      -2.025750       0.221250      -1.057250      -1.142750      -3.814250   26
     119.878891      -1.205010      12.000000       1.465200       1.526000      -0.693750      -0.832250      -0.726000      -0.761000      -3.570750   26
     119.877319      -1.159820      12.000000       1.504400       1.204750       0.999500      -2.204250      -0.409500      -0.210250      -3.371750   26
     119.875763      -1.114630      12.000000       1.942500       1.109000       2.661500      -3.770500      -0.173250       0.685500      -3.566500   26
     119.874191      -1.069440      12.000000       2.583300       0.590000       4.432000      -5.022000       0.304000       0.961000      -4.299250   26
     119.872620      -1.024250      12.000000       2.980100      -0.181500       5.190000      -5.008500       0.594000       0.439250      -5.380500   26
     119.871063      -0.979050      12.000000       3.079500      -0.686250       4.747250      -4.061000       0.516250      -0.595250      -6.269500   26
     119.869492      -0.933860      12.000000       3.175600      -0.582250       3.465750      -2.883500       0.111500      -1.677500      -7.072000   26
     119.867928      -0.888670      12.000000       3.353000      -0.212000       2.133000      -1.921000      -1.230750      -2.998500      -7.493000   26
     119.866364      -0.843480      12.000000       3.490500       0.067500       1.347250      -1.414750      -2.390500      -3.283500      -7.749500   26
     119.864792      -0.798290      12.000000       3.732300      -0.654000       2.238250      -1.584250      -2.855250      -3.566000      -8.002000   26
     119.863228      -0.753100      12.000000       3.752400      -1.382250       3.418500      -2.036250      -2.823250      -2.970000      -7.911251   26
     119.861656      -0.707910      12.000000       3.748100      -2.117250       4.903500      -2.786250      -2.562000      -1.994000      -7.724499   26
     119.860092      -0.662720      12.000000       3.753900      -3.023250       6.391251      -3.368000      -2.232500      -1.050000      -7.459750   26
     119.858528      -0.617530      12.000000       3.694800      -3.480500       7.183500      -3.703000      -1.927750      -0.242500      -7.165751   26
     119.856956      -0.572340      12.000000       3.601200      -3.377500       7.002499      -3.625000      -1.850750       0.031500      -7.038750   26
     119.855400      -0.527150      12.000000       3.428900      -3.411000       6.399500      -2.988500      -1.882750       0.002500      -6.910000   26
     119.853828      -0.481950      12.000000       3.318400      -3.116250       5.297500      -2.181250      -2.369250       0.278250      -7.035000   26
     119.852257      -0.436760      12.000000       3.427900      -2.784500       4.179750      -1.395250      -3.016000       0.400250      -7.533249   26
     119.850700      -0.391570      12.000000       3.752100      -2.323250       3.013250      -0.690000      -3.551750       0.262750      -8.464250   26
     119.849129      -0.346380      12.000000       4.090900      -2.339750       2.503250      -0.163500      -3.489000       0.068000      -9.479000   26
     119.847572      -0.301190      12.000000       4.604200      -0.270825       0.272125      -0.001300      -0.403250      -0.104975      -1.046800   26
     119.846001      -0.256000      12.000000       4.757800      -0.290975       0.261400       0.029575      -0.443950      -0.172500      -1.057950   26
     119.844429      -0.210810      12.000000       4.382500      -2.656250       2.114500       0.541750      -4.362249      -2.186250      -9.507250   26
     119.842873      -0.165620      12.000000       3.477100      -1.544000       0.976500       0.567500      -3.626750      -2.272750      -7.466500   26
     119.841301      -0.120430      12.000000       2.347600      -0.336750       0.331250       0.005500      -3.017500      -2.098000      -4.770500   26
     119.839737      -0.075240      12.000000       1.501400       0.210000       0.259250      -0.469250      -2.526000      -1.382750      -2.610000   26
     119.838173      -0.030050      12.000000       1.385000       0.777750       0.136750      -0.914500      -3.200250      -0.292000      -1.071000   26
     119.836601       0.015150      12.000000       1.214800       1.237500       0.185500      -1.423000      -2.959750       0.329750      -0.403000   26
     119.835037       0.060340      12.000000       1.102400       1.334000       0.761250      -2.095250      -2.255750       0.420250      -0.271250   26
     119.833473       0.105530      12.000000       1.010700       0.867750       1.565500      -2.433250      -1.177250       0.624250      -0.220000   26
     119.831909       0.150720      12.000000       1.092300      -0.657500       2.844500      -2.187000      -0.561750       0.664000      -0.528000   26
     119.830338       0.195910      12.000000       0.864800      -1.103750       2.450000      -1.346250       0.022750       0.517750      -0.528750   26
     119.887871      -1.928620       7.332100       0.000000            NaN            NaN            NaN            NaN            NaN            NaN   26
     119.886299      -1.883430       7.332100       0.000000            NaN            NaN            NaN            NaN            NaN            NaN   26
     119.884743      -1.838240       7.332100       0.000000            NaN            NaN            NaN            NaN            NaN            NaN   26
     119.883171      -1.793050       7.332100       0.000000            NaN            NaN            NaN            NaN            NaN            NaN   26
     119.881599      -1.747860       7.332100       0.000000            NaN            NaN            NaN            NaN            NaN            NaN   26
     119.880028      -1.702670       7.332100       0.076400       0.447500      -0.490000       0.042500      -1.470000      -1.112500      -0.190000   26
     119.878471      -1.657480       7.332100       0.111300       0.987500      -0.737500      -0.250000       1.380000      -2.277500       0.145000   26
     119.876900      -1.612290       7.332100       0.192700      -1.620000       3.355000      -1.735000       3.787500      -0.407500      -1.812500   26
     119.875328      -1.567100       7.332100       0.302300      -4.847500       6.925000      -2.077500       1.067500       0.065000      -5.675000   26
     119.873772      -1.521910       7.332100       0.631200      -0.672750       0.675750      -0.003000      -0.421000      -0.487500      -1.281500   26
     119.872200      -1.476720       7.332100       1.029400      -0.460500       0.059000       0.401500      -0.873250      -1.066250      -2.150000   26
     119.870628      -1.431530       7.332100       1.546300       0.195250      -1.251000       1.055750      -1.413750      -1.721750      -3.075250   26
     119.869072      -1.386340       7.332100       2.044000       1.096500      -2.742250       1.645750      -1.907750      -2.330500      -3.680000   26
     119.867500      -1.341150       7.332100       2.383400       1.575000      -3.385000       1.810000      -2.275750      -2.871250      -4.076750   26
     119.865929      -1.295960       7.332100       2.375600       1.819250      -3.294000       1.474750      -2.237750      -2.924250      -4.117750   26
     119.864372      -1.250760       7.332100       2.116700       1.678250      -2.270750       0.592500      -2.055500      -2.660750      -4.045750   26
     119.862801      -1.205570       7.332100       1.724700       1.612500      -0.842500      -0.770000      -1.661000      -1.990000      -3.796000   26
     119.861229      -1.160380       7.332100       1.729100       1.433750       1.037750      -2.471500      -1.306500      -0.719250      -3.658250   26
     119.859673      -1.115190       7.332100       2.160000       1.177250       2.984000      -4.161251      -0.849750       0.098000      -3.922500   26
     119.858101      -1.070000       7.332100       2.762500       0.705250       4.684750      -5.389999      -0.218250       0.546250      -4.687250   26
     119.856537      -1.024810       7.332100       3.190700      -0.014250       5.537000      -5.522750       0.619000       0.629000      -5.680750   26
     119.854973      -0.979620       7.332100       3.395100      -0.931750       5.621000      -4.689250       0.832750      -0.427250      -6.687250   26
     119.853401      -0.934430       7.332100       3.373500      -0.788500       4.189250      -3.400750       0.468000      -1.408750      -7.384500   26
     119.851837      -0.889240       7.332100       3.470300      -0.241750       2.444500      -2.202750      -0.867750      -2.467750      -7.943999   26
     119.850273      -0.844050       7.332100       3.738500      -0.348250       1.861750      -1.513500      -2.394250      -3.345001      -8.302250   26
     119.848701      -0.798860       7.332100       4.047900      -1.125000       2.833500      -1.708500      -3.574750      -3.280000      -8.592251   26
     119.847137      -0.753670       7.332100       4.104900      -1.884750       4.250000      -2.365250      -3.167500      -2.617250      -8.651000   26
     119.845612      -0.708470       7.332100       4.174600      -3.009500       6.160500      -3.151000      -2.574000      -1.720000      -8.579750   26
     119.844040      -0.663280       7.332100       4.139000      -3.735500       7.425750      -3.690250      -2.057500      -0.888750      -8.278750   26
     119.842468      -0.618090       7.332100       4.023300      -4.366000       8.108500      -3.742500      -1.704750      -0.269250      -7.874000   26
     119.840897      -0.572900       7.332100       3.882200      -4.454250       7.938000      -3.483750      -1.549250      -0.440250      -7.556500   26
     119.839333      -0.527710       7.332100       3.845700      -4.756250       7.709500      -2.953250      -2.094500      -0.605250      -7.401249   26
     119.837761      -0.482520       7.332100       3.782500      -4.443250       6.677250      -2.234000      -2.811500      -0.313250      -7.586501   26
     119.836189      -0.437330       7.332100       3.837600      -3.837250       5.240250      -1.403000      -3.421250      -0.133500      -8.136500   26
     119.834618      -0.392140       7.332100       4.069500      -3.542750       4.205999      -0.663250      -3.324000      -0.311000      -9.125500   26
     119.833054      -0.346950       7.332100       4.450100      -0.344625       0.354450      -0.009825      -0.340800      -0.097125      -1.015475   26
     119.831482      -0.301760       7.332100       4.910000      -0.380550       0.373375       0.007175      -0.385450      -0.177600      -1.101850   26
     119.829910      -0.256570       7.332100       5.092100      -0.412650       0.383200       0.029450      -0.427375      -0.244075      -1.112050   26
     119.828346      -0.211370       7.332100       4.858600      -0.392775       0.346575       0.046200      -0.470900      -0.318350      -1.007350   26
     119.826782      -0.166180       7.332100       3.872900      -2.269500       1.806000       0.463500      -4.176250      -3.457250      -7.826250   26
     119.825218      -0.120990       7.332100       2.756700      -1.236250       1.095500       0.140750      -3.885500      -2.828000      -5.088000   26
     119.823647      -0.075800       7.332100       1.901800      -0.422000       0.676250      -0.254250      -3.471000      -1.807500      -2.920250   26
     119.822083      -0.030610       7.332100       1.670500      -0.210500       1.032750      -0.822250      -3.821500      -0.476000      -1.361000   26
     119.820518       0.014580       7.332100       1.502300       0.369750       1.104500      -1.474250      -3.665500       0.701250      -0.544250   26
     119.818947       0.059770       7.332100       1.284000       0.485500       1.488250      -1.973750      -2.843500       0.870750      -0.394000   26
     119.817390       0.104960       7.332100       1.010600       0.637750       1.587250      -2.225000      -1.318750       0.777000      -0.367500   26
     119.815819       0.150150       7.332100       0.921900      -0.362000       2.322250      -1.960250      -0.430250       0.528000      -0.489250   26
     119.814247       0.195340       7.332100       0.684500      -0.979500       2.036500      -1.057000      -0.109500       0.302000      -0.368250   26
     119.871780      -1.929190       2.664200       0.000000            NaN            NaN            NaN            NaN            NaN            NaN   26
     119.870209      -1.884000       2.664200       0.000000            NaN            NaN            NaN            NaN            NaN            NaN   26
     119.868637      -1.838810       2.664200       0.000000            NaN            NaN            NaN            NaN            NaN            NaN   26
     119.867081      -1.793620       2.664200       0.000000            NaN            NaN            NaN            NaN            NaN            NaN   26
     119.865509      -1.748430       2.664200       0.000000            NaN            NaN            NaN            NaN            NaN            NaN   26
     119.863937      -1.703240       2.664200       0.028100       3.850000      -4.150000       0.300000       4.000000      -4.400000      -0.350000   26
     119.862373      -1.658050       2.664200       0.075500       1.145000      -1.092500      -0.052500       1.512500      -0.157500      -0.057500   26
     119.860809      -1.612860       2.664200       0.094700       0.035000       0.732500      -0.767500       0.315000       1.182500      -1.922500   26
     119.859238      -1.567660       2.664200       0.252000      -2.640000       3.485000      -0.845000      -1.180000       0.845000      -5.809999   26
     119.857681      -1.522470       2.664200       0.611000      -0.542250       0.408250       0.134000      -0.511250      -0.419500      -1.289500   26
     119.856110      -1.477280       2.664200       1.077200      -0.445750      -0.112500       0.558250      -1.007250      -1.236500      -2.154500   26
     119.854538      -1.432090       2.664200       1.663200       0.086000      -1.277000       1.191000      -1.562000      -2.183250      -3.077000   26
     119.852982      -1.386900       2.664200       2.197900       0.818250      -2.598250       1.780000      -2.010250      -2.939500      -3.722750   26
     119.851410      -1.341710       2.664200       2.614200       1.456500      -3.481250       2.024750      -2.495500      -3.588750      -4.114750   26
     119.849838      -1.296520       2.664200       2.671700       1.774000      -3.504750       1.730750      -2.646500      -3.733250      -4.182750   26
     119.848282      -1.251330       2.664200       2.389200       1.697750      -2.471250       0.773500      -2.561000      -3.392750      -4.108500   26
     119.846710      -1.206140       2.664200       1.902600       1.514000      -0.804000      -0.710000      -2.304000      -2.582750      -3.902500   26
     119.845207      -1.160950       2.664200       1.927500       1.338000       1.251750      -2.589750      -1.891500      -1.283250      -3.851500   26
     119.843643      -1.115760       2.664200       2.296600       1.162750       3.129000      -4.291750      -1.264250      -0.292000      -4.150000   26
     119.842072      -1.070570       2.664200       2.819400       0.802250       4.681500      -5.483750      -0.366000       0.308500      -4.855999   26
     119.840500      -1.025380       2.664200       3.228500       0.127750       5.556500      -5.684250       0.539750       0.470750      -5.749000   26
     119.838928      -0.980190       2.664200       3.439100      -0.730500       5.661500      -4.931000       0.851000      -0.232000      -6.721500   26
     119.837357      -0.934990       2.664200       3.451900      -0.900750       4.541750      -3.641000       0.411500      -1.176500      -7.495499   26
     119.835793      -0.889800       2.664200       3.545200      -0.552250       2.899500      -2.347250      -0.690750      -2.203500      -8.130750   26
     119.834221      -0.844610       2.664200       3.809000      -0.638250       2.250250      -1.612000      -2.176250      -3.063500      -8.549250   26
     119.832657      -0.799420       2.664200       4.114400      -1.280000       3.000500      -1.720500      -3.480000      -3.050750      -8.838001   26
     119.831093      -0.754230       2.664200       4.269100      -2.180250       4.613500      -2.433250      -3.496250      -2.429500      -8.941000   26
     119.829521      -0.709040       2.664200       4.338600      -3.275000       6.534250      -3.259250      -2.860250      -1.573000      -8.868500   26
     119.827950      -0.663850       2.664200       4.297100      -4.016000       7.787750      -3.771750      -2.162000      -0.894500      -8.575250   26
     119.826378      -0.618660       2.664200       4.132900      -4.535000       8.305750      -3.770750      -1.612250      -0.312250      -8.146000   26
     119.824806      -0.573470       2.664200       4.007200      -4.753500       8.174000      -3.420500      -1.684500      -0.585250      -7.780500   26
     119.823242      -0.528280       2.664200       4.014600      -5.016750       7.899000      -2.882250      -2.297250      -0.969000      -7.621000   26
     119.821671      -0.483090       2.664200       4.018100      -4.909500       7.120750      -2.211250      -3.032500      -0.813750      -7.814750   26
     119.820099      -0.437900       2.664200       4.036900      -4.456749       5.878250      -1.421500      -3.464250      -0.599500      -8.333000   26
     119.818527      -0.392700       2.664200       4.270600      -4.225750       4.912250      -0.686500      -3.411250      -0.841000      -9.331500   26
     119.816963      -0.347510       2.664200       4.622800      -0.408550       0.423650      -0.015100      -0.343175      -0.137825      -1.036625   26
     119.815399      -0.302320       2.664200       4.995900      -0.418750       0.404875       0.013875      -0.391275      -0.211900      -1.105150   26
     119.813828      -0.257130       2.664200       5.128600      -0.434750       0.401625       0.033125      -0.440100      -0.291800      -1.095400   26
     119.812263      -0.211940       2.664200       4.824700      -3.863750       3.438750       0.425000      -4.617500      -3.608000      -9.883500   26
     119.810692      -0.166750       2.664200       4.009100      -2.792000       2.395500       0.396500      -4.517750      -3.697500      -7.802500   26
     119.809128      -0.121560       2.664200       2.940200      -1.531750       1.352750       0.179000      -4.339750      -2.918000      -5.251250   26
     119.807564      -0.076370       2.664200       2.219500      -0.838000       1.024250      -0.186250      -4.335250      -1.848750      -3.002500   26
     119.806000      -0.031180       2.664200       1.837000      -0.423750       1.145000      -0.721250      -4.188500      -0.541250      -1.525250   26
     119.804428       0.014020       2.664200       1.550900       0.141000       1.181750      -1.322750      -3.764750       0.643250      -0.705000   26
     119.802856       0.059210       2.664200       1.320200       0.313750       1.503500      -1.817250      -2.929750       1.019250      -0.445750   26
     119.801300       0.104400       2.664200       1.056200       0.141000       1.879750      -2.020750      -1.632250       0.816750      -0.412250   26
     119.799728       0.149590       2.664200       0.862800      -0.450500       2.195000      -1.744500      -0.595000       0.487250      -0.441250   26
     119.798172       0.194780       2.664200       0.583900      -0.678000       1.656250      -0.978250      -0.119250       0.338750      -0.321750   26
