      xloc      yloc          depth         ave SR         max SR         #     start       end     max SR all       str       dip      rake flag
   -185.00    -15.00      26.003710       0.000000       0.000000        27      26.0      27.0       0.542631   180.000    45.000    90.000    0     119.952240      -1.926360
   -185.00    -10.00      21.335800       0.000000       0.000000        27      26.0      27.0       0.542631   180.000    45.000    90.000    0     119.936150      -1.926930
   -185.00     -5.00      16.667900       0.000000       0.000000        27      26.0      27.0       0.542631   180.000    45.000    90.000    0     119.920059      -1.927490
   -185.00      0.00      12.000000       0.000000       0.000000        27      26.0      27.0       0.542631   180.000    45.000    90.000    0     119.903961      -1.928060
   -185.00      5.00       7.332100       0.000000       0.000000        27      26.0      27.0       0.542631   180.000    45.000    90.000    0     119.887871      -1.928620
   -185.00     10.00       2.664200       0.000000       0.000000        27      26.0      27.0       0.542631   180.000    45.000    90.000    0     119.871780      -1.929190
   -180.00    -15.00      26.003710       0.000000       0.000000        27      26.0      27.0       0.542631   180.000    45.000    90.000    0     119.950684      -1.881170
   -180.00    -10.00      21.335800       0.000000       0.000000        27      26.0      27.0       0.542631   180.000    45.000    90.000    0     119.934578      -1.881740
   -180.00     -5.00      16.667900       0.000000       0.000000        27      26.0      27.0       0.542631   180.000    45.000    90.000    0     119.918488      -1.882300
   -180.00      0.00      12.000000       0.000000       0.000000        27      26.0      27.0       0.542631   180.000    45.000    90.000    0     119.902397      -1.882870
   -180.00      5.00       7.332100       0.000000       0.000000        27      26.0      27.0       0.542631   180.000    45.000    90.000    0     119.886299      -1.883430
   -180.00     10.00       2.664200       0.000000       0.000000        27      26.0      27.0       0.542631   180.000    45.000    90.000    0     119.870209      -1.884000
   -175.00    -15.00      26.003710       0.000000       0.000000        27      26.0      27.0       0.542631   180.000    45.000    90.000    0     119.949112      -1.835980
   -175.00    -10.00      21.335800       0.000000       0.000000        27      26.0      27.0       0.542631   180.000    45.000    90.000    0     119.933006      -1.836550
   -175.00     -5.00      16.667900       0.000000       0.000000        27      26.0      27.0       0.542631   180.000    45.000    90.000    0     119.916924      -1.837110
   -175.00      0.00      12.000000       0.000000       0.000000        27      26.0      27.0       0.542631   180.000    45.000    90.000    0     119.900833      -1.837680
   -175.00      5.00       7.332100       0.000000       0.000000        27      26.0      27.0       0.542631   180.000    45.000    90.000    0     119.884743      -1.838240
   -175.00     10.00       2.664200       0.000000       0.000000        27      26.0      27.0       0.542631   180.000    45.000    90.000    0     119.868637      -1.838810
   -170.00    -15.00      26.003710       0.000000       0.000000        27      26.0      27.0       0.542631   180.000    45.000    90.000    0     119.947540      -1.790790
   -170.00    -10.00      21.335800       0.000000       0.000000        27      26.0      27.0       0.542631   180.000    45.000    90.000    0     119.931450      -1.791360
   -170.00     -5.00      16.667900       0.000000       0.000000        27      26.0      27.0       0.542631   180.000    45.000    90.000    0     119.915352      -1.791920
   -170.00      0.00      12.000000       0.000000       0.000000        27      26.0      27.0       0.542631   180.000    45.000    90.000    0     119.899261      -1.792490
   -170.00      5.00       7.332100       0.000000       0.000000        27      26.0      27.0       0.542631   180.000    45.000    90.000    0     119.883171      -1.793050
   -170.00     10.00       2.664200       0.000000       0.000000        27      26.0      27.0       0.542631   180.000    45.000    90.000    0     119.867081      -1.793620
   -165.00    -15.00      26.003710       0.000000       0.000000        27      26.0      27.0       0.542631   180.000    45.000    90.000    0     119.945969      -1.745600
   -165.00    -10.00      21.335800       0.000000       0.000000        27      26.0      27.0       0.542631   180.000    45.000    90.000    0     119.929878      -1.746170
   -165.00     -5.00      16.667900       0.000000       0.000000        27      26.0      27.0       0.542631   180.000    45.000    90.000    0     119.913788      -1.746730
   -165.00      0.00      12.000000       0.000000       0.000000        27      26.0      27.0       0.542631   180.000    45.000    90.000    0     119.897690      -1.747300
   -165.00      5.00       7.332100       0.000000       0.000000        27      26.0      27.0       0.542631   180.000    45.000    90.000    0     119.881599      -1.747860
   -165.00     10.00       2.664200       0.000000       0.000000        27      26.0      27.0       0.542631   180.000    45.000    90.000    0     119.865509      -1.748430
   -160.00    -15.00      26.003710       0.000000       0.000000        27      26.0      27.0       0.542631   180.000    45.000    90.000    0     119.944397      -1.700410
   -160.00    -10.00      21.335800       0.000000       0.000000        27      26.0      27.0       0.542631   180.000    45.000    90.000    0     119.928307      -1.700980
   -160.00     -5.00      16.667900       0.000000       0.000000        27      26.0      27.0       0.542631   180.000    45.000    90.000    0     119.912216      -1.701540
   -160.00      0.00      12.000000       0.000000       0.000000        27      26.0      27.0       0.542631   180.000    45.000    90.000    0     119.896133      -1.702110
   -160.00      5.00       7.332100       0.000000       0.000000        27      26.0      27.0       0.542631   180.000    45.000    90.000    0     119.880028      -1.702670
   -160.00     10.00       2.664200       0.000000       0.000000        27      26.0      27.0       0.542631   180.000    45.000    90.000    0     119.863937      -1.703240
   -155.00    -15.00      26.003710       0.000000       0.000000        27      26.0      27.0       0.542631   180.000    45.000    90.000    0     119.942841      -1.655220
   -155.00    -10.00      21.335800       0.000000       0.000000        27      26.0      27.0       0.542631   180.000    45.000    90.000    0     119.926743      -1.655790
   -155.00     -5.00      16.667900       0.000000       0.000000        27      26.0      27.0       0.542631   180.000    45.000    90.000    0     119.910652      -1.656350
   -155.00      0.00      12.000000       0.000000       0.000000        27      26.0      27.0       0.542631   180.000    45.000    90.000    0     119.894562      -1.656920
   -155.00      5.00       7.332100       0.000000       0.000000        27      26.0      27.0       0.542631   180.000    45.000    90.000    0     119.878471      -1.657480
   -155.00     10.00       2.664200       0.000000       0.000000        27      26.0      27.0       0.542631   180.000    45.000    90.000    0     119.862373      -1.658050
   -150.00    -15.00      26.003710       0.000000       0.000000        27      26.0      27.0       0.542631   180.000    45.000    90.000    0     119.941269      -1.610030
   -150.00    -10.00      21.335800       0.000000       0.000000        27      26.0      27.0       0.542631   180.000    45.000    90.000    0     119.925179      -1.610590
   -150.00     -5.00      16.667900       0.000000       0.000000        27      26.0      27.0       0.542631   180.000    45.000    90.000    0     119.909081      -1.611160
   -150.00      0.00      12.000000       0.000000       0.000000        27      26.0      27.0       0.542631   180.000    45.000    90.000    0     119.892990      -1.611730
   -150.00      5.00       7.332100       0.000000       0.000000        27      26.0      27.0       0.542631   180.000    45.000    90.000    0     119.876900      -1.612290
   -150.00     10.00       2.664200       0.000000       0.000000        27      26.0      27.0       0.542631   180.000    45.000    90.000    0     119.860809      -1.612860
   -145.00    -15.00      26.003710       0.000000       0.000000        27      26.0      27.0       0.542631   180.000    45.000    90.000    0     119.939697      -1.564840
   -145.00    -10.00      21.335800       0.000000       0.000000        27      26.0      27.0       0.542631   180.000    45.000    90.000    0     119.923607      -1.565400
   -145.00     -5.00      16.667900       0.000000       0.000000        27      26.0      27.0       0.542631   180.000    45.000    90.000    0     119.907516      -1.565970
   -145.00      0.00      12.000000       0.000000       0.000000        27      26.0      27.0       0.542631   180.000    45.000    90.000    0     119.891418      -1.566530
   -145.00      5.00       7.332100       0.000000       0.000000        27      26.0      27.0       0.542631   180.000    45.000    90.000    0     119.875328      -1.567100
   -145.00     10.00       2.664200       0.000000       0.000000        27      26.0      27.0       0.542631   180.000    45.000    90.000    0     119.859238      -1.567660
   -140.00    -15.00      26.003710       0.000000       0.000000        27      26.0      27.0       0.542631   180.000    45.000    90.000    0     119.938133      -1.519650
   -140.00    -10.00      21.335800       0.000000       0.000000        27      26.0      27.0       0.542631   180.000    45.000    90.000    0     119.922043      -1.520210
   -140.00     -5.00      16.667900       0.000000       0.000000        27      26.0      27.0       0.542631   180.000    45.000    90.000    0     119.905952      -1.520780
   -140.00      0.00      12.000000       0.000000       0.000000        27      26.0      27.0       0.542631   180.000    45.000    90.000    0     119.889862      -1.521340
   -140.00      5.00       7.332100       0.000000       0.000000        27      26.0      27.0       0.542631   180.000    45.000    90.000    0     119.873772      -1.521910
   -140.00     10.00       2.664200       0.000000       0.000000        27      26.0      27.0       0.542631   180.000    45.000    90.000    0     119.857681      -1.522470
   -135.00    -15.00      26.003710       0.000000       0.000000        27      26.0      27.0       0.542631   180.000    45.000    90.000    0     119.936562      -1.474460
   -135.00    -10.00      21.335800       0.000000       0.000000        27      26.0      27.0       0.542631   180.000    45.000    90.000    0     119.920471      -1.475020
   -135.00     -5.00      16.667900       0.000000       0.000000        27      26.0      27.0       0.542631   180.000    45.000    90.000    0     119.904381      -1.475590
   -135.00      0.00      12.000000       0.000000       0.000000        27      26.0      27.0       0.542631   180.000    45.000    90.000    0     119.888290      -1.476150
   -135.00      5.00       7.332100       0.000000       0.000000        27      26.0      27.0       0.542631   180.000    45.000    90.000    0     119.872200      -1.476720
   -135.00     10.00       2.664200       0.000000       0.000000        27      26.0      27.0       0.542631   180.000    45.000    90.000    0     119.856110      -1.477280
   -130.00    -15.00      26.003710       0.000000       0.000000        27      26.0      27.0       0.542631   180.000    45.000    90.000    0     119.934998      -1.429270
   -130.00    -10.00      21.335800       0.000000       0.000000        27      26.0      27.0       0.542631   180.000    45.000    90.000    0     119.918907      -1.429830
   -130.00     -5.00      16.667900       0.000000       0.000000        27      26.0      27.0       0.542631   180.000    45.000    90.000    0     119.902809      -1.430400
   -130.00      0.00      12.000000       0.000000       0.000000        27      26.0      27.0       0.542631   180.000    45.000    90.000    0     119.886719      -1.430960
   -130.00      5.00       7.332100       0.000000       0.000000        27      26.0      27.0       0.542631   180.000    45.000    90.000    0     119.870628      -1.431530
   -130.00     10.00       2.664200       0.000000       0.000000        27      26.0      27.0       0.542631   180.000    45.000    90.000    0     119.854538      -1.432090
   -125.00    -15.00      26.003710       0.000000       0.000000        27      26.0      27.0       0.542631   180.000    45.000    90.000    0     119.933434      -1.384080
   -125.00    -10.00      21.335800       0.000000       0.000000        27      26.0      27.0       0.542631   180.000    45.000    90.000    0     119.917343      -1.384640
   -125.00     -5.00      16.667900       0.000000       0.000000        27      26.0      27.0       0.542631   180.000    45.000    90.000    0     119.901253      -1.385210
   -125.00      0.00      12.000000       0.000000       0.000000        27      26.0      27.0       0.542631   180.000    45.000    90.000    0     119.885162      -1.385770
   -125.00      5.00       7.332100       0.000000       0.000000        27      26.0      27.0       0.542631   180.000    45.000    90.000    0     119.869072      -1.386340
   -125.00     10.00       2.664200       0.000000       0.000000        27      26.0      27.0       0.542631   180.000    45.000    90.000    0     119.852982      -1.386900
   -120.00    -15.00      26.003710       0.000000       0.000000        27      26.0      27.0       0.542631   180.000    45.000    90.000    0     119.931862      -1.338890
   -120.00    -10.00      21.335800       0.000000       0.000000        27      26.0      27.0       0.542631   180.000    45.000    90.000    0     119.915771      -1.339450
   -120.00     -5.00      16.667900       0.000000       0.000000        27      26.0      27.0       0.542631   180.000    45.000    90.000    0     119.899681      -1.340020
   -120.00      0.00      12.000000       0.000000       0.000000        27      26.0      27.0       0.542631   180.000    45.000    90.000    0     119.883591      -1.340580
   -120.00      5.00       7.332100       0.000000       0.000000        27      26.0      27.0       0.542631   180.000    45.000    90.000    0     119.867500      -1.341150
   -120.00     10.00       2.664200       0.000000       0.000000        27      26.0      27.0       0.542631   180.000    45.000    90.000    0     119.851410      -1.341710
   -115.00    -15.00      26.003710       0.000000       0.000000        27      26.0      27.0       0.542631   180.000    45.000    90.000    0     119.930290      -1.293690
   -115.00    -10.00      21.335800       0.000000       0.000000        27      26.0      27.0       0.542631   180.000    45.000    90.000    0     119.914200      -1.294260
   -115.00     -5.00      16.667900       0.000000       0.000000        27      26.0      27.0       0.542631   180.000    45.000    90.000    0     119.898109      -1.294830
   -115.00      0.00      12.000000       0.000000       0.000000        27      26.0      27.0       0.542631   180.000    45.000    90.000    0     119.882019      -1.295390
   -115.00      5.00       7.332100       0.000000       0.000000        27      26.0      27.0       0.542631   180.000    45.000    90.000    0     119.865929      -1.295960
   -115.00     10.00       2.664200       0.000000       0.000000        27      26.0      27.0       0.542631   180.000    45.000    90.000    0     119.849838      -1.296520
   -110.00    -15.00      26.003710       0.089824       0.089824        27      26.0      27.0       0.542631    98.990    45.570    97.870    1     119.928726      -1.248500
   -110.00    -10.00      21.335800       0.059209       0.059209        27      26.0      27.0       0.542631    54.680    45.470    78.250    1     119.912643      -1.249070
   -110.00     -5.00      16.667900       0.044809       0.044809        27      26.0      27.0       0.542631   205.300    16.070    77.510    0     119.896553      -1.249630
   -110.00      0.00      12.000000       0.056133       0.056133        27      26.0      27.0       0.542631   219.280    27.030    91.430    0     119.880463      -1.250200
   -110.00      5.00       7.332100       0.074822       0.074822        27      26.0      27.0       0.542631   318.180    38.090    -6.270    0     119.864372      -1.250760
   -110.00     10.00       2.664200       0.053691       0.053691        27      26.0      27.0       0.542631   328.290    53.080    -5.490    0     119.848282      -1.251330
   -105.00    -15.00      26.003710       0.048312       0.048312        27      26.0      27.0       0.542631    24.290    43.170    75.660    0     119.927162      -1.203310
   -105.00    -10.00      21.335800       0.092301       0.092301        27      26.0      27.0       0.542631    30.400    42.430    62.660    0     119.911072      -1.203880
   -105.00     -5.00      16.667900       0.085669       0.085669        27      26.0      27.0       0.542631     8.220    54.020    61.600    0     119.894981      -1.204440
   -105.00      0.00      12.000000       0.107114       0.107114        27      26.0      27.0       0.542631   162.720    64.280    31.310    0     119.878891      -1.205010
   -105.00      5.00       7.332100       0.126531       0.126531        27      26.0      27.0       0.542631   332.060    72.740     1.380    0     119.862801      -1.205570
   -105.00     10.00       2.664200       0.133055       0.133055        27      26.0      27.0       0.542631   333.240    71.880     9.480    0     119.846710      -1.206140
   -100.00    -15.00      26.003710       0.070498       0.070498        27      26.0      27.0       0.542631   342.640    71.790    33.440    0     119.925591      -1.158120
   -100.00    -10.00      21.335800       0.120154       0.120154        27      26.0      27.0       0.542631     1.010    54.930    53.250    0     119.909500      -1.158690
   -100.00     -5.00      16.667900       0.150220       0.150220        27      26.0      27.0       0.542631   343.980    70.320    28.750    0     119.893410      -1.159250
   -100.00      0.00      12.000000       0.187357       0.187357        27      26.0      27.0       0.542631   334.430    85.010     4.820    0     119.877319      -1.159820
   -100.00      5.00       7.332100       0.205001       0.205001        27      26.0      27.0       0.542631   153.250    88.000    -0.060    0     119.861229      -1.160380
   -100.00     10.00       2.664200       0.212163       0.212163        27      26.0      27.0       0.542631   333.150    87.180    10.810    0     119.845207      -1.160950
    -95.00    -15.00      26.003710       0.109567       0.109567        27      26.0      27.0       0.542631   338.030    84.620    21.010    0     119.924026      -1.112930
    -95.00    -10.00      21.335800       0.159220       0.159220        27      26.0      27.0       0.542631   343.970    74.340    25.740    0     119.907944      -1.113500
    -95.00     -5.00      16.667900       0.217952       0.217952        27      26.0      27.0       0.542631   337.790    83.800    15.810    0     119.891853      -1.114060
    -95.00      0.00      12.000000       0.261023       0.261023        27      26.0      27.0       0.542631   335.010    88.480     5.890    0     119.875763      -1.114630
    -95.00      5.00       7.332100       0.279475       0.279475        27      26.0      27.0       0.542631   154.100    82.400    -2.170    0     119.859673      -1.115190
    -95.00     10.00       2.664200       0.287380       0.287380        27      26.0      27.0       0.542631   153.310    84.590    -8.670    0     119.843643      -1.115760
    -90.00    -15.00      26.003710       0.131680       0.131680        27      26.0      27.0       0.542631   338.270    87.400    14.340    0     119.922462      -1.067740
    -90.00    -10.00      21.335800       0.206391       0.206391        27      26.0      27.0       0.542631   340.170    84.210    10.920    0     119.906372      -1.068310
    -90.00     -5.00      16.667900       0.274174       0.274174        27      26.0      27.0       0.542631   337.090    88.200    11.100    0     119.890282      -1.068870
    -90.00      0.00      12.000000       0.314916       0.314916        27      26.0      27.0       0.542631   155.900    89.020    -5.650    0     119.874191      -1.069440
    -90.00      5.00       7.332100       0.331632       0.331632        27      26.0      27.0       0.542631   155.410    83.160    -3.170    0     119.858101      -1.070000
    -90.00     10.00       2.664200       0.339228       0.339228        27      26.0      27.0       0.542631   154.450    81.580    -5.990    0     119.842072      -1.070570
    -85.00    -15.00      26.003710       0.141853       0.141853        27      26.0      27.0       0.542631   158.590    87.880    -6.400    0     119.920891      -1.022550
    -85.00    -10.00      21.335800       0.246729       0.246729        27      26.0      27.0       0.542631   339.630    83.750     3.850    0     119.904800      -1.023120
    -85.00     -5.00      16.667900       0.309640       0.309640        27      26.0      27.0       0.542631   338.010    86.050     6.560    0     119.888710      -1.023680
    -85.00      0.00      12.000000       0.343364       0.343364        27      26.0      27.0       0.542631   157.220    88.570    -3.650    0     119.872620      -1.024250
    -85.00      5.00       7.332100       0.357004       0.357004        27      26.0      27.0       0.542631   157.230    84.160    -1.310    0     119.856537      -1.024810
    -85.00     10.00       2.664200       0.362064       0.362064        27      26.0      27.0       0.542631   156.400    81.450    -2.760    0     119.840500      -1.025380
    -80.00    -15.00      26.003710       0.148402       0.148402        27      26.0      27.0       0.542631   158.790    89.030     2.090    0     119.919319      -0.977360
    -80.00    -10.00      21.335800       0.274053       0.274053        27      26.0      27.0       0.542631   338.900    79.290    -1.220    0     119.903236      -0.977920
    -80.00     -5.00      16.667900       0.329295       0.329295        27      26.0      27.0       0.542631   339.180    82.390     1.450    0     119.887154      -0.978490
    -80.00      0.00      12.000000       0.350662       0.350662        27      26.0      27.0       0.542631   158.800    88.580     0.070    0     119.871063      -0.979050
    -80.00      5.00       7.332100       0.356879       0.356879        27      26.0      27.0       0.542631   159.200    85.460     1.950    0     119.854973      -0.979620
    -80.00     10.00       2.664200       0.358855       0.358855        27      26.0      27.0       0.542631   158.900    82.540     1.330    0     119.838928      -0.980190
    -75.00    -15.00      26.003710       0.152431       0.152431        27      26.0      27.0       0.542631   338.080    86.260    -9.300    0     119.917763      -0.932170
    -75.00    -10.00      21.335800       0.279886       0.279886        27      26.0      27.0       0.542631   337.950    74.860    -4.980    0     119.901672      -0.932730
    -75.00     -5.00      16.667900       0.325827       0.325827        27      26.0      27.0       0.542631   340.090    79.940    -3.930    0     119.885582      -0.933300
    -75.00      0.00      12.000000       0.334438       0.334438        27      26.0      27.0       0.542631   340.730    89.170    -5.310    0     119.869492      -0.933860
    -75.00      5.00       7.332100       0.333363       0.333363        27      26.0      27.0       0.542631   161.600    87.090     6.590    0     119.853401      -0.934430
    -75.00     10.00       2.664200       0.333007       0.333007        27      26.0      27.0       0.542631   161.790    84.550     6.560    0     119.837357      -0.934990
    -70.00    -15.00      26.003710       0.160687       0.160687        27      26.0      27.0       0.542631   334.640    74.890   -13.130    0     119.916191      -0.886980
    -70.00    -10.00      21.335800       0.266390       0.266390        27      26.0      27.0       0.542631   336.370    73.350   -10.710    0     119.900101      -0.887540
    -70.00     -5.00      16.667900       0.299342       0.299342        27      26.0      27.0       0.542631   340.920    79.920   -11.170    0     119.884010      -0.888110
    -70.00      0.00      12.000000       0.300207       0.300207        27      26.0      27.0       0.542631   343.120    87.360   -13.170    0     119.867928      -0.888670
    -70.00      5.00       7.332100       0.289470       0.289470        27      26.0      27.0       0.542631   164.660    89.040    13.050    0     119.851837      -0.889240
    -70.00     10.00       2.664200       0.287580       0.287580        27      26.0      27.0       0.542631   165.030    87.500    12.850    0     119.835793      -0.889800
    -65.00    -15.00      26.003710       0.158329       0.158329        27      26.0      27.0       0.542631   330.080    65.070   -14.940    0     119.914619      -0.841790
    -65.00    -10.00      21.335800       0.232417       0.232417        27      26.0      27.0       0.542631   334.290    72.110   -16.480    0     119.898537      -0.842350
    -65.00     -5.00      16.667900       0.246967       0.246967        27      26.0      27.0       0.542631   341.680    80.690   -17.300    0     119.882446      -0.842920
    -65.00      0.00      12.000000       0.247146       0.247146        27      26.0      27.0       0.542631   346.450    88.090   -21.530    0     119.866364      -0.843480
    -65.00      5.00       7.332100       0.229408       0.229408        27      26.0      27.0       0.542631   348.350    88.130   -19.680    0     119.850273      -0.844050
    -65.00     10.00       2.664200       0.226717       0.226717        27      26.0      27.0       0.542631   348.710    88.730   -19.450    0     119.834221      -0.844610
    -60.00    -15.00      26.003710       0.131903       0.131903        27      26.0      27.0       0.542631   325.860    60.430   -16.900    0     119.913063      -0.796600
    -60.00    -10.00      21.335800       0.171714       0.171714        27      26.0      27.0       0.542631   332.600    72.280   -21.900    0     119.896973      -0.797160
    -60.00     -5.00      16.667900       0.170628       0.170628        27      26.0      27.0       0.542631   343.720    83.630   -24.070    0     119.880882      -0.797730
    -60.00      0.00      12.000000       0.178368       0.178368        27      26.0      27.0       0.542631   351.720    89.560   -30.120    0     119.864792      -0.798290
    -60.00      5.00       7.332100       0.161903       0.161903        27      26.0      27.0       0.542631   352.990    84.080   -26.000    0     119.848701      -0.798860
    -60.00     10.00       2.664200       0.157449       0.157449        27      26.0      27.0       0.542631   353.640    85.290   -26.210    0     119.832657      -0.799420
    -55.00    -15.00      26.003710       0.078576       0.078576        27      26.0      27.0       0.542631   323.840    74.230   -37.820    0     119.911491      -0.751410
    -55.00    -10.00      21.335800       0.081684       0.081684        27      26.0      27.0       0.542631   326.570    61.540   -18.250    0     119.895401      -0.751970
    -55.00     -5.00      16.667900       0.074416       0.074416        27      26.0      27.0       0.542631   170.780    85.020    28.690    0     119.879311      -0.752540
    -55.00      0.00      12.000000       0.092026       0.092026        27      26.0      27.0       0.542631   181.000    83.500    33.350    0     119.863228      -0.753100
    -55.00      5.00       7.332100       0.082289       0.082289        27      26.0      27.0       0.542631     6.930    89.110   -36.980    0     119.847137      -0.753670
    -55.00     10.00       2.664200       0.076432       0.076432        27      26.0      27.0       0.542631     2.950    87.380   -33.110    0     119.831093      -0.754230
    -50.00    -15.00      26.003710       0.008625       0.008625        27      26.0      27.0       0.542631    87.580    33.680   116.950    1     119.909920      -0.706210
    -50.00    -10.00      21.335800       0.000000       0.000000        27      26.0      27.0       0.542631   180.000    45.000    90.000    0     119.893837      -0.706780
    -50.00     -5.00      16.667900       0.000000       0.000000        27      26.0      27.0       0.542631   180.000    45.000    90.000    0     119.877747      -0.707340
    -50.00      0.00      12.000000       0.000000       0.000000        27      26.0      27.0       0.542631   180.000    45.000    90.000    0     119.861656      -0.707910
    -50.00      5.00       7.332100       0.000000       0.000000        27      26.0      27.0       0.542631   180.000    45.000    90.000    0     119.845612      -0.708470
    -50.00     10.00       2.664200       0.000000       0.000000        27      26.0      27.0       0.542631   180.000    45.000    90.000    0     119.829521      -0.709040
    -45.00    -15.00      26.003710       0.000000       0.000000        27      26.0      27.0       0.542631   180.000    45.000    90.000    0     119.908363      -0.661020
    -45.00    -10.00      21.335800       0.000000       0.000000        27      26.0      27.0       0.542631   180.000    45.000    90.000    0     119.892273      -0.661590
    -45.00     -5.00      16.667900       0.000000       0.000000        27      26.0      27.0       0.542631   180.000    45.000    90.000    0     119.876183      -0.662150
    -45.00      0.00      12.000000       0.000000       0.000000        27      26.0      27.0       0.542631   180.000    45.000    90.000    0     119.860092      -0.662720
    -45.00      5.00       7.332100       0.000000       0.000000        27      26.0      27.0       0.542631   180.000    45.000    90.000    0     119.844040      -0.663280
    -45.00     10.00       2.664200       0.000000       0.000000        27      26.0      27.0       0.542631   180.000    45.000    90.000    0     119.827950      -0.663850
    -40.00    -15.00      26.003710       0.000000       0.000000        27      26.0      27.0       0.542631   180.000    45.000    90.000    0     119.906792      -0.615830
    -40.00    -10.00      21.335800       0.000000       0.000000        27      26.0      27.0       0.542631   180.000    45.000    90.000    0     119.890701      -0.616400
    -40.00     -5.00      16.667900       0.000000       0.000000        27      26.0      27.0       0.542631   180.000    45.000    90.000    0     119.874619      -0.616960
    -40.00      0.00      12.000000       0.000000       0.000000        27      26.0      27.0       0.542631   180.000    45.000    90.000    0     119.858528      -0.617530
    -40.00      5.00       7.332100       0.000000       0.000000        27      26.0      27.0       0.542631   180.000    45.000    90.000    0     119.842468      -0.618090
    -40.00     10.00       2.664200       0.000000       0.000000        27      26.0      27.0       0.542631   180.000    45.000    90.000    0     119.826378      -0.618660
    -35.00    -15.00      26.003710       0.000000       0.000000        27      26.0      27.0       0.542631   180.000    45.000    90.000    0     119.905220      -0.570640
    -35.00    -10.00      21.335800       0.000000       0.000000        27      26.0      27.0       0.542631   180.000    45.000    90.000    0     119.889137      -0.571210
    -35.00     -5.00      16.667900       0.000000       0.000000        27      26.0      27.0       0.542631   180.000    45.000    90.000    0     119.873047      -0.571770
    -35.00      0.00      12.000000       0.000000       0.000000        27      26.0      27.0       0.542631   180.000    45.000    90.000    0     119.856956      -0.572340
    -35.00      5.00       7.332100       0.000000       0.000000        27      26.0      27.0       0.542631   180.000    45.000    90.000    0     119.840897      -0.572900
    -35.00     10.00       2.664200       0.000000       0.000000        27      26.0      27.0       0.542631   180.000    45.000    90.000    0     119.824806      -0.573470
    -30.00    -15.00      26.003710       0.000000       0.000000        27      26.0      27.0       0.542631   180.000    45.000    90.000    0     119.903664      -0.525450
    -30.00    -10.00      21.335800       0.000000       0.000000        27      26.0      27.0       0.542631   180.000    45.000    90.000    0     119.887573      -0.526020
    -30.00     -5.00      16.667900       0.000000       0.000000        27      26.0      27.0       0.542631   180.000    45.000    90.000    0     119.871483      -0.526580
    -30.00      0.00      12.000000       0.000000       0.000000        27      26.0      27.0       0.542631   180.000    45.000    90.000    0     119.855400      -0.527150
    -30.00      5.00       7.332100       0.000000       0.000000        27      26.0      27.0       0.542631   180.000    45.000    90.000    0     119.839333      -0.527710
    -30.00     10.00       2.664200       0.000000       0.000000        27      26.0      27.0       0.542631   180.000    45.000    90.000    0     119.823242      -0.528280
    -25.00    -15.00      26.003710       0.000000       0.000000        27      26.0      27.0       0.542631   180.000    45.000    90.000    0     119.902092      -0.480260
    -25.00    -10.00      21.335800       0.000000       0.000000        27      26.0      27.0       0.542631   180.000    45.000    90.000    0     119.886002      -0.480820
    -25.00     -5.00      16.667900       0.000000       0.000000        27      26.0      27.0       0.542631   180.000    45.000    90.000    0     119.869919      -0.481390
    -25.00      0.00      12.000000       0.000000       0.000000        27      26.0      27.0       0.542631   180.000    45.000    90.000    0     119.853828      -0.481950
    -25.00      5.00       7.332100       0.000000       0.000000        27      26.0      27.0       0.542631   180.000    45.000    90.000    0     119.837761      -0.482520
    -25.00     10.00       2.664200       0.000000       0.000000        27      26.0      27.0       0.542631   180.000    45.000    90.000    0     119.821671      -0.483090
    -20.00    -15.00      26.003710       0.000000       0.000000        27      26.0      27.0       0.542631   180.000    45.000    90.000    0     119.900528      -0.435070
    -20.00    -10.00      21.335800       0.000000       0.000000        27      26.0      27.0       0.542631   180.000    45.000    90.000    0     119.884438      -0.435630
    -20.00     -5.00      16.667900       0.000000       0.000000        27      26.0      27.0       0.542631   180.000    45.000    90.000    0     119.868347      -0.436200
    -20.00      0.00      12.000000       0.000000       0.000000        27      26.0      27.0       0.542631   180.000    45.000    90.000    0     119.852257      -0.436760
    -20.00      5.00       7.332100       0.000000       0.000000        27      26.0      27.0       0.542631   180.000    45.000    90.000    0     119.836189      -0.437330
    -20.00     10.00       2.664200       0.000000       0.000000        27      26.0      27.0       0.542631   180.000    45.000    90.000    0     119.820099      -0.437900
    -15.00    -15.00      26.003710       0.000000       0.000000        27      26.0      27.0       0.542631   180.000    45.000    90.000    0     119.898956      -0.389880
    -15.00    -10.00      21.335800       0.000000       0.000000        27      26.0      27.0       0.542631   180.000    45.000    90.000    0     119.882874      -0.390440
    -15.00     -5.00      16.667900       0.000000       0.000000        27      26.0      27.0       0.542631   180.000    45.000    90.000    0     119.866791      -0.391010
    -15.00      0.00      12.000000       0.000000       0.000000        27      26.0      27.0       0.542631   180.000    45.000    90.000    0     119.850700      -0.391570
    -15.00      5.00       7.332100       0.000000       0.000000        27      26.0      27.0       0.542631   180.000    45.000    90.000    0     119.834618      -0.392140
    -15.00     10.00       2.664200       0.000000       0.000000        27      26.0      27.0       0.542631   180.000    45.000    90.000    0     119.818527      -0.392700
    -10.00    -15.00      26.003710       0.000000       0.000000        27      26.0      27.0       0.542631   180.000    45.000    90.000    0     119.897392      -0.344690
    -10.00    -10.00      21.335800       0.000000       0.000000        27      26.0      27.0       0.542631   180.000    45.000    90.000    0     119.881310      -0.345250
    -10.00     -5.00      16.667900       0.000000       0.000000        27      26.0      27.0       0.542631   180.000    45.000    90.000    0     119.865219      -0.345820
    -10.00      0.00      12.000000       0.000000       0.000000        27      26.0      27.0       0.542631   180.000    45.000    90.000    0     119.849129      -0.346380
    -10.00      5.00       7.332100       0.000000       0.000000        27      26.0      27.0       0.542631   180.000    45.000    90.000    0     119.833054      -0.346950
    -10.00     10.00       2.664200       0.000000       0.000000        27      26.0      27.0       0.542631   180.000    45.000    90.000    0     119.816963      -0.347510
     -5.00    -15.00      26.003710       0.000000       0.000000        27      26.0      27.0       0.542631   180.000    45.000    90.000    0     119.895828      -0.299500
     -5.00    -10.00      21.335800       0.000000       0.000000        27      26.0      27.0       0.542631   180.000    45.000    90.000    0     119.879738      -0.300060
     -5.00     -5.00      16.667900       0.000000       0.000000        27      26.0      27.0       0.542631   180.000    45.000    90.000    0     119.863647      -0.300630
     -5.00      0.00      12.000000       0.000000       0.000000        27      26.0      27.0       0.542631   180.000    45.000    90.000    0     119.847572      -0.301190
     -5.00      5.00       7.332100       0.000000       0.000000        27      26.0      27.0       0.542631   180.000    45.000    90.000    0     119.831482      -0.301760
     -5.00     10.00       2.664200       0.000000       0.000000        27      26.0      27.0       0.542631   180.000    45.000    90.000    0     119.815399      -0.302320
      0.00    -15.00      26.003710       0.000000       0.000000        27      26.0      27.0       0.542631   180.000    45.000    90.000    0     119.894257      -0.254300
      0.00    -10.00      21.335800       0.000000       0.000000        27      26.0      27.0       0.542631   180.000    45.000    90.000    0     119.878166      -0.254870
      0.00     -5.00      16.667900       0.000000       0.000000        27      26.0      27.0       0.542631   180.000    45.000    90.000    0     119.862091      -0.255430
      0.00      0.00      12.000000       0.000000       0.000000        27      26.0      27.0       0.542631   180.000    45.000    90.000    0     119.846001      -0.256000
      0.00      5.00       7.332100       0.000000       0.000000        27      26.0      27.0       0.542631   180.000    45.000    90.000    0     119.829910      -0.256570
      0.00     10.00       2.664200       0.000000       0.000000        27      26.0      27.0       0.542631   180.000    45.000    90.000    0     119.813828      -0.257130
      5.00    -15.00      26.003710       0.000000       0.000000        27      26.0      27.0       0.542631   180.000    45.000    90.000    0     119.892693      -0.209110
      5.00    -10.00      21.335800       0.000000       0.000000        27      26.0      27.0       0.542631   180.000    45.000    90.000    0     119.876602      -0.209680
      5.00     -5.00      16.667900       0.000000       0.000000        27      26.0      27.0       0.542631   180.000    45.000    90.000    0     119.860519      -0.210240
      5.00      0.00      12.000000       0.000000       0.000000        27      26.0      27.0       0.542631   180.000    45.000    90.000    0     119.844429      -0.210810
      5.00      5.00       7.332100       0.000000       0.000000        27      26.0      27.0       0.542631   180.000    45.000    90.000    0     119.828346      -0.211370
      5.00     10.00       2.664200       0.000000       0.000000        27      26.0      27.0       0.542631   180.000    45.000    90.000    0     119.812263      -0.211940
     10.00    -15.00      26.003710       0.000000       0.000000        27      26.0      27.0       0.542631   180.000    45.000    90.000    0     119.891121      -0.163920
     10.00    -10.00      21.335800       0.000000       0.000000        27      26.0      27.0       0.542631   180.000    45.000    90.000    0     119.875038      -0.164490
     10.00     -5.00      16.667900       0.000000       0.000000        27      26.0      27.0       0.542631   180.000    45.000    90.000    0     119.858948      -0.165050
     10.00      0.00      12.000000       0.000000       0.000000        27      26.0      27.0       0.542631   180.000    45.000    90.000    0     119.842873      -0.165620
     10.00      5.00       7.332100       0.000000       0.000000        27      26.0      27.0       0.542631   180.000    45.000    90.000    0     119.826782      -0.166180
     10.00     10.00       2.664200       0.000000       0.000000        27      26.0      27.0       0.542631   180.000    45.000    90.000    0     119.810692      -0.166750
     15.00    -15.00      26.003710       0.000000       0.000000        27      26.0      27.0       0.542631   180.000    45.000    90.000    0     119.889549      -0.118730
     15.00    -10.00      21.335800       0.000000       0.000000        27      26.0      27.0       0.542631   180.000    45.000    90.000    0     119.873466      -0.119300
     15.00     -5.00      16.667900       0.000000       0.000000        27      26.0      27.0       0.542631   180.000    45.000    90.000    0     119.857384      -0.119860
     15.00      0.00      12.000000       0.000000       0.000000        27      26.0      27.0       0.542631   180.000    45.000    90.000    0     119.841301      -0.120430
     15.00      5.00       7.332100       0.000000       0.000000        27      26.0      27.0       0.542631   180.000    45.000    90.000    0     119.825218      -0.120990
     15.00     10.00       2.664200       0.000000       0.000000        27      26.0      27.0       0.542631   180.000    45.000    90.000    0     119.809128      -0.121560
     20.00    -15.00      26.003710       0.000000       0.000000        27      26.0      27.0       0.542631   180.000    45.000    90.000    0     119.887978      -0.073540
     20.00    -10.00      21.335800       0.000000       0.000000        27      26.0      27.0       0.542631   180.000    45.000    90.000    0     119.871902      -0.074100
     20.00     -5.00      16.667900       0.000000       0.000000        27      26.0      27.0       0.542631   180.000    45.000    90.000    0     119.855812      -0.074670
     20.00      0.00      12.000000       0.000000       0.000000        27      26.0      27.0       0.542631   180.000    45.000    90.000    0     119.839737      -0.075240
     20.00      5.00       7.332100       0.000000       0.000000        27      26.0      27.0       0.542631   180.000    45.000    90.000    0     119.823647      -0.075800
     20.00     10.00       2.664200       0.000000       0.000000        27      26.0      27.0       0.542631   180.000    45.000    90.000    0     119.807564      -0.076370
     25.00    -15.00      26.003710       0.000000       0.000000        27      26.0      27.0       0.542631   180.000    45.000    90.000    0     119.886414      -0.028350
     25.00    -10.00      21.335800       0.000000       0.000000        27      26.0      27.0       0.542631   180.000    45.000    90.000    0     119.870331      -0.028910
     25.00     -5.00      16.667900       0.000000       0.000000        27      26.0      27.0       0.542631   180.000    45.000    90.000    0     119.854240      -0.029480
     25.00      0.00      12.000000       0.000000       0.000000        27      26.0      27.0       0.542631   180.000    45.000    90.000    0     119.838173      -0.030050
     25.00      5.00       7.332100       0.000000       0.000000        27      26.0      27.0       0.542631   180.000    45.000    90.000    0     119.822083      -0.030610
     25.00     10.00       2.664200       0.000000       0.000000        27      26.0      27.0       0.542631   180.000    45.000    90.000    0     119.806000      -0.031180
     30.00    -15.00      26.003710       0.000000       0.000000        27      26.0      27.0       0.542631   180.000    45.000    90.000    0     119.884850       0.016840
     30.00    -10.00      21.335800       0.000000       0.000000        27      26.0      27.0       0.542631   180.000    45.000    90.000    0     119.868759       0.016280
     30.00     -5.00      16.667900       0.000000       0.000000        27      26.0      27.0       0.542631   180.000    45.000    90.000    0     119.852669       0.015710
     30.00      0.00      12.000000       0.000000       0.000000        27      26.0      27.0       0.542631   180.000    45.000    90.000    0     119.836601       0.015150
     30.00      5.00       7.332100       0.000000       0.000000        27      26.0      27.0       0.542631   180.000    45.000    90.000    0     119.820518       0.014580
     30.00     10.00       2.664200       0.000000       0.000000        27      26.0      27.0       0.542631   180.000    45.000    90.000    0     119.804428       0.014020
     35.00    -15.00      26.003710       0.000000       0.000000        27      26.0      27.0       0.542631   180.000    45.000    90.000    0     119.883278       0.062030
     35.00    -10.00      21.335800       0.000000       0.000000        27      26.0      27.0       0.542631   180.000    45.000    90.000    0     119.867188       0.061470
     35.00     -5.00      16.667900       0.000000       0.000000        27      26.0      27.0       0.542631   180.000    45.000    90.000    0     119.851097       0.060900
     35.00      0.00      12.000000       0.000000       0.000000        27      26.0      27.0       0.542631   180.000    45.000    90.000    0     119.835037       0.060340
     35.00      5.00       7.332100       0.000000       0.000000        27      26.0      27.0       0.542631   180.000    45.000    90.000    0     119.818947       0.059770
     35.00     10.00       2.664200       0.000000       0.000000        27      26.0      27.0       0.542631   180.000    45.000    90.000    0     119.802856       0.059210
     40.00    -15.00      26.003710       0.000000       0.000000        27      26.0      27.0       0.542631   180.000    45.000    90.000    0     119.881706       0.107230
     40.00    -10.00      21.335800       0.000000       0.000000        27      26.0      27.0       0.542631   180.000    45.000    90.000    0     119.865623       0.106660
     40.00     -5.00      16.667900       0.000000       0.000000        27      26.0      27.0       0.542631   180.000    45.000    90.000    0     119.849533       0.106090
     40.00      0.00      12.000000       0.000000       0.000000        27      26.0      27.0       0.542631   180.000    45.000    90.000    0     119.833473       0.105530
     40.00      5.00       7.332100       0.000000       0.000000        27      26.0      27.0       0.542631   180.000    45.000    90.000    0     119.817390       0.104960
     40.00     10.00       2.664200       0.000000       0.000000        27      26.0      27.0       0.542631   180.000    45.000    90.000    0     119.801300       0.104400
     45.00    -15.00      26.003710       0.000000       0.000000        27      26.0      27.0       0.542631   180.000    45.000    90.000    0     119.880142       0.152420
     45.00    -10.00      21.335800       0.000000       0.000000        27      26.0      27.0       0.542631   180.000    45.000    90.000    0     119.864052       0.151850
     45.00     -5.00      16.667900       0.000000       0.000000        27      26.0      27.0       0.542631   180.000    45.000    90.000    0     119.847961       0.151280
     45.00      0.00      12.000000       0.000000       0.000000        27      26.0      27.0       0.542631   180.000    45.000    90.000    0     119.831909       0.150720
     45.00      5.00       7.332100       0.000000       0.000000        27      26.0      27.0       0.542631   180.000    45.000    90.000    0     119.815819       0.150150
     45.00     10.00       2.664200       0.000000       0.000000        27      26.0      27.0       0.542631   180.000    45.000    90.000    0     119.799728       0.149590
     50.00    -15.00      26.003710       0.010826       0.010826        27      26.0      27.0       0.542631    93.120    36.370   -52.440    1     119.878571       0.197610
     50.00    -10.00      21.335800       0.000000       0.000000        27      26.0      27.0       0.542631   180.000    45.000    90.000    0     119.862480       0.197040
     50.00     -5.00      16.667900       0.000000       0.000000        27      26.0      27.0       0.542631   180.000    45.000    90.000    0     119.846390       0.196470
     50.00      0.00      12.000000       0.000000       0.000000        27      26.0      27.0       0.542631   180.000    45.000    90.000    0     119.830338       0.195910
     50.00      5.00       7.332100       0.000000       0.000000        27      26.0      27.0       0.542631   180.000    45.000    90.000    0     119.814247       0.195340
     50.00     10.00       2.664200       0.000000       0.000000        27      26.0      27.0       0.542631   180.000    45.000    90.000    0     119.798172       0.194780
