      xloc      yloc          depth         ave SR         max SR         #     start       end     max SR all       str       dip      rake flag
   -185.00    -15.00      26.003710       0.000000       0.000000        33      32.0      33.0       0.542631   180.000    45.000    90.000    0     119.952240      -1.926360
   -185.00    -10.00      21.335800       0.000000       0.000000        33      32.0      33.0       0.542631   180.000    45.000    90.000    0     119.936150      -1.926930
   -185.00     -5.00      16.667900       0.000000       0.000000        33      32.0      33.0       0.542631   180.000    45.000    90.000    0     119.920059      -1.927490
   -185.00      0.00      12.000000       0.000000       0.000000        33      32.0      33.0       0.542631   180.000    45.000    90.000    0     119.903961      -1.928060
   -185.00      5.00       7.332100       0.000000       0.000000        33      32.0      33.0       0.542631   180.000    45.000    90.000    0     119.887871      -1.928620
   -185.00     10.00       2.664200       0.000000       0.000000        33      32.0      33.0       0.542631   180.000    45.000    90.000    0     119.871780      -1.929190
   -180.00    -15.00      26.003710       0.000000       0.000000        33      32.0      33.0       0.542631   180.000    45.000    90.000    0     119.950684      -1.881170
   -180.00    -10.00      21.335800       0.000000       0.000000        33      32.0      33.0       0.542631   180.000    45.000    90.000    0     119.934578      -1.881740
   -180.00     -5.00      16.667900       0.000000       0.000000        33      32.0      33.0       0.542631   180.000    45.000    90.000    0     119.918488      -1.882300
   -180.00      0.00      12.000000       0.000000       0.000000        33      32.0      33.0       0.542631   180.000    45.000    90.000    0     119.902397      -1.882870
   -180.00      5.00       7.332100       0.000000       0.000000        33      32.0      33.0       0.542631   180.000    45.000    90.000    0     119.886299      -1.883430
   -180.00     10.00       2.664200       0.000000       0.000000        33      32.0      33.0       0.542631   180.000    45.000    90.000    0     119.870209      -1.884000
   -175.00    -15.00      26.003710       0.000000       0.000000        33      32.0      33.0       0.542631   180.000    45.000    90.000    0     119.949112      -1.835980
   -175.00    -10.00      21.335800       0.000000       0.000000        33      32.0      33.0       0.542631   180.000    45.000    90.000    0     119.933006      -1.836550
   -175.00     -5.00      16.667900       0.000000       0.000000        33      32.0      33.0       0.542631   180.000    45.000    90.000    0     119.916924      -1.837110
   -175.00      0.00      12.000000       0.000000       0.000000        33      32.0      33.0       0.542631   180.000    45.000    90.000    0     119.900833      -1.837680
   -175.00      5.00       7.332100       0.000000       0.000000        33      32.0      33.0       0.542631   180.000    45.000    90.000    0     119.884743      -1.838240
   -175.00     10.00       2.664200       0.000000       0.000000        33      32.0      33.0       0.542631   180.000    45.000    90.000    0     119.868637      -1.838810
   -170.00    -15.00      26.003710       0.000000       0.000000        33      32.0      33.0       0.542631   180.000    45.000    90.000    0     119.947540      -1.790790
   -170.00    -10.00      21.335800       0.000000       0.000000        33      32.0      33.0       0.542631   180.000    45.000    90.000    0     119.931450      -1.791360
   -170.00     -5.00      16.667900       0.000000       0.000000        33      32.0      33.0       0.542631   180.000    45.000    90.000    0     119.915352      -1.791920
   -170.00      0.00      12.000000       0.000000       0.000000        33      32.0      33.0       0.542631   180.000    45.000    90.000    0     119.899261      -1.792490
   -170.00      5.00       7.332100       0.000000       0.000000        33      32.0      33.0       0.542631   180.000    45.000    90.000    0     119.883171      -1.793050
   -170.00     10.00       2.664200       0.000000       0.000000        33      32.0      33.0       0.542631   180.000    45.000    90.000    0     119.867081      -1.793620
   -165.00    -15.00      26.003710       0.000000       0.000000        33      32.0      33.0       0.542631   180.000    45.000    90.000    0     119.945969      -1.745600
   -165.00    -10.00      21.335800       0.000000       0.000000        33      32.0      33.0       0.542631   180.000    45.000    90.000    0     119.929878      -1.746170
   -165.00     -5.00      16.667900       0.000000       0.000000        33      32.0      33.0       0.542631   180.000    45.000    90.000    0     119.913788      -1.746730
   -165.00      0.00      12.000000       0.000000       0.000000        33      32.0      33.0       0.542631   180.000    45.000    90.000    0     119.897690      -1.747300
   -165.00      5.00       7.332100       0.000000       0.000000        33      32.0      33.0       0.542631   180.000    45.000    90.000    0     119.881599      -1.747860
   -165.00     10.00       2.664200       0.000000       0.000000        33      32.0      33.0       0.542631   180.000    45.000    90.000    0     119.865509      -1.748430
   -160.00    -15.00      26.003710       0.000000       0.000000        33      32.0      33.0       0.542631   180.000    45.000    90.000    0     119.944397      -1.700410
   -160.00    -10.00      21.335800       0.000000       0.000000        33      32.0      33.0       0.542631   180.000    45.000    90.000    0     119.928307      -1.700980
   -160.00     -5.00      16.667900       0.000000       0.000000        33      32.0      33.0       0.542631   180.000    45.000    90.000    0     119.912216      -1.701540
   -160.00      0.00      12.000000       0.000000       0.000000        33      32.0      33.0       0.542631   180.000    45.000    90.000    0     119.896133      -1.702110
   -160.00      5.00       7.332100       0.000000       0.000000        33      32.0      33.0       0.542631   180.000    45.000    90.000    0     119.880028      -1.702670
   -160.00     10.00       2.664200       0.000000       0.000000        33      32.0      33.0       0.542631   180.000    45.000    90.000    0     119.863937      -1.703240
   -155.00    -15.00      26.003710       0.000000       0.000000        33      32.0      33.0       0.542631   180.000    45.000    90.000    0     119.942841      -1.655220
   -155.00    -10.00      21.335800       0.000000       0.000000        33      32.0      33.0       0.542631   180.000    45.000    90.000    0     119.926743      -1.655790
   -155.00     -5.00      16.667900       0.000000       0.000000        33      32.0      33.0       0.542631   180.000    45.000    90.000    0     119.910652      -1.656350
   -155.00      0.00      12.000000       0.000000       0.000000        33      32.0      33.0       0.542631   180.000    45.000    90.000    0     119.894562      -1.656920
   -155.00      5.00       7.332100       0.000000       0.000000        33      32.0      33.0       0.542631   180.000    45.000    90.000    0     119.878471      -1.657480
   -155.00     10.00       2.664200       0.000000       0.000000        33      32.0      33.0       0.542631   180.000    45.000    90.000    0     119.862373      -1.658050
   -150.00    -15.00      26.003710       0.000000       0.000000        33      32.0      33.0       0.542631   180.000    45.000    90.000    0     119.941269      -1.610030
   -150.00    -10.00      21.335800       0.000000       0.000000        33      32.0      33.0       0.542631   180.000    45.000    90.000    0     119.925179      -1.610590
   -150.00     -5.00      16.667900       0.000000       0.000000        33      32.0      33.0       0.542631   180.000    45.000    90.000    0     119.909081      -1.611160
   -150.00      0.00      12.000000       0.000000       0.000000        33      32.0      33.0       0.542631   180.000    45.000    90.000    0     119.892990      -1.611730
   -150.00      5.00       7.332100       0.000000       0.000000        33      32.0      33.0       0.542631   180.000    45.000    90.000    0     119.876900      -1.612290
   -150.00     10.00       2.664200       0.000000       0.000000        33      32.0      33.0       0.542631   180.000    45.000    90.000    0     119.860809      -1.612860
   -145.00    -15.00      26.003710       0.000000       0.000000        33      32.0      33.0       0.542631   180.000    45.000    90.000    0     119.939697      -1.564840
   -145.00    -10.00      21.335800       0.000000       0.000000        33      32.0      33.0       0.542631   180.000    45.000    90.000    0     119.923607      -1.565400
   -145.00     -5.00      16.667900       0.000000       0.000000        33      32.0      33.0       0.542631   180.000    45.000    90.000    0     119.907516      -1.565970
   -145.00      0.00      12.000000       0.000000       0.000000        33      32.0      33.0       0.542631   180.000    45.000    90.000    0     119.891418      -1.566530
   -145.00      5.00       7.332100       0.000000       0.000000        33      32.0      33.0       0.542631   180.000    45.000    90.000    0     119.875328      -1.567100
   -145.00     10.00       2.664200       0.000000       0.000000        33      32.0      33.0       0.542631   180.000    45.000    90.000    0     119.859238      -1.567660
   -140.00    -15.00      26.003710       0.000000       0.000000        33      32.0      33.0       0.542631   180.000    45.000    90.000    0     119.938133      -1.519650
   -140.00    -10.00      21.335800       0.000000       0.000000        33      32.0      33.0       0.542631   180.000    45.000    90.000    0     119.922043      -1.520210
   -140.00     -5.00      16.667900       0.000000       0.000000        33      32.0      33.0       0.542631   180.000    45.000    90.000    0     119.905952      -1.520780
   -140.00      0.00      12.000000       0.000000       0.000000        33      32.0      33.0       0.542631   180.000    45.000    90.000    0     119.889862      -1.521340
   -140.00      5.00       7.332100       0.000000       0.000000        33      32.0      33.0       0.542631   180.000    45.000    90.000    0     119.873772      -1.521910
   -140.00     10.00       2.664200       0.000000       0.000000        33      32.0      33.0       0.542631   180.000    45.000    90.000    0     119.857681      -1.522470
   -135.00    -15.00      26.003710       0.010785       0.010785        33      32.0      33.0       0.542631   187.330    89.830    39.370    0     119.936562      -1.474460
   -135.00    -10.00      21.335800       0.009058       0.009058        33      32.0      33.0       0.542631    86.800    38.150   125.030    1     119.920471      -1.475020
   -135.00     -5.00      16.667900       0.016751       0.016751        33      32.0      33.0       0.542631    41.880    33.260    39.480    0     119.904381      -1.475590
   -135.00      0.00      12.000000       0.011130       0.011130        33      32.0      33.0       0.542631     0.330    79.520   -41.820    0     119.888290      -1.476150
   -135.00      5.00       7.332100       0.011774       0.011774        33      32.0      33.0       0.542631   199.310    78.220    19.900    0     119.872200      -1.476720
   -135.00     10.00       2.664200       0.019271       0.019271        33      32.0      33.0       0.542631   197.100    88.680    54.810    0     119.856110      -1.477280
   -130.00    -15.00      26.003710       0.058309       0.058309        33      32.0      33.0       0.542631     0.890    52.600   -10.630    0     119.934998      -1.429270
   -130.00    -10.00      21.335800       0.109720       0.109720        33      32.0      33.0       0.542631    26.370    54.110    18.970    0     119.918907      -1.429830
   -130.00     -5.00      16.667900       0.162338       0.162338        33      32.0      33.0       0.542631    48.060    40.360    45.810    1     119.902809      -1.430400
   -130.00      0.00      12.000000       0.128137       0.128137        33      32.0      33.0       0.542631   212.410    85.770    23.220    0     119.886719      -1.430960
   -130.00      5.00       7.332100       0.127441       0.127441        33      32.0      33.0       0.542631   207.210    83.490    35.290    0     119.870628      -1.431530
   -130.00     10.00       2.664200       0.154257       0.154257        33      32.0      33.0       0.542631   208.880    80.980    50.240    0     119.854538      -1.432090
   -125.00    -15.00      26.003710       0.072038       0.072038        33      32.0      33.0       0.542631    12.350    76.170    14.550    0     119.933434      -1.384080
   -125.00    -10.00      21.335800       0.153267       0.153267        33      32.0      33.0       0.542631    28.500    63.190    21.530    0     119.917343      -1.384640
   -125.00     -5.00      16.667900       0.212293       0.212293        33      32.0      33.0       0.542631    40.510    47.940    34.840    0     119.901253      -1.385210
   -125.00      0.00      12.000000       0.198847       0.198847        33      32.0      33.0       0.542631   218.070    75.820    35.740    0     119.885162      -1.385770
   -125.00      5.00       7.332100       0.213838       0.213838        33      32.0      33.0       0.542631   214.260    78.520    45.120    0     119.869072      -1.386340
   -125.00     10.00       2.664200       0.251863       0.251863        33      32.0      33.0       0.542631   213.160    79.180    53.670    0     119.852982      -1.386900
   -120.00    -15.00      26.003710       0.085235       0.085235        33      32.0      33.0       0.542631    18.270    85.840    26.770    0     119.931862      -1.338890
   -120.00    -10.00      21.335800       0.169347       0.169347        33      32.0      33.0       0.542631    30.670    69.700    26.600    0     119.915771      -1.339450
   -120.00     -5.00      16.667900       0.219999       0.219999        33      32.0      33.0       0.542631    35.950    55.870    28.350    0     119.899681      -1.340020
   -120.00      0.00      12.000000       0.219399       0.219399        33      32.0      33.0       0.542631   216.250    77.110    35.820    0     119.883591      -1.340580
   -120.00      5.00       7.332100       0.253167       0.253167        33      32.0      33.0       0.542631   215.890    78.160    50.680    0     119.867500      -1.341150
   -120.00     10.00       2.664200       0.300006       0.300006        33      32.0      33.0       0.542631   214.200    79.470    57.260    0     119.851410      -1.341710
   -115.00    -15.00      26.003710       0.091024       0.091024        33      32.0      33.0       0.542631    24.910    86.400    36.260    0     119.930290      -1.293690
   -115.00    -10.00      21.335800       0.171200       0.171200        33      32.0      33.0       0.542631    35.540    71.000    36.370    0     119.914200      -1.294260
   -115.00     -5.00      16.667900       0.200346       0.200346        33      32.0      33.0       0.542631    32.940    62.930    24.750    0     119.898109      -1.294830
   -115.00      0.00      12.000000       0.206930       0.206930        33      32.0      33.0       0.542631   210.760    82.700    30.610    0     119.882019      -1.295390
   -115.00      5.00       7.332100       0.253147       0.253147        33      32.0      33.0       0.542631   215.030    79.020    53.880    0     119.865929      -1.295960
   -115.00     10.00       2.664200       0.305764       0.305764        33      32.0      33.0       0.542631   214.250    79.940    60.810    0     119.849838      -1.296520
   -110.00    -15.00      26.003710       0.089774       0.089774        33      32.0      33.0       0.542631    39.830    79.870    58.860    0     119.928726      -1.248500
   -110.00    -10.00      21.335800       0.156648       0.156648        33      32.0      33.0       0.542631    44.050    69.250    52.420    1     119.912643      -1.249070
   -110.00     -5.00      16.667900       0.166466       0.166466        33      32.0      33.0       0.542631    34.470    61.790    32.440    0     119.896553      -1.249630
   -110.00      0.00      12.000000       0.176948       0.176948        33      32.0      33.0       0.542631   206.790    84.380    29.590    0     119.880463      -1.250200
   -110.00      5.00       7.332100       0.221512       0.221512        33      32.0      33.0       0.542631   213.680    79.130    56.150    0     119.864372      -1.250760
   -110.00     10.00       2.664200       0.276273       0.276273        33      32.0      33.0       0.542631   214.930    79.440    65.380    0     119.848282      -1.251330
   -105.00    -15.00      26.003710       0.088890       0.088890        33      32.0      33.0       0.542631    62.490    77.770    86.510    1     119.927162      -1.203310
   -105.00    -10.00      21.335800       0.134824       0.134824        33      32.0      33.0       0.542631    57.920    69.360    76.000    1     119.911072      -1.203880
   -105.00     -5.00      16.667900       0.126270       0.126270        33      32.0      33.0       0.542631    44.180    57.220    56.110    1     119.894981      -1.204440
   -105.00      0.00      12.000000       0.138021       0.138021        33      32.0      33.0       0.542631    14.560    61.140     4.950    0     119.878891      -1.205010
   -105.00      5.00       7.332100       0.171671       0.171671        33      32.0      33.0       0.542631   219.020    74.210    67.590    0     119.862801      -1.205570
   -105.00     10.00       2.664200       0.225301       0.225301        33      32.0      33.0       0.542631   221.630    76.030    77.660    0     119.846710      -1.206140
   -100.00    -15.00      26.003710       0.078910       0.078910        33      32.0      33.0       0.542631    65.230    83.580    91.240    1     119.925591      -1.158120
   -100.00    -10.00      21.335800       0.107061       0.107061        33      32.0      33.0       0.542631    65.700    76.750    92.500    1     119.909500      -1.158690
   -100.00     -5.00      16.667900       0.092821       0.092821        33      32.0      33.0       0.542631    50.910    60.680    78.080    1     119.893410      -1.159250
   -100.00      0.00      12.000000       0.108995       0.108995        33      32.0      33.0       0.542631    12.200    51.090    20.970    0     119.877319      -1.159820
   -100.00      5.00       7.332100       0.142820       0.142820        33      32.0      33.0       0.542631     1.710    48.330     8.670    0     119.861229      -1.160380
   -100.00     10.00       2.664200       0.179218       0.179218        33      32.0      33.0       0.542631   356.510    34.600    16.190    0     119.845207      -1.160950
    -95.00    -15.00      26.003710       0.065417       0.065417        33      32.0      33.0       0.542631   133.690    11.450   -15.960    0     119.924026      -1.112930
    -95.00    -10.00      21.335800       0.096730       0.096730        33      32.0      33.0       0.542631   154.480    15.400     5.710    0     119.907944      -1.113500
    -95.00     -5.00      16.667900       0.077116       0.077116        33      32.0      33.0       0.542631   205.720    22.230    68.300    0     119.891853      -1.114060
    -95.00      0.00      12.000000       0.084476       0.084476        33      32.0      33.0       0.542631     5.670    59.510    30.840    0     119.875763      -1.114630
    -95.00      5.00       7.332100       0.119393       0.119393        33      32.0      33.0       0.542631   357.490    54.300    14.180    0     119.859673      -1.115190
    -95.00     10.00       2.664200       0.148390       0.148390        33      32.0      33.0       0.542631   350.330    48.870     7.790    0     119.843643      -1.115760
    -90.00    -15.00      26.003710       0.064479       0.064479        33      32.0      33.0       0.542631   121.060    42.330   -20.640    1     119.922462      -1.067740
    -90.00    -10.00      21.335800       0.101831       0.101831        33      32.0      33.0       0.542631   130.310    38.050    -9.920    1     119.906372      -1.068310
    -90.00     -5.00      16.667900       0.081190       0.081190        33      32.0      33.0       0.542631   154.600    32.550    17.620    0     119.890282      -1.068870
    -90.00      0.00      12.000000       0.077532       0.077532        33      32.0      33.0       0.542631     4.530    63.030    50.090    0     119.874191      -1.069440
    -90.00      5.00       7.332100       0.105055       0.105055        33      32.0      33.0       0.542631   353.760    59.080    23.120    0     119.858101      -1.070000
    -90.00     10.00       2.664200       0.121549       0.121549        33      32.0      33.0       0.542631   346.090    59.550     9.700    0     119.842072      -1.070570
    -85.00    -15.00      26.003710       0.077290       0.077290        33      32.0      33.0       0.542631   117.970    53.510   -27.290    1     119.920891      -1.022550
    -85.00    -10.00      21.335800       0.104945       0.104945        33      32.0      33.0       0.542631   127.010    46.650   -12.940    1     119.904800      -1.023120
    -85.00     -5.00      16.667900       0.081860       0.081860        33      32.0      33.0       0.542631   143.240    42.650     2.100    0     119.888710      -1.023680
    -85.00      0.00      12.000000       0.066452       0.066452        33      32.0      33.0       0.542631     8.350    56.780    61.390    0     119.872620      -1.024250
    -85.00      5.00       7.332100       0.086362       0.086362        33      32.0      33.0       0.542631   352.110    58.740    30.670    0     119.856537      -1.024810
    -85.00     10.00       2.664200       0.095285       0.095285        33      32.0      33.0       0.542631   341.220    68.790     8.650    0     119.840500      -1.025380
    -80.00    -15.00      26.003710       0.074494       0.074494        33      32.0      33.0       0.542631   115.820    47.610   -30.250    1     119.919319      -0.977360
    -80.00    -10.00      21.335800       0.080292       0.080292        33      32.0      33.0       0.542631   125.890    42.400   -14.000    1     119.903236      -0.977920
    -80.00     -5.00      16.667900       0.054598       0.054598        33      32.0      33.0       0.542631   144.520    46.510    -5.370    0     119.887154      -0.978490
    -80.00      0.00      12.000000       0.049279       0.049279        33      32.0      33.0       0.542631   220.460    54.070    96.680    0     119.871063      -0.979050
    -80.00      5.00       7.332100       0.052347       0.052347        33      32.0      33.0       0.542631   344.650    61.220    18.170    0     119.854973      -0.979620
    -80.00     10.00       2.664200       0.060447       0.060447        33      32.0      33.0       0.542631   335.700    81.630    -5.800    0     119.838928      -0.980190
    -75.00    -15.00      26.003710       0.008960       0.008960        33      32.0      33.0       0.542631   160.690    89.410   -82.000    0     119.917763      -0.932170
    -75.00    -10.00      21.335800       0.008998       0.008998        33      32.0      33.0       0.542631    83.200     5.360   -68.600    1     119.901672      -0.932730
    -75.00     -5.00      16.667900       0.004488       0.004488        33      32.0      33.0       0.542631   183.370    71.120    78.300    0     119.885582      -0.933300
    -75.00      0.00      12.000000       0.008521       0.008521        33      32.0      33.0       0.542631    17.100    54.610    47.890    0     119.869492      -0.933860
    -75.00      5.00       7.332100       0.006961       0.006961        33      32.0      33.0       0.542631   149.340    87.530    24.450    0     119.853401      -0.934430
    -75.00     10.00       2.664200       0.007863       0.007863        33      32.0      33.0       0.542631   330.030    74.890   -10.530    0     119.837357      -0.934990
    -70.00    -15.00      26.003710       0.000000       0.000000        33      32.0      33.0       0.542631   180.000    45.000    90.000    0     119.916191      -0.886980
    -70.00    -10.00      21.335800       0.000000       0.000000        33      32.0      33.0       0.542631   180.000    45.000    90.000    0     119.900101      -0.887540
    -70.00     -5.00      16.667900       0.000000       0.000000        33      32.0      33.0       0.542631   180.000    45.000    90.000    0     119.884010      -0.888110
    -70.00      0.00      12.000000       0.000000       0.000000        33      32.0      33.0       0.542631   180.000    45.000    90.000    0     119.867928      -0.888670
    -70.00      5.00       7.332100       0.000000       0.000000        33      32.0      33.0       0.542631   180.000    45.000    90.000    0     119.851837      -0.889240
    -70.00     10.00       2.664200       0.000000       0.000000        33      32.0      33.0       0.542631   180.000    45.000    90.000    0     119.835793      -0.889800
    -65.00    -15.00      26.003710       0.000000       0.000000        33      32.0      33.0       0.542631   180.000    45.000    90.000    0     119.914619      -0.841790
    -65.00    -10.00      21.335800       0.000000       0.000000        33      32.0      33.0       0.542631   180.000    45.000    90.000    0     119.898537      -0.842350
    -65.00     -5.00      16.667900       0.000000       0.000000        33      32.0      33.0       0.542631   180.000    45.000    90.000    0     119.882446      -0.842920
    -65.00      0.00      12.000000       0.000000       0.000000        33      32.0      33.0       0.542631   180.000    45.000    90.000    0     119.866364      -0.843480
    -65.00      5.00       7.332100       0.000000       0.000000        33      32.0      33.0       0.542631   180.000    45.000    90.000    0     119.850273      -0.844050
    -65.00     10.00       2.664200       0.000000       0.000000        33      32.0      33.0       0.542631   180.000    45.000    90.000    0     119.834221      -0.844610
    -60.00    -15.00      26.003710       0.000000       0.000000        33      32.0      33.0       0.542631   180.000    45.000    90.000    0     119.913063      -0.796600
    -60.00    -10.00      21.335800       0.000000       0.000000        33      32.0      33.0       0.542631   180.000    45.000    90.000    0     119.896973      -0.797160
    -60.00     -5.00      16.667900       0.000000       0.000000        33      32.0      33.0       0.542631   180.000    45.000    90.000    0     119.880882      -0.797730
    -60.00      0.00      12.000000       0.000000       0.000000        33      32.0      33.0       0.542631   180.000    45.000    90.000    0     119.864792      -0.798290
    -60.00      5.00       7.332100       0.000000       0.000000        33      32.0      33.0       0.542631   180.000    45.000    90.000    0     119.848701      -0.798860
    -60.00     10.00       2.664200       0.000000       0.000000        33      32.0      33.0       0.542631   180.000    45.000    90.000    0     119.832657      -0.799420
    -55.00    -15.00      26.003710       0.000000       0.000000        33      32.0      33.0       0.542631   180.000    45.000    90.000    0     119.911491      -0.751410
    -55.00    -10.00      21.335800       0.000000       0.000000        33      32.0      33.0       0.542631   180.000    45.000    90.000    0     119.895401      -0.751970
    -55.00     -5.00      16.667900       0.000000       0.000000        33      32.0      33.0       0.542631   180.000    45.000    90.000    0     119.879311      -0.752540
    -55.00      0.00      12.000000       0.000000       0.000000        33      32.0      33.0       0.542631   180.000    45.000    90.000    0     119.863228      -0.753100
    -55.00      5.00       7.332100       0.000000       0.000000        33      32.0      33.0       0.542631   180.000    45.000    90.000    0     119.847137      -0.753670
    -55.00     10.00       2.664200       0.000000       0.000000        33      32.0      33.0       0.542631   180.000    45.000    90.000    0     119.831093      -0.754230
    -50.00    -15.00      26.003710       0.000000       0.000000        33      32.0      33.0       0.542631   180.000    45.000    90.000    0     119.909920      -0.706210
    -50.00    -10.00      21.335800       0.000000       0.000000        33      32.0      33.0       0.542631   180.000    45.000    90.000    0     119.893837      -0.706780
    -50.00     -5.00      16.667900       0.000000       0.000000        33      32.0      33.0       0.542631   180.000    45.000    90.000    0     119.877747      -0.707340
    -50.00      0.00      12.000000       0.000000       0.000000        33      32.0      33.0       0.542631   180.000    45.000    90.000    0     119.861656      -0.707910
    -50.00      5.00       7.332100       0.000000       0.000000        33      32.0      33.0       0.542631   180.000    45.000    90.000    0     119.845612      -0.708470
    -50.00     10.00       2.664200       0.000000       0.000000        33      32.0      33.0       0.542631   180.000    45.000    90.000    0     119.829521      -0.709040
    -45.00    -15.00      26.003710       0.000000       0.000000        33      32.0      33.0       0.542631   180.000    45.000    90.000    0     119.908363      -0.661020
    -45.00    -10.00      21.335800       0.000000       0.000000        33      32.0      33.0       0.542631   180.000    45.000    90.000    0     119.892273      -0.661590
    -45.00     -5.00      16.667900       0.000000       0.000000        33      32.0      33.0       0.542631   180.000    45.000    90.000    0     119.876183      -0.662150
    -45.00      0.00      12.000000       0.000000       0.000000        33      32.0      33.0       0.542631   180.000    45.000    90.000    0     119.860092      -0.662720
    -45.00      5.00       7.332100       0.000000       0.000000        33      32.0      33.0       0.542631   180.000    45.000    90.000    0     119.844040      -0.663280
    -45.00     10.00       2.664200       0.000000       0.000000        33      32.0      33.0       0.542631   180.000    45.000    90.000    0     119.827950      -0.663850
    -40.00    -15.00      26.003710       0.000000       0.000000        33      32.0      33.0       0.542631   180.000    45.000    90.000    0     119.906792      -0.615830
    -40.00    -10.00      21.335800       0.000000       0.000000        33      32.0      33.0       0.542631   180.000    45.000    90.000    0     119.890701      -0.616400
    -40.00     -5.00      16.667900       0.000000       0.000000        33      32.0      33.0       0.542631   180.000    45.000    90.000    0     119.874619      -0.616960
    -40.00      0.00      12.000000       0.000000       0.000000        33      32.0      33.0       0.542631   180.000    45.000    90.000    0     119.858528      -0.617530
    -40.00      5.00       7.332100       0.000000       0.000000        33      32.0      33.0       0.542631   180.000    45.000    90.000    0     119.842468      -0.618090
    -40.00     10.00       2.664200       0.000000       0.000000        33      32.0      33.0       0.542631   180.000    45.000    90.000    0     119.826378      -0.618660
    -35.00    -15.00      26.003710       0.000000       0.000000        33      32.0      33.0       0.542631   180.000    45.000    90.000    0     119.905220      -0.570640
    -35.00    -10.00      21.335800       0.000000       0.000000        33      32.0      33.0       0.542631   180.000    45.000    90.000    0     119.889137      -0.571210
    -35.00     -5.00      16.667900       0.000000       0.000000        33      32.0      33.0       0.542631   180.000    45.000    90.000    0     119.873047      -0.571770
    -35.00      0.00      12.000000       0.000000       0.000000        33      32.0      33.0       0.542631   180.000    45.000    90.000    0     119.856956      -0.572340
    -35.00      5.00       7.332100       0.000000       0.000000        33      32.0      33.0       0.542631   180.000    45.000    90.000    0     119.840897      -0.572900
    -35.00     10.00       2.664200       0.000000       0.000000        33      32.0      33.0       0.542631   180.000    45.000    90.000    0     119.824806      -0.573470
    -30.00    -15.00      26.003710       0.000000       0.000000        33      32.0      33.0       0.542631   180.000    45.000    90.000    0     119.903664      -0.525450
    -30.00    -10.00      21.335800       0.000000       0.000000        33      32.0      33.0       0.542631   180.000    45.000    90.000    0     119.887573      -0.526020
    -30.00     -5.00      16.667900       0.000000       0.000000        33      32.0      33.0       0.542631   180.000    45.000    90.000    0     119.871483      -0.526580
    -30.00      0.00      12.000000       0.000000       0.000000        33      32.0      33.0       0.542631   180.000    45.000    90.000    0     119.855400      -0.527150
    -30.00      5.00       7.332100       0.000000       0.000000        33      32.0      33.0       0.542631   180.000    45.000    90.000    0     119.839333      -0.527710
    -30.00     10.00       2.664200       0.000000       0.000000        33      32.0      33.0       0.542631   180.000    45.000    90.000    0     119.823242      -0.528280
    -25.00    -15.00      26.003710       0.000000       0.000000        33      32.0      33.0       0.542631   180.000    45.000    90.000    0     119.902092      -0.480260
    -25.00    -10.00      21.335800       0.000000       0.000000        33      32.0      33.0       0.542631   180.000    45.000    90.000    0     119.886002      -0.480820
    -25.00     -5.00      16.667900       0.000000       0.000000        33      32.0      33.0       0.542631   180.000    45.000    90.000    0     119.869919      -0.481390
    -25.00      0.00      12.000000       0.000000       0.000000        33      32.0      33.0       0.542631   180.000    45.000    90.000    0     119.853828      -0.481950
    -25.00      5.00       7.332100       0.000000       0.000000        33      32.0      33.0       0.542631   180.000    45.000    90.000    0     119.837761      -0.482520
    -25.00     10.00       2.664200       0.000000       0.000000        33      32.0      33.0       0.542631   180.000    45.000    90.000    0     119.821671      -0.483090
    -20.00    -15.00      26.003710       0.000000       0.000000        33      32.0      33.0       0.542631   180.000    45.000    90.000    0     119.900528      -0.435070
    -20.00    -10.00      21.335800       0.000000       0.000000        33      32.0      33.0       0.542631   180.000    45.000    90.000    0     119.884438      -0.435630
    -20.00     -5.00      16.667900       0.000000       0.000000        33      32.0      33.0       0.542631   180.000    45.000    90.000    0     119.868347      -0.436200
    -20.00      0.00      12.000000       0.000000       0.000000        33      32.0      33.0       0.542631   180.000    45.000    90.000    0     119.852257      -0.436760
    -20.00      5.00       7.332100       0.000000       0.000000        33      32.0      33.0       0.542631   180.000    45.000    90.000    0     119.836189      -0.437330
    -20.00     10.00       2.664200       0.000000       0.000000        33      32.0      33.0       0.542631   180.000    45.000    90.000    0     119.820099      -0.437900
    -15.00    -15.00      26.003710       0.000000       0.000000        33      32.0      33.0       0.542631   180.000    45.000    90.000    0     119.898956      -0.389880
    -15.00    -10.00      21.335800       0.000000       0.000000        33      32.0      33.0       0.542631   180.000    45.000    90.000    0     119.882874      -0.390440
    -15.00     -5.00      16.667900       0.000000       0.000000        33      32.0      33.0       0.542631   180.000    45.000    90.000    0     119.866791      -0.391010
    -15.00      0.00      12.000000       0.000000       0.000000        33      32.0      33.0       0.542631   180.000    45.000    90.000    0     119.850700      -0.391570
    -15.00      5.00       7.332100       0.000000       0.000000        33      32.0      33.0       0.542631   180.000    45.000    90.000    0     119.834618      -0.392140
    -15.00     10.00       2.664200       0.000000       0.000000        33      32.0      33.0       0.542631   180.000    45.000    90.000    0     119.818527      -0.392700
    -10.00    -15.00      26.003710       0.000000       0.000000        33      32.0      33.0       0.542631   180.000    45.000    90.000    0     119.897392      -0.344690
    -10.00    -10.00      21.335800       0.000000       0.000000        33      32.0      33.0       0.542631   180.000    45.000    90.000    0     119.881310      -0.345250
    -10.00     -5.00      16.667900       0.000000       0.000000        33      32.0      33.0       0.542631   180.000    45.000    90.000    0     119.865219      -0.345820
    -10.00      0.00      12.000000       0.000000       0.000000        33      32.0      33.0       0.542631   180.000    45.000    90.000    0     119.849129      -0.346380
    -10.00      5.00       7.332100       0.000000       0.000000        33      32.0      33.0       0.542631   180.000    45.000    90.000    0     119.833054      -0.346950
    -10.00     10.00       2.664200       0.000000       0.000000        33      32.0      33.0       0.542631   180.000    45.000    90.000    0     119.816963      -0.347510
     -5.00    -15.00      26.003710       0.000000       0.000000        33      32.0      33.0       0.542631   180.000    45.000    90.000    0     119.895828      -0.299500
     -5.00    -10.00      21.335800       0.000000       0.000000        33      32.0      33.0       0.542631   180.000    45.000    90.000    0     119.879738      -0.300060
     -5.00     -5.00      16.667900       0.000000       0.000000        33      32.0      33.0       0.542631   180.000    45.000    90.000    0     119.863647      -0.300630
     -5.00      0.00      12.000000       0.000000       0.000000        33      32.0      33.0       0.542631   180.000    45.000    90.000    0     119.847572      -0.301190
     -5.00      5.00       7.332100       0.000000       0.000000        33      32.0      33.0       0.542631   180.000    45.000    90.000    0     119.831482      -0.301760
     -5.00     10.00       2.664200       0.000000       0.000000        33      32.0      33.0       0.542631   180.000    45.000    90.000    0     119.815399      -0.302320
      0.00    -15.00      26.003710       0.000000       0.000000        33      32.0      33.0       0.542631   180.000    45.000    90.000    0     119.894257      -0.254300
      0.00    -10.00      21.335800       0.000000       0.000000        33      32.0      33.0       0.542631   180.000    45.000    90.000    0     119.878166      -0.254870
      0.00     -5.00      16.667900       0.000000       0.000000        33      32.0      33.0       0.542631   180.000    45.000    90.000    0     119.862091      -0.255430
      0.00      0.00      12.000000       0.000000       0.000000        33      32.0      33.0       0.542631   180.000    45.000    90.000    0     119.846001      -0.256000
      0.00      5.00       7.332100       0.000000       0.000000        33      32.0      33.0       0.542631   180.000    45.000    90.000    0     119.829910      -0.256570
      0.00     10.00       2.664200       0.000000       0.000000        33      32.0      33.0       0.542631   180.000    45.000    90.000    0     119.813828      -0.257130
      5.00    -15.00      26.003710       0.000000       0.000000        33      32.0      33.0       0.542631   180.000    45.000    90.000    0     119.892693      -0.209110
      5.00    -10.00      21.335800       0.000000       0.000000        33      32.0      33.0       0.542631   180.000    45.000    90.000    0     119.876602      -0.209680
      5.00     -5.00      16.667900       0.000000       0.000000        33      32.0      33.0       0.542631   180.000    45.000    90.000    0     119.860519      -0.210240
      5.00      0.00      12.000000       0.000000       0.000000        33      32.0      33.0       0.542631   180.000    45.000    90.000    0     119.844429      -0.210810
      5.00      5.00       7.332100       0.000000       0.000000        33      32.0      33.0       0.542631   180.000    45.000    90.000    0     119.828346      -0.211370
      5.00     10.00       2.664200       0.000000       0.000000        33      32.0      33.0       0.542631   180.000    45.000    90.000    0     119.812263      -0.211940
     10.00    -15.00      26.003710       0.000000       0.000000        33      32.0      33.0       0.542631   180.000    45.000    90.000    0     119.891121      -0.163920
     10.00    -10.00      21.335800       0.000000       0.000000        33      32.0      33.0       0.542631   180.000    45.000    90.000    0     119.875038      -0.164490
     10.00     -5.00      16.667900       0.000000       0.000000        33      32.0      33.0       0.542631   180.000    45.000    90.000    0     119.858948      -0.165050
     10.00      0.00      12.000000       0.000000       0.000000        33      32.0      33.0       0.542631   180.000    45.000    90.000    0     119.842873      -0.165620
     10.00      5.00       7.332100       0.000000       0.000000        33      32.0      33.0       0.542631   180.000    45.000    90.000    0     119.826782      -0.166180
     10.00     10.00       2.664200       0.000000       0.000000        33      32.0      33.0       0.542631   180.000    45.000    90.000    0     119.810692      -0.166750
     15.00    -15.00      26.003710       0.000000       0.000000        33      32.0      33.0       0.542631   180.000    45.000    90.000    0     119.889549      -0.118730
     15.00    -10.00      21.335800       0.000000       0.000000        33      32.0      33.0       0.542631   180.000    45.000    90.000    0     119.873466      -0.119300
     15.00     -5.00      16.667900       0.000000       0.000000        33      32.0      33.0       0.542631   180.000    45.000    90.000    0     119.857384      -0.119860
     15.00      0.00      12.000000       0.000000       0.000000        33      32.0      33.0       0.542631   180.000    45.000    90.000    0     119.841301      -0.120430
     15.00      5.00       7.332100       0.000000       0.000000        33      32.0      33.0       0.542631   180.000    45.000    90.000    0     119.825218      -0.120990
     15.00     10.00       2.664200       0.000000       0.000000        33      32.0      33.0       0.542631   180.000    45.000    90.000    0     119.809128      -0.121560
     20.00    -15.00      26.003710       0.000000       0.000000        33      32.0      33.0       0.542631   180.000    45.000    90.000    0     119.887978      -0.073540
     20.00    -10.00      21.335800       0.000000       0.000000        33      32.0      33.0       0.542631   180.000    45.000    90.000    0     119.871902      -0.074100
     20.00     -5.00      16.667900       0.000000       0.000000        33      32.0      33.0       0.542631   180.000    45.000    90.000    0     119.855812      -0.074670
     20.00      0.00      12.000000       0.000000       0.000000        33      32.0      33.0       0.542631   180.000    45.000    90.000    0     119.839737      -0.075240
     20.00      5.00       7.332100       0.000000       0.000000        33      32.0      33.0       0.542631   180.000    45.000    90.000    0     119.823647      -0.075800
     20.00     10.00       2.664200       0.000000       0.000000        33      32.0      33.0       0.542631   180.000    45.000    90.000    0     119.807564      -0.076370
     25.00    -15.00      26.003710       0.000000       0.000000        33      32.0      33.0       0.542631   180.000    45.000    90.000    0     119.886414      -0.028350
     25.00    -10.00      21.335800       0.000000       0.000000        33      32.0      33.0       0.542631   180.000    45.000    90.000    0     119.870331      -0.028910
     25.00     -5.00      16.667900       0.000000       0.000000        33      32.0      33.0       0.542631   180.000    45.000    90.000    0     119.854240      -0.029480
     25.00      0.00      12.000000       0.000000       0.000000        33      32.0      33.0       0.542631   180.000    45.000    90.000    0     119.838173      -0.030050
     25.00      5.00       7.332100       0.000000       0.000000        33      32.0      33.0       0.542631   180.000    45.000    90.000    0     119.822083      -0.030610
     25.00     10.00       2.664200       0.000000       0.000000        33      32.0      33.0       0.542631   180.000    45.000    90.000    0     119.806000      -0.031180
     30.00    -15.00      26.003710       0.000000       0.000000        33      32.0      33.0       0.542631   180.000    45.000    90.000    0     119.884850       0.016840
     30.00    -10.00      21.335800       0.000000       0.000000        33      32.0      33.0       0.542631   180.000    45.000    90.000    0     119.868759       0.016280
     30.00     -5.00      16.667900       0.000000       0.000000        33      32.0      33.0       0.542631   180.000    45.000    90.000    0     119.852669       0.015710
     30.00      0.00      12.000000       0.000000       0.000000        33      32.0      33.0       0.542631   180.000    45.000    90.000    0     119.836601       0.015150
     30.00      5.00       7.332100       0.000000       0.000000        33      32.0      33.0       0.542631   180.000    45.000    90.000    0     119.820518       0.014580
     30.00     10.00       2.664200       0.000000       0.000000        33      32.0      33.0       0.542631   180.000    45.000    90.000    0     119.804428       0.014020
     35.00    -15.00      26.003710       0.000000       0.000000        33      32.0      33.0       0.542631   180.000    45.000    90.000    0     119.883278       0.062030
     35.00    -10.00      21.335800       0.000000       0.000000        33      32.0      33.0       0.542631   180.000    45.000    90.000    0     119.867188       0.061470
     35.00     -5.00      16.667900       0.000000       0.000000        33      32.0      33.0       0.542631   180.000    45.000    90.000    0     119.851097       0.060900
     35.00      0.00      12.000000       0.000000       0.000000        33      32.0      33.0       0.542631   180.000    45.000    90.000    0     119.835037       0.060340
     35.00      5.00       7.332100       0.000000       0.000000        33      32.0      33.0       0.542631   180.000    45.000    90.000    0     119.818947       0.059770
     35.00     10.00       2.664200       0.000000       0.000000        33      32.0      33.0       0.542631   180.000    45.000    90.000    0     119.802856       0.059210
     40.00    -15.00      26.003710       0.000000       0.000000        33      32.0      33.0       0.542631   180.000    45.000    90.000    0     119.881706       0.107230
     40.00    -10.00      21.335800       0.000000       0.000000        33      32.0      33.0       0.542631   180.000    45.000    90.000    0     119.865623       0.106660
     40.00     -5.00      16.667900       0.000000       0.000000        33      32.0      33.0       0.542631   180.000    45.000    90.000    0     119.849533       0.106090
     40.00      0.00      12.000000       0.000000       0.000000        33      32.0      33.0       0.542631   180.000    45.000    90.000    0     119.833473       0.105530
     40.00      5.00       7.332100       0.000000       0.000000        33      32.0      33.0       0.542631   180.000    45.000    90.000    0     119.817390       0.104960
     40.00     10.00       2.664200       0.000000       0.000000        33      32.0      33.0       0.542631   180.000    45.000    90.000    0     119.801300       0.104400
     45.00    -15.00      26.003710       0.000000       0.000000        33      32.0      33.0       0.542631   180.000    45.000    90.000    0     119.880142       0.152420
     45.00    -10.00      21.335800       0.000000       0.000000        33      32.0      33.0       0.542631   180.000    45.000    90.000    0     119.864052       0.151850
     45.00     -5.00      16.667900       0.000000       0.000000        33      32.0      33.0       0.542631   180.000    45.000    90.000    0     119.847961       0.151280
     45.00      0.00      12.000000       0.000000       0.000000        33      32.0      33.0       0.542631   180.000    45.000    90.000    0     119.831909       0.150720
     45.00      5.00       7.332100       0.000000       0.000000        33      32.0      33.0       0.542631   180.000    45.000    90.000    0     119.815819       0.150150
     45.00     10.00       2.664200       0.000000       0.000000        33      32.0      33.0       0.542631   180.000    45.000    90.000    0     119.799728       0.149590
     50.00    -15.00      26.003710       0.000000       0.000000        33      32.0      33.0       0.542631   180.000    45.000    90.000    0     119.878571       0.197610
     50.00    -10.00      21.335800       0.000000       0.000000        33      32.0      33.0       0.542631   180.000    45.000    90.000    0     119.862480       0.197040
     50.00     -5.00      16.667900       0.000000       0.000000        33      32.0      33.0       0.542631   180.000    45.000    90.000    0     119.846390       0.196470
     50.00      0.00      12.000000       0.000000       0.000000        33      32.0      33.0       0.542631   180.000    45.000    90.000    0     119.830338       0.195910
     50.00      5.00       7.332100       0.000000       0.000000        33      32.0      33.0       0.542631   180.000    45.000    90.000    0     119.814247       0.195340
     50.00     10.00       2.664200       0.000000       0.000000        33      32.0      33.0       0.542631   180.000    45.000    90.000    0     119.798172       0.194780
