      xloc      yloc          depth         ave SR         max SR         #     start       end     max SR all       str       dip      rake flag
   -185.00    -15.00      26.003710       0.000000       0.000000         9       8.0       9.0       0.542631   180.000    45.000    90.000    0     119.952240      -1.926360
   -185.00    -10.00      21.335800       0.000000       0.000000         9       8.0       9.0       0.542631   180.000    45.000    90.000    0     119.936150      -1.926930
   -185.00     -5.00      16.667900       0.000000       0.000000         9       8.0       9.0       0.542631   180.000    45.000    90.000    0     119.920059      -1.927490
   -185.00      0.00      12.000000       0.000000       0.000000         9       8.0       9.0       0.542631   180.000    45.000    90.000    0     119.903961      -1.928060
   -185.00      5.00       7.332100       0.000000       0.000000         9       8.0       9.0       0.542631   180.000    45.000    90.000    0     119.887871      -1.928620
   -185.00     10.00       2.664200       0.000000       0.000000         9       8.0       9.0       0.542631   180.000    45.000    90.000    0     119.871780      -1.929190
   -180.00    -15.00      26.003710       0.000000       0.000000         9       8.0       9.0       0.542631   180.000    45.000    90.000    0     119.950684      -1.881170
   -180.00    -10.00      21.335800       0.000000       0.000000         9       8.0       9.0       0.542631   180.000    45.000    90.000    0     119.934578      -1.881740
   -180.00     -5.00      16.667900       0.000000       0.000000         9       8.0       9.0       0.542631   180.000    45.000    90.000    0     119.918488      -1.882300
   -180.00      0.00      12.000000       0.000000       0.000000         9       8.0       9.0       0.542631   180.000    45.000    90.000    0     119.902397      -1.882870
   -180.00      5.00       7.332100       0.000000       0.000000         9       8.0       9.0       0.542631   180.000    45.000    90.000    0     119.886299      -1.883430
   -180.00     10.00       2.664200       0.000000       0.000000         9       8.0       9.0       0.542631   180.000    45.000    90.000    0     119.870209      -1.884000
   -175.00    -15.00      26.003710       0.000000       0.000000         9       8.0       9.0       0.542631   180.000    45.000    90.000    0     119.949112      -1.835980
   -175.00    -10.00      21.335800       0.000000       0.000000         9       8.0       9.0       0.542631   180.000    45.000    90.000    0     119.933006      -1.836550
   -175.00     -5.00      16.667900       0.000000       0.000000         9       8.0       9.0       0.542631   180.000    45.000    90.000    0     119.916924      -1.837110
   -175.00      0.00      12.000000       0.000000       0.000000         9       8.0       9.0       0.542631   180.000    45.000    90.000    0     119.900833      -1.837680
   -175.00      5.00       7.332100       0.000000       0.000000         9       8.0       9.0       0.542631   180.000    45.000    90.000    0     119.884743      -1.838240
   -175.00     10.00       2.664200       0.000000       0.000000         9       8.0       9.0       0.542631   180.000    45.000    90.000    0     119.868637      -1.838810
   -170.00    -15.00      26.003710       0.000000       0.000000         9       8.0       9.0       0.542631   180.000    45.000    90.000    0     119.947540      -1.790790
   -170.00    -10.00      21.335800       0.000000       0.000000         9       8.0       9.0       0.542631   180.000    45.000    90.000    0     119.931450      -1.791360
   -170.00     -5.00      16.667900       0.000000       0.000000         9       8.0       9.0       0.542631   180.000    45.000    90.000    0     119.915352      -1.791920
   -170.00      0.00      12.000000       0.000000       0.000000         9       8.0       9.0       0.542631   180.000    45.000    90.000    0     119.899261      -1.792490
   -170.00      5.00       7.332100       0.000000       0.000000         9       8.0       9.0       0.542631   180.000    45.000    90.000    0     119.883171      -1.793050
   -170.00     10.00       2.664200       0.000000       0.000000         9       8.0       9.0       0.542631   180.000    45.000    90.000    0     119.867081      -1.793620
   -165.00    -15.00      26.003710       0.000000       0.000000         9       8.0       9.0       0.542631   180.000    45.000    90.000    0     119.945969      -1.745600
   -165.00    -10.00      21.335800       0.000000       0.000000         9       8.0       9.0       0.542631   180.000    45.000    90.000    0     119.929878      -1.746170
   -165.00     -5.00      16.667900       0.000000       0.000000         9       8.0       9.0       0.542631   180.000    45.000    90.000    0     119.913788      -1.746730
   -165.00      0.00      12.000000       0.000000       0.000000         9       8.0       9.0       0.542631   180.000    45.000    90.000    0     119.897690      -1.747300
   -165.00      5.00       7.332100       0.000000       0.000000         9       8.0       9.0       0.542631   180.000    45.000    90.000    0     119.881599      -1.747860
   -165.00     10.00       2.664200       0.000000       0.000000         9       8.0       9.0       0.542631   180.000    45.000    90.000    0     119.865509      -1.748430
   -160.00    -15.00      26.003710       0.000000       0.000000         9       8.0       9.0       0.542631   180.000    45.000    90.000    0     119.944397      -1.700410
   -160.00    -10.00      21.335800       0.000000       0.000000         9       8.0       9.0       0.542631   180.000    45.000    90.000    0     119.928307      -1.700980
   -160.00     -5.00      16.667900       0.000000       0.000000         9       8.0       9.0       0.542631   180.000    45.000    90.000    0     119.912216      -1.701540
   -160.00      0.00      12.000000       0.000000       0.000000         9       8.0       9.0       0.542631   180.000    45.000    90.000    0     119.896133      -1.702110
   -160.00      5.00       7.332100       0.000000       0.000000         9       8.0       9.0       0.542631   180.000    45.000    90.000    0     119.880028      -1.702670
   -160.00     10.00       2.664200       0.000000       0.000000         9       8.0       9.0       0.542631   180.000    45.000    90.000    0     119.863937      -1.703240
   -155.00    -15.00      26.003710       0.000000       0.000000         9       8.0       9.0       0.542631   180.000    45.000    90.000    0     119.942841      -1.655220
   -155.00    -10.00      21.335800       0.000000       0.000000         9       8.0       9.0       0.542631   180.000    45.000    90.000    0     119.926743      -1.655790
   -155.00     -5.00      16.667900       0.000000       0.000000         9       8.0       9.0       0.542631   180.000    45.000    90.000    0     119.910652      -1.656350
   -155.00      0.00      12.000000       0.000000       0.000000         9       8.0       9.0       0.542631   180.000    45.000    90.000    0     119.894562      -1.656920
   -155.00      5.00       7.332100       0.000000       0.000000         9       8.0       9.0       0.542631   180.000    45.000    90.000    0     119.878471      -1.657480
   -155.00     10.00       2.664200       0.000000       0.000000         9       8.0       9.0       0.542631   180.000    45.000    90.000    0     119.862373      -1.658050
   -150.00    -15.00      26.003710       0.000000       0.000000         9       8.0       9.0       0.542631   180.000    45.000    90.000    0     119.941269      -1.610030
   -150.00    -10.00      21.335800       0.000000       0.000000         9       8.0       9.0       0.542631   180.000    45.000    90.000    0     119.925179      -1.610590
   -150.00     -5.00      16.667900       0.000000       0.000000         9       8.0       9.0       0.542631   180.000    45.000    90.000    0     119.909081      -1.611160
   -150.00      0.00      12.000000       0.000000       0.000000         9       8.0       9.0       0.542631   180.000    45.000    90.000    0     119.892990      -1.611730
   -150.00      5.00       7.332100       0.000000       0.000000         9       8.0       9.0       0.542631   180.000    45.000    90.000    0     119.876900      -1.612290
   -150.00     10.00       2.664200       0.000000       0.000000         9       8.0       9.0       0.542631   180.000    45.000    90.000    0     119.860809      -1.612860
   -145.00    -15.00      26.003710       0.000000       0.000000         9       8.0       9.0       0.542631   180.000    45.000    90.000    0     119.939697      -1.564840
   -145.00    -10.00      21.335800       0.000000       0.000000         9       8.0       9.0       0.542631   180.000    45.000    90.000    0     119.923607      -1.565400
   -145.00     -5.00      16.667900       0.000000       0.000000         9       8.0       9.0       0.542631   180.000    45.000    90.000    0     119.907516      -1.565970
   -145.00      0.00      12.000000       0.000000       0.000000         9       8.0       9.0       0.542631   180.000    45.000    90.000    0     119.891418      -1.566530
   -145.00      5.00       7.332100       0.000000       0.000000         9       8.0       9.0       0.542631   180.000    45.000    90.000    0     119.875328      -1.567100
   -145.00     10.00       2.664200       0.000000       0.000000         9       8.0       9.0       0.542631   180.000    45.000    90.000    0     119.859238      -1.567660
   -140.00    -15.00      26.003710       0.000000       0.000000         9       8.0       9.0       0.542631   180.000    45.000    90.000    0     119.938133      -1.519650
   -140.00    -10.00      21.335800       0.000000       0.000000         9       8.0       9.0       0.542631   180.000    45.000    90.000    0     119.922043      -1.520210
   -140.00     -5.00      16.667900       0.000000       0.000000         9       8.0       9.0       0.542631   180.000    45.000    90.000    0     119.905952      -1.520780
   -140.00      0.00      12.000000       0.000000       0.000000         9       8.0       9.0       0.542631   180.000    45.000    90.000    0     119.889862      -1.521340
   -140.00      5.00       7.332100       0.000000       0.000000         9       8.0       9.0       0.542631   180.000    45.000    90.000    0     119.873772      -1.521910
   -140.00     10.00       2.664200       0.000000       0.000000         9       8.0       9.0       0.542631   180.000    45.000    90.000    0     119.857681      -1.522470
   -135.00    -15.00      26.003710       0.000000       0.000000         9       8.0       9.0       0.542631   180.000    45.000    90.000    0     119.936562      -1.474460
   -135.00    -10.00      21.335800       0.000000       0.000000         9       8.0       9.0       0.542631   180.000    45.000    90.000    0     119.920471      -1.475020
   -135.00     -5.00      16.667900       0.000000       0.000000         9       8.0       9.0       0.542631   180.000    45.000    90.000    0     119.904381      -1.475590
   -135.00      0.00      12.000000       0.000000       0.000000         9       8.0       9.0       0.542631   180.000    45.000    90.000    0     119.888290      -1.476150
   -135.00      5.00       7.332100       0.000000       0.000000         9       8.0       9.0       0.542631   180.000    45.000    90.000    0     119.872200      -1.476720
   -135.00     10.00       2.664200       0.000000       0.000000         9       8.0       9.0       0.542631   180.000    45.000    90.000    0     119.856110      -1.477280
   -130.00    -15.00      26.003710       0.000000       0.000000         9       8.0       9.0       0.542631   180.000    45.000    90.000    0     119.934998      -1.429270
   -130.00    -10.00      21.335800       0.000000       0.000000         9       8.0       9.0       0.542631   180.000    45.000    90.000    0     119.918907      -1.429830
   -130.00     -5.00      16.667900       0.000000       0.000000         9       8.0       9.0       0.542631   180.000    45.000    90.000    0     119.902809      -1.430400
   -130.00      0.00      12.000000       0.000000       0.000000         9       8.0       9.0       0.542631   180.000    45.000    90.000    0     119.886719      -1.430960
   -130.00      5.00       7.332100       0.000000       0.000000         9       8.0       9.0       0.542631   180.000    45.000    90.000    0     119.870628      -1.431530
   -130.00     10.00       2.664200       0.000000       0.000000         9       8.0       9.0       0.542631   180.000    45.000    90.000    0     119.854538      -1.432090
   -125.00    -15.00      26.003710       0.000000       0.000000         9       8.0       9.0       0.542631   180.000    45.000    90.000    0     119.933434      -1.384080
   -125.00    -10.00      21.335800       0.000000       0.000000         9       8.0       9.0       0.542631   180.000    45.000    90.000    0     119.917343      -1.384640
   -125.00     -5.00      16.667900       0.000000       0.000000         9       8.0       9.0       0.542631   180.000    45.000    90.000    0     119.901253      -1.385210
   -125.00      0.00      12.000000       0.000000       0.000000         9       8.0       9.0       0.542631   180.000    45.000    90.000    0     119.885162      -1.385770
   -125.00      5.00       7.332100       0.000000       0.000000         9       8.0       9.0       0.542631   180.000    45.000    90.000    0     119.869072      -1.386340
   -125.00     10.00       2.664200       0.000000       0.000000         9       8.0       9.0       0.542631   180.000    45.000    90.000    0     119.852982      -1.386900
   -120.00    -15.00      26.003710       0.000000       0.000000         9       8.0       9.0       0.542631   180.000    45.000    90.000    0     119.931862      -1.338890
   -120.00    -10.00      21.335800       0.000000       0.000000         9       8.0       9.0       0.542631   180.000    45.000    90.000    0     119.915771      -1.339450
   -120.00     -5.00      16.667900       0.000000       0.000000         9       8.0       9.0       0.542631   180.000    45.000    90.000    0     119.899681      -1.340020
   -120.00      0.00      12.000000       0.000000       0.000000         9       8.0       9.0       0.542631   180.000    45.000    90.000    0     119.883591      -1.340580
   -120.00      5.00       7.332100       0.000000       0.000000         9       8.0       9.0       0.542631   180.000    45.000    90.000    0     119.867500      -1.341150
   -120.00     10.00       2.664200       0.000000       0.000000         9       8.0       9.0       0.542631   180.000    45.000    90.000    0     119.851410      -1.341710
   -115.00    -15.00      26.003710       0.000000       0.000000         9       8.0       9.0       0.542631   180.000    45.000    90.000    0     119.930290      -1.293690
   -115.00    -10.00      21.335800       0.000000       0.000000         9       8.0       9.0       0.542631   180.000    45.000    90.000    0     119.914200      -1.294260
   -115.00     -5.00      16.667900       0.000000       0.000000         9       8.0       9.0       0.542631   180.000    45.000    90.000    0     119.898109      -1.294830
   -115.00      0.00      12.000000       0.000000       0.000000         9       8.0       9.0       0.542631   180.000    45.000    90.000    0     119.882019      -1.295390
   -115.00      5.00       7.332100       0.000000       0.000000         9       8.0       9.0       0.542631   180.000    45.000    90.000    0     119.865929      -1.295960
   -115.00     10.00       2.664200       0.000000       0.000000         9       8.0       9.0       0.542631   180.000    45.000    90.000    0     119.849838      -1.296520
   -110.00    -15.00      26.003710       0.000000       0.000000         9       8.0       9.0       0.542631   180.000    45.000    90.000    0     119.928726      -1.248500
   -110.00    -10.00      21.335800       0.000000       0.000000         9       8.0       9.0       0.542631   180.000    45.000    90.000    0     119.912643      -1.249070
   -110.00     -5.00      16.667900       0.000000       0.000000         9       8.0       9.0       0.542631   180.000    45.000    90.000    0     119.896553      -1.249630
   -110.00      0.00      12.000000       0.000000       0.000000         9       8.0       9.0       0.542631   180.000    45.000    90.000    0     119.880463      -1.250200
   -110.00      5.00       7.332100       0.000000       0.000000         9       8.0       9.0       0.542631   180.000    45.000    90.000    0     119.864372      -1.250760
   -110.00     10.00       2.664200       0.000000       0.000000         9       8.0       9.0       0.542631   180.000    45.000    90.000    0     119.848282      -1.251330
   -105.00    -15.00      26.003710       0.000000       0.000000         9       8.0       9.0       0.542631   180.000    45.000    90.000    0     119.927162      -1.203310
   -105.00    -10.00      21.335800       0.000000       0.000000         9       8.0       9.0       0.542631   180.000    45.000    90.000    0     119.911072      -1.203880
   -105.00     -5.00      16.667900       0.000000       0.000000         9       8.0       9.0       0.542631   180.000    45.000    90.000    0     119.894981      -1.204440
   -105.00      0.00      12.000000       0.000000       0.000000         9       8.0       9.0       0.542631   180.000    45.000    90.000    0     119.878891      -1.205010
   -105.00      5.00       7.332100       0.000000       0.000000         9       8.0       9.0       0.542631   180.000    45.000    90.000    0     119.862801      -1.205570
   -105.00     10.00       2.664200       0.000000       0.000000         9       8.0       9.0       0.542631   180.000    45.000    90.000    0     119.846710      -1.206140
   -100.00    -15.00      26.003710       0.000000       0.000000         9       8.0       9.0       0.542631   180.000    45.000    90.000    0     119.925591      -1.158120
   -100.00    -10.00      21.335800       0.000000       0.000000         9       8.0       9.0       0.542631   180.000    45.000    90.000    0     119.909500      -1.158690
   -100.00     -5.00      16.667900       0.000000       0.000000         9       8.0       9.0       0.542631   180.000    45.000    90.000    0     119.893410      -1.159250
   -100.00      0.00      12.000000       0.000000       0.000000         9       8.0       9.0       0.542631   180.000    45.000    90.000    0     119.877319      -1.159820
   -100.00      5.00       7.332100       0.000000       0.000000         9       8.0       9.0       0.542631   180.000    45.000    90.000    0     119.861229      -1.160380
   -100.00     10.00       2.664200       0.000000       0.000000         9       8.0       9.0       0.542631   180.000    45.000    90.000    0     119.845207      -1.160950
    -95.00    -15.00      26.003710       0.000000       0.000000         9       8.0       9.0       0.542631   180.000    45.000    90.000    0     119.924026      -1.112930
    -95.00    -10.00      21.335800       0.000000       0.000000         9       8.0       9.0       0.542631   180.000    45.000    90.000    0     119.907944      -1.113500
    -95.00     -5.00      16.667900       0.000000       0.000000         9       8.0       9.0       0.542631   180.000    45.000    90.000    0     119.891853      -1.114060
    -95.00      0.00      12.000000       0.000000       0.000000         9       8.0       9.0       0.542631   180.000    45.000    90.000    0     119.875763      -1.114630
    -95.00      5.00       7.332100       0.000000       0.000000         9       8.0       9.0       0.542631   180.000    45.000    90.000    0     119.859673      -1.115190
    -95.00     10.00       2.664200       0.000000       0.000000         9       8.0       9.0       0.542631   180.000    45.000    90.000    0     119.843643      -1.115760
    -90.00    -15.00      26.003710       0.000000       0.000000         9       8.0       9.0       0.542631   180.000    45.000    90.000    0     119.922462      -1.067740
    -90.00    -10.00      21.335800       0.000000       0.000000         9       8.0       9.0       0.542631   180.000    45.000    90.000    0     119.906372      -1.068310
    -90.00     -5.00      16.667900       0.000000       0.000000         9       8.0       9.0       0.542631   180.000    45.000    90.000    0     119.890282      -1.068870
    -90.00      0.00      12.000000       0.000000       0.000000         9       8.0       9.0       0.542631   180.000    45.000    90.000    0     119.874191      -1.069440
    -90.00      5.00       7.332100       0.000000       0.000000         9       8.0       9.0       0.542631   180.000    45.000    90.000    0     119.858101      -1.070000
    -90.00     10.00       2.664200       0.000000       0.000000         9       8.0       9.0       0.542631   180.000    45.000    90.000    0     119.842072      -1.070570
    -85.00    -15.00      26.003710       0.000000       0.000000         9       8.0       9.0       0.542631   180.000    45.000    90.000    0     119.920891      -1.022550
    -85.00    -10.00      21.335800       0.000000       0.000000         9       8.0       9.0       0.542631   180.000    45.000    90.000    0     119.904800      -1.023120
    -85.00     -5.00      16.667900       0.000000       0.000000         9       8.0       9.0       0.542631   180.000    45.000    90.000    0     119.888710      -1.023680
    -85.00      0.00      12.000000       0.000000       0.000000         9       8.0       9.0       0.542631   180.000    45.000    90.000    0     119.872620      -1.024250
    -85.00      5.00       7.332100       0.000000       0.000000         9       8.0       9.0       0.542631   180.000    45.000    90.000    0     119.856537      -1.024810
    -85.00     10.00       2.664200       0.000000       0.000000         9       8.0       9.0       0.542631   180.000    45.000    90.000    0     119.840500      -1.025380
    -80.00    -15.00      26.003710       0.000000       0.000000         9       8.0       9.0       0.542631   180.000    45.000    90.000    0     119.919319      -0.977360
    -80.00    -10.00      21.335800       0.000000       0.000000         9       8.0       9.0       0.542631   180.000    45.000    90.000    0     119.903236      -0.977920
    -80.00     -5.00      16.667900       0.000000       0.000000         9       8.0       9.0       0.542631   180.000    45.000    90.000    0     119.887154      -0.978490
    -80.00      0.00      12.000000       0.000000       0.000000         9       8.0       9.0       0.542631   180.000    45.000    90.000    0     119.871063      -0.979050
    -80.00      5.00       7.332100       0.000000       0.000000         9       8.0       9.0       0.542631   180.000    45.000    90.000    0     119.854973      -0.979620
    -80.00     10.00       2.664200       0.000000       0.000000         9       8.0       9.0       0.542631   180.000    45.000    90.000    0     119.838928      -0.980190
    -75.00    -15.00      26.003710       0.000000       0.000000         9       8.0       9.0       0.542631   180.000    45.000    90.000    0     119.917763      -0.932170
    -75.00    -10.00      21.335800       0.000000       0.000000         9       8.0       9.0       0.542631   180.000    45.000    90.000    0     119.901672      -0.932730
    -75.00     -5.00      16.667900       0.000000       0.000000         9       8.0       9.0       0.542631   180.000    45.000    90.000    0     119.885582      -0.933300
    -75.00      0.00      12.000000       0.000000       0.000000         9       8.0       9.0       0.542631   180.000    45.000    90.000    0     119.869492      -0.933860
    -75.00      5.00       7.332100       0.000000       0.000000         9       8.0       9.0       0.542631   180.000    45.000    90.000    0     119.853401      -0.934430
    -75.00     10.00       2.664200       0.000000       0.000000         9       8.0       9.0       0.542631   180.000    45.000    90.000    0     119.837357      -0.934990
    -70.00    -15.00      26.003710       0.000000       0.000000         9       8.0       9.0       0.542631   180.000    45.000    90.000    0     119.916191      -0.886980
    -70.00    -10.00      21.335800       0.000000       0.000000         9       8.0       9.0       0.542631   180.000    45.000    90.000    0     119.900101      -0.887540
    -70.00     -5.00      16.667900       0.000000       0.000000         9       8.0       9.0       0.542631   180.000    45.000    90.000    0     119.884010      -0.888110
    -70.00      0.00      12.000000       0.000000       0.000000         9       8.0       9.0       0.542631   180.000    45.000    90.000    0     119.867928      -0.888670
    -70.00      5.00       7.332100       0.000000       0.000000         9       8.0       9.0       0.542631   180.000    45.000    90.000    0     119.851837      -0.889240
    -70.00     10.00       2.664200       0.000000       0.000000         9       8.0       9.0       0.542631   180.000    45.000    90.000    0     119.835793      -0.889800
    -65.00    -15.00      26.003710       0.000000       0.000000         9       8.0       9.0       0.542631   180.000    45.000    90.000    0     119.914619      -0.841790
    -65.00    -10.00      21.335800       0.000000       0.000000         9       8.0       9.0       0.542631   180.000    45.000    90.000    0     119.898537      -0.842350
    -65.00     -5.00      16.667900       0.000000       0.000000         9       8.0       9.0       0.542631   180.000    45.000    90.000    0     119.882446      -0.842920
    -65.00      0.00      12.000000       0.000000       0.000000         9       8.0       9.0       0.542631   180.000    45.000    90.000    0     119.866364      -0.843480
    -65.00      5.00       7.332100       0.000000       0.000000         9       8.0       9.0       0.542631   180.000    45.000    90.000    0     119.850273      -0.844050
    -65.00     10.00       2.664200       0.000000       0.000000         9       8.0       9.0       0.542631   180.000    45.000    90.000    0     119.834221      -0.844610
    -60.00    -15.00      26.003710       0.000000       0.000000         9       8.0       9.0       0.542631   180.000    45.000    90.000    0     119.913063      -0.796600
    -60.00    -10.00      21.335800       0.000000       0.000000         9       8.0       9.0       0.542631   180.000    45.000    90.000    0     119.896973      -0.797160
    -60.00     -5.00      16.667900       0.000000       0.000000         9       8.0       9.0       0.542631   180.000    45.000    90.000    0     119.880882      -0.797730
    -60.00      0.00      12.000000       0.000000       0.000000         9       8.0       9.0       0.542631   180.000    45.000    90.000    0     119.864792      -0.798290
    -60.00      5.00       7.332100       0.000000       0.000000         9       8.0       9.0       0.542631   180.000    45.000    90.000    0     119.848701      -0.798860
    -60.00     10.00       2.664200       0.000000       0.000000         9       8.0       9.0       0.542631   180.000    45.000    90.000    0     119.832657      -0.799420
    -55.00    -15.00      26.003710       0.000000       0.000000         9       8.0       9.0       0.542631   180.000    45.000    90.000    0     119.911491      -0.751410
    -55.00    -10.00      21.335800       0.000000       0.000000         9       8.0       9.0       0.542631   180.000    45.000    90.000    0     119.895401      -0.751970
    -55.00     -5.00      16.667900       0.000000       0.000000         9       8.0       9.0       0.542631   180.000    45.000    90.000    0     119.879311      -0.752540
    -55.00      0.00      12.000000       0.000000       0.000000         9       8.0       9.0       0.542631   180.000    45.000    90.000    0     119.863228      -0.753100
    -55.00      5.00       7.332100       0.000000       0.000000         9       8.0       9.0       0.542631   180.000    45.000    90.000    0     119.847137      -0.753670
    -55.00     10.00       2.664200       0.000000       0.000000         9       8.0       9.0       0.542631   180.000    45.000    90.000    0     119.831093      -0.754230
    -50.00    -15.00      26.003710       0.000000       0.000000         9       8.0       9.0       0.542631   180.000    45.000    90.000    0     119.909920      -0.706210
    -50.00    -10.00      21.335800       0.000000       0.000000         9       8.0       9.0       0.542631   180.000    45.000    90.000    0     119.893837      -0.706780
    -50.00     -5.00      16.667900       0.000000       0.000000         9       8.0       9.0       0.542631   180.000    45.000    90.000    0     119.877747      -0.707340
    -50.00      0.00      12.000000       0.000000       0.000000         9       8.0       9.0       0.542631   180.000    45.000    90.000    0     119.861656      -0.707910
    -50.00      5.00       7.332100       0.000000       0.000000         9       8.0       9.0       0.542631   180.000    45.000    90.000    0     119.845612      -0.708470
    -50.00     10.00       2.664200       0.000000       0.000000         9       8.0       9.0       0.542631   180.000    45.000    90.000    0     119.829521      -0.709040
    -45.00    -15.00      26.003710       0.000000       0.000000         9       8.0       9.0       0.542631   180.000    45.000    90.000    0     119.908363      -0.661020
    -45.00    -10.00      21.335800       0.000000       0.000000         9       8.0       9.0       0.542631   180.000    45.000    90.000    0     119.892273      -0.661590
    -45.00     -5.00      16.667900       0.000000       0.000000         9       8.0       9.0       0.542631   180.000    45.000    90.000    0     119.876183      -0.662150
    -45.00      0.00      12.000000       0.000000       0.000000         9       8.0       9.0       0.542631   180.000    45.000    90.000    0     119.860092      -0.662720
    -45.00      5.00       7.332100       0.000000       0.000000         9       8.0       9.0       0.542631   180.000    45.000    90.000    0     119.844040      -0.663280
    -45.00     10.00       2.664200       0.000000       0.000000         9       8.0       9.0       0.542631   180.000    45.000    90.000    0     119.827950      -0.663850
    -40.00    -15.00      26.003710       0.000000       0.000000         9       8.0       9.0       0.542631   180.000    45.000    90.000    0     119.906792      -0.615830
    -40.00    -10.00      21.335800       0.031433       0.031433         9       8.0       9.0       0.542631   190.110    49.950    37.930    0     119.890701      -0.616400
    -40.00     -5.00      16.667900       0.014411       0.014411         9       8.0       9.0       0.542631   201.740    41.810    69.530    0     119.874619      -0.616960
    -40.00      0.00      12.000000       0.019482       0.019482         9       8.0       9.0       0.542631   146.610    62.850   -31.750    0     119.858528      -0.617530
    -40.00      5.00       7.332100       0.015123       0.015123         9       8.0       9.0       0.542631   147.730    58.820   -52.250    0     119.842468      -0.618090
    -40.00     10.00       2.664200       0.014995       0.014995         9       8.0       9.0       0.542631   323.190    40.820   -51.230    0     119.826378      -0.618660
    -35.00    -15.00      26.003710       0.068805       0.068805         9       8.0       9.0       0.542631    63.430    57.330    62.960    1     119.905220      -0.570640
    -35.00    -10.00      21.335800       0.069860       0.069860         9       8.0       9.0       0.542631     9.960    51.140    46.500    0     119.889137      -0.571210
    -35.00     -5.00      16.667900       0.133761       0.133761         9       8.0       9.0       0.542631   332.890    49.580   -28.970    0     119.873047      -0.571770
    -35.00      0.00      12.000000       0.128390       0.128390         9       8.0       9.0       0.542631   343.610    70.400    -0.630    0     119.856956      -0.572340
    -35.00      5.00       7.332100       0.115416       0.115416         9       8.0       9.0       0.542631   338.070    69.180   -28.570    0     119.840897      -0.572900
    -35.00     10.00       2.664200       0.124861       0.124861         9       8.0       9.0       0.542631   334.340    56.760   -32.510    0     119.824806      -0.573470
    -30.00    -15.00      26.003710       0.127841       0.127841         9       8.0       9.0       0.542631    41.700    55.260    56.260    0     119.903664      -0.525450
    -30.00    -10.00      21.335800       0.138867       0.138867         9       8.0       9.0       0.542631     6.020    69.830    41.840    0     119.887573      -0.526020
    -30.00     -5.00      16.667900       0.181671       0.181671         9       8.0       9.0       0.542631   346.290    75.490     7.420    0     119.871483      -0.526580
    -30.00      0.00      12.000000       0.228319       0.228319         9       8.0       9.0       0.542631   342.110    65.720   -12.510    0     119.855400      -0.527150
    -30.00      5.00       7.332100       0.250204       0.250204         9       8.0       9.0       0.542631   335.750    60.590   -28.600    0     119.839333      -0.527710
    -30.00     10.00       2.664200       0.254881       0.254881         9       8.0       9.0       0.542631   335.590    56.040   -29.950    0     119.823242      -0.528280
    -25.00    -15.00      26.003710       0.163431       0.163431         9       8.0       9.0       0.542631    31.200    49.300    40.400    0     119.902092      -0.480260
    -25.00    -10.00      21.335800       0.201305       0.201305         9       8.0       9.0       0.542631     6.210    66.960    28.800    0     119.886002      -0.480820
    -25.00     -5.00      16.667900       0.239376       0.239376         9       8.0       9.0       0.542631   350.700    76.900    11.420    0     119.869919      -0.481390
    -25.00      0.00      12.000000       0.300713       0.300713         9       8.0       9.0       0.542631   344.670    64.350   -13.780    0     119.853828      -0.481950
    -25.00      5.00       7.332100       0.345700       0.345700         9       8.0       9.0       0.542631   340.260    59.880   -23.980    0     119.837761      -0.482520
    -25.00     10.00       2.664200       0.350380       0.350380         9       8.0       9.0       0.542631   340.910    58.120   -24.510    0     119.821671      -0.483090
    -20.00    -15.00      26.003710       0.185245       0.185245         9       8.0       9.0       0.542631    21.050    46.340    25.310    0     119.900528      -0.435070
    -20.00    -10.00      21.335800       0.245160       0.245160         9       8.0       9.0       0.542631     5.660    63.840    18.460    0     119.884438      -0.435630
    -20.00     -5.00      16.667900       0.292520       0.292520         9       8.0       9.0       0.542631   354.320    72.230     7.030    0     119.868347      -0.436200
    -20.00      0.00      12.000000       0.359479       0.359479         9       8.0       9.0       0.542631   347.560    63.800   -12.740    0     119.852257      -0.436760
    -20.00      5.00       7.332100       0.418192       0.418192         9       8.0       9.0       0.542631   344.970    60.840   -19.810    0     119.836189      -0.437330
    -20.00     10.00       2.664200       0.423336       0.423336         9       8.0       9.0       0.542631   345.800    60.790   -19.760    0     119.820099      -0.437900
    -15.00    -15.00      26.003710       0.189493       0.189493         9       8.0       9.0       0.542631    16.520    50.000    19.850    0     119.898956      -0.389880
    -15.00    -10.00      21.335800       0.270597       0.270597         9       8.0       9.0       0.542631     5.190    65.040    13.010    0     119.882874      -0.390440
    -15.00     -5.00      16.667900       0.333726       0.333726         9       8.0       9.0       0.542631   356.430    71.150     3.500    0     119.866791      -0.391010
    -15.00      0.00      12.000000       0.406580       0.406580         9       8.0       9.0       0.542631   350.190    65.030   -11.160    0     119.850700      -0.391570
    -15.00      5.00       7.332100       0.475052       0.475052         9       8.0       9.0       0.542631   348.460    62.440   -17.190    0     119.834618      -0.392140
    -15.00     10.00       2.664200       0.484288       0.484288         9       8.0       9.0       0.542631   348.840    62.580   -17.780    0     119.818527      -0.392700
    -10.00    -15.00      26.003710       0.179176       0.179176         9       8.0       9.0       0.542631    12.580    53.600    13.740    0     119.897392      -0.344690
    -10.00    -10.00      21.335800       0.276249       0.276249         9       8.0       9.0       0.542631     3.900    68.120     7.300    0     119.881310      -0.345250
    -10.00     -5.00      16.667900       0.361385       0.361385         9       8.0       9.0       0.542631   357.030    69.760    -1.790    0     119.865219      -0.345820
    -10.00      0.00      12.000000       0.435964       0.435964         9       8.0       9.0       0.542631   352.260    67.250   -10.540    0     119.849129      -0.346380
    -10.00      5.00       7.332100       0.512657       0.512657         9       8.0       9.0       0.542631   350.300    63.830   -17.150    0     119.833054      -0.346950
    -10.00     10.00       2.664200       0.526529       0.526529         9       8.0       9.0       0.542631   350.560    64.260   -18.020    0     119.816963      -0.347510
     -5.00    -15.00      26.003710       0.154634       0.154634         9       8.0       9.0       0.542631     8.910    63.680     7.550    0     119.895828      -0.299500
     -5.00    -10.00      21.335800       0.270752       0.270752         9       8.0       9.0       0.542631     2.270    69.850     0.520    0     119.879738      -0.300060
     -5.00     -5.00      16.667900       0.367768       0.367768         9       8.0       9.0       0.542631   356.970    69.420    -6.250    0     119.863647      -0.300630
     -5.00      0.00      12.000000       0.452955       0.452955         9       8.0       9.0       0.542631   353.200    68.190   -11.950    0     119.847572      -0.301190
     -5.00      5.00       7.332100       0.520049       0.520049         9       8.0       9.0       0.542631   351.730    66.980   -18.090    0     119.831482      -0.301760
     -5.00     10.00       2.664200       0.542631       0.542631         9       8.0       9.0       0.542631   351.600    66.500   -19.620    0     119.815399      -0.302320
      0.00    -15.00      26.003710       0.129962       0.129962         9       8.0       9.0       0.542631     5.620    81.380    -0.940    0     119.894257      -0.254300
      0.00    -10.00      21.335800       0.255870       0.255870         9       8.0       9.0       0.542631     0.060    71.350    -5.960    0     119.878166      -0.254870
      0.00     -5.00      16.667900       0.356682       0.356682         9       8.0       9.0       0.542631   356.320    70.210    -9.700    0     119.862091      -0.255430
      0.00      0.00      12.000000       0.446224       0.446224         9       8.0       9.0       0.542631   353.300    69.430   -14.010    0     119.846001      -0.256000
      0.00      5.00       7.332100       0.511773       0.511773         9       8.0       9.0       0.542631   351.840    68.380   -20.170    0     119.829910      -0.256570
      0.00     10.00       2.664200       0.535156       0.535156         9       8.0       9.0       0.542631   351.840    68.210   -22.170    0     119.813828      -0.257130
      5.00    -15.00      26.003710       0.116548       0.116548         9       8.0       9.0       0.542631   186.050    82.300     9.210    0     119.892693      -0.209110
      5.00    -10.00      21.335800       0.227396       0.227396         9       8.0       9.0       0.542631   358.250    74.300   -12.510    0     119.876602      -0.209680
      5.00     -5.00      16.667900       0.325107       0.325107         9       8.0       9.0       0.542631   354.990    70.740   -13.940    0     119.860519      -0.210240
      5.00      0.00      12.000000       0.413163       0.413163         9       8.0       9.0       0.542631   352.500    68.630   -16.290    0     119.844429      -0.210810
      5.00      5.00       7.332100       0.476903       0.476903         9       8.0       9.0       0.542631   350.820    68.200   -22.740    0     119.828346      -0.211370
      5.00     10.00       2.664200       0.502675       0.502675         9       8.0       9.0       0.542631   351.220    68.990   -25.200    0     119.812263      -0.211940
     10.00    -15.00      26.003710       0.106610       0.106610         9       8.0       9.0       0.542631   187.290    71.080    12.400    0     119.891121      -0.163920
     10.00    -10.00      21.335800       0.187804       0.187804         9       8.0       9.0       0.542631   356.880    80.240   -18.130    0     119.875038      -0.164490
     10.00     -5.00      16.667900       0.275276       0.275276         9       8.0       9.0       0.542631   353.820    71.330   -17.040    0     119.858948      -0.165050
     10.00      0.00      12.000000       0.353713       0.353713         9       8.0       9.0       0.542631   351.160    67.510   -19.340    0     119.842873      -0.165620
     10.00      5.00       7.332100       0.410927       0.410927         9       8.0       9.0       0.542631   349.330    67.830   -25.440    0     119.826782      -0.166180
     10.00     10.00       2.664200       0.443424       0.443424         9       8.0       9.0       0.542631   349.950    68.660   -27.750    0     119.810692      -0.166750
     15.00    -15.00      26.003710       0.092098       0.092098         9       8.0       9.0       0.542631   191.710    70.810    19.500    0     119.889549      -0.118730
     15.00    -10.00      21.335800       0.146544       0.146544         9       8.0       9.0       0.542631   358.390    84.110   -25.600    0     119.873466      -0.119300
     15.00     -5.00      16.667900       0.213995       0.213995         9       8.0       9.0       0.542631   352.560    69.080   -18.440    0     119.857384      -0.119860
     15.00      0.00      12.000000       0.284752       0.284752         9       8.0       9.0       0.542631   348.440    61.220   -20.410    0     119.841301      -0.120430
     15.00      5.00       7.332100       0.329822       0.329822         9       8.0       9.0       0.542631   346.770    62.970   -25.430    0     119.825218      -0.120990
     15.00     10.00       2.664200       0.361480       0.361480         9       8.0       9.0       0.542631   347.960    66.130   -28.420    0     119.809128      -0.121560
     20.00    -15.00      26.003710       0.083412       0.083412         9       8.0       9.0       0.542631   198.150    80.540    36.530    0     119.887978      -0.073540
     20.00    -10.00      21.335800       0.106441       0.106441         9       8.0       9.0       0.542631   189.270    88.610    32.350    0     119.871902      -0.074100
     20.00     -5.00      16.667900       0.147075       0.147075         9       8.0       9.0       0.542631   353.060    63.940   -16.410    0     119.855812      -0.074670
     20.00      0.00      12.000000       0.200910       0.200910         9       8.0       9.0       0.542631   346.230    53.270   -19.330    0     119.839737      -0.075240
     20.00      5.00       7.332100       0.242597       0.242597         9       8.0       9.0       0.542631   344.240    54.640   -23.370    0     119.823647      -0.075800
     20.00     10.00       2.664200       0.264937       0.264937         9       8.0       9.0       0.542631   345.180    60.250   -25.880    0     119.807564      -0.076370
     25.00    -15.00      26.003710       0.096308       0.096308         9       8.0       9.0       0.542631   215.800    77.480    49.950    0     119.886414      -0.028350
     25.00    -10.00      21.335800       0.092193       0.092193         9       8.0       9.0       0.542631   217.230    73.050    48.070    0     119.870331      -0.028910
     25.00     -5.00      16.667900       0.099586       0.099586         9       8.0       9.0       0.542631   356.530    39.260    -1.290    0     119.854240      -0.029480
     25.00      0.00      12.000000       0.133758       0.133758         9       8.0       9.0       0.542631   344.780    36.770   -14.840    0     119.838173      -0.030050
     25.00      5.00       7.332100       0.164763       0.164763         9       8.0       9.0       0.542631   343.060    40.920   -20.090    0     119.822083      -0.030610
     25.00     10.00       2.664200       0.176420       0.176420         9       8.0       9.0       0.542631   342.240    47.380   -18.080    0     119.806000      -0.031180
     30.00    -15.00      26.003710       0.103514       0.103514         9       8.0       9.0       0.542631   115.040    33.250   146.140    1     119.884850       0.016840
     30.00    -10.00      21.335800       0.102693       0.102693         9       8.0       9.0       0.542631    88.890    35.450    99.030    1     119.868759       0.016280
     30.00     -5.00      16.667900       0.083065       0.083065         9       8.0       9.0       0.542631    68.740    15.910    75.050    1     119.852669       0.015710
     30.00      0.00      12.000000       0.073922       0.073922         9       8.0       9.0       0.542631   357.860    14.810   -17.810    0     119.836601       0.015150
     30.00      5.00       7.332100       0.111577       0.111577         9       8.0       9.0       0.542631   330.660    16.520   -42.770    0     119.820518       0.014580
     30.00     10.00       2.664200       0.108495       0.108495         9       8.0       9.0       0.542631   346.550    29.500    -9.740    0     119.804428       0.014020
     35.00    -15.00      26.003710       0.082024       0.082024         9       8.0       9.0       0.542631    30.630    26.790    18.380    0     119.883278       0.062030
     35.00    -10.00      21.335800       0.106904       0.106904         9       8.0       9.0       0.542631    63.550    56.140    58.380    1     119.867188       0.061470
     35.00     -5.00      16.667900       0.057358       0.057358         9       8.0       9.0       0.542631   133.440    26.530   130.530    0     119.851097       0.060900
     35.00      0.00      12.000000       0.055571       0.055571         9       8.0       9.0       0.542631   313.520    85.960    97.080    0     119.835037       0.060340
     35.00      5.00       7.332100       0.062755       0.062755         9       8.0       9.0       0.542631   133.400    88.530   -75.150    0     119.818947       0.059770
     35.00     10.00       2.664200       0.059548       0.059548         9       8.0       9.0       0.542631    45.280    10.680    29.860    1     119.802856       0.059210
     40.00    -15.00      26.003710       0.000000       0.000000         9       8.0       9.0       0.542631   180.000    45.000    90.000    0     119.881706       0.107230
     40.00    -10.00      21.335800       0.031584       0.031584         9       8.0       9.0       0.542631    95.330    74.830    93.250    1     119.865623       0.106660
     40.00     -5.00      16.667900       0.014102       0.014102         9       8.0       9.0       0.542631   154.900    36.380   176.990    0     119.849533       0.106090
     40.00      0.00      12.000000       0.029966       0.029966         9       8.0       9.0       0.542631    85.410    63.060    64.590    1     119.833473       0.105530
     40.00      5.00       7.332100       0.022157       0.022157         9       8.0       9.0       0.542631    42.940    69.830    68.430    0     119.817390       0.104960
     40.00     10.00       2.664200       0.011005       0.011005         9       8.0       9.0       0.542631   107.900     8.800    66.040    1     119.801300       0.104400
     45.00    -15.00      26.003710       0.000000       0.000000         9       8.0       9.0       0.542631   180.000    45.000    90.000    0     119.880142       0.152420
     45.00    -10.00      21.335800       0.000000       0.000000         9       8.0       9.0       0.542631   180.000    45.000    90.000    0     119.864052       0.151850
     45.00     -5.00      16.667900       0.000000       0.000000         9       8.0       9.0       0.542631   180.000    45.000    90.000    0     119.847961       0.151280
     45.00      0.00      12.000000       0.000000       0.000000         9       8.0       9.0       0.542631   180.000    45.000    90.000    0     119.831909       0.150720
     45.00      5.00       7.332100       0.000000       0.000000         9       8.0       9.0       0.542631   180.000    45.000    90.000    0     119.815819       0.150150
     45.00     10.00       2.664200       0.000000       0.000000         9       8.0       9.0       0.542631   180.000    45.000    90.000    0     119.799728       0.149590
     50.00    -15.00      26.003710       0.000000       0.000000         9       8.0       9.0       0.542631   180.000    45.000    90.000    0     119.878571       0.197610
     50.00    -10.00      21.335800       0.000000       0.000000         9       8.0       9.0       0.542631   180.000    45.000    90.000    0     119.862480       0.197040
     50.00     -5.00      16.667900       0.000000       0.000000         9       8.0       9.0       0.542631   180.000    45.000    90.000    0     119.846390       0.196470
     50.00      0.00      12.000000       0.000000       0.000000         9       8.0       9.0       0.542631   180.000    45.000    90.000    0     119.830338       0.195910
     50.00      5.00       7.332100       0.000000       0.000000         9       8.0       9.0       0.542631   180.000    45.000    90.000    0     119.814247       0.195340
     50.00     10.00       2.664200       0.000000       0.000000         9       8.0       9.0       0.542631   180.000    45.000    90.000    0     119.798172       0.194780
