      xloc      yloc          depth         ave SR         max SR         #     start       end     max SR all       str       dip      rake flag
   -185.00    -15.00      26.003710       0.000000       0.000000        15      14.0      15.0       0.542631   180.000    45.000    90.000    0     119.952240      -1.926360
   -185.00    -10.00      21.335800       0.000000       0.000000        15      14.0      15.0       0.542631   180.000    45.000    90.000    0     119.936150      -1.926930
   -185.00     -5.00      16.667900       0.000000       0.000000        15      14.0      15.0       0.542631   180.000    45.000    90.000    0     119.920059      -1.927490
   -185.00      0.00      12.000000       0.000000       0.000000        15      14.0      15.0       0.542631   180.000    45.000    90.000    0     119.903961      -1.928060
   -185.00      5.00       7.332100       0.000000       0.000000        15      14.0      15.0       0.542631   180.000    45.000    90.000    0     119.887871      -1.928620
   -185.00     10.00       2.664200       0.000000       0.000000        15      14.0      15.0       0.542631   180.000    45.000    90.000    0     119.871780      -1.929190
   -180.00    -15.00      26.003710       0.000000       0.000000        15      14.0      15.0       0.542631   180.000    45.000    90.000    0     119.950684      -1.881170
   -180.00    -10.00      21.335800       0.000000       0.000000        15      14.0      15.0       0.542631   180.000    45.000    90.000    0     119.934578      -1.881740
   -180.00     -5.00      16.667900       0.000000       0.000000        15      14.0      15.0       0.542631   180.000    45.000    90.000    0     119.918488      -1.882300
   -180.00      0.00      12.000000       0.000000       0.000000        15      14.0      15.0       0.542631   180.000    45.000    90.000    0     119.902397      -1.882870
   -180.00      5.00       7.332100       0.000000       0.000000        15      14.0      15.0       0.542631   180.000    45.000    90.000    0     119.886299      -1.883430
   -180.00     10.00       2.664200       0.000000       0.000000        15      14.0      15.0       0.542631   180.000    45.000    90.000    0     119.870209      -1.884000
   -175.00    -15.00      26.003710       0.000000       0.000000        15      14.0      15.0       0.542631   180.000    45.000    90.000    0     119.949112      -1.835980
   -175.00    -10.00      21.335800       0.000000       0.000000        15      14.0      15.0       0.542631   180.000    45.000    90.000    0     119.933006      -1.836550
   -175.00     -5.00      16.667900       0.000000       0.000000        15      14.0      15.0       0.542631   180.000    45.000    90.000    0     119.916924      -1.837110
   -175.00      0.00      12.000000       0.000000       0.000000        15      14.0      15.0       0.542631   180.000    45.000    90.000    0     119.900833      -1.837680
   -175.00      5.00       7.332100       0.000000       0.000000        15      14.0      15.0       0.542631   180.000    45.000    90.000    0     119.884743      -1.838240
   -175.00     10.00       2.664200       0.000000       0.000000        15      14.0      15.0       0.542631   180.000    45.000    90.000    0     119.868637      -1.838810
   -170.00    -15.00      26.003710       0.000000       0.000000        15      14.0      15.0       0.542631   180.000    45.000    90.000    0     119.947540      -1.790790
   -170.00    -10.00      21.335800       0.000000       0.000000        15      14.0      15.0       0.542631   180.000    45.000    90.000    0     119.931450      -1.791360
   -170.00     -5.00      16.667900       0.000000       0.000000        15      14.0      15.0       0.542631   180.000    45.000    90.000    0     119.915352      -1.791920
   -170.00      0.00      12.000000       0.000000       0.000000        15      14.0      15.0       0.542631   180.000    45.000    90.000    0     119.899261      -1.792490
   -170.00      5.00       7.332100       0.000000       0.000000        15      14.0      15.0       0.542631   180.000    45.000    90.000    0     119.883171      -1.793050
   -170.00     10.00       2.664200       0.000000       0.000000        15      14.0      15.0       0.542631   180.000    45.000    90.000    0     119.867081      -1.793620
   -165.00    -15.00      26.003710       0.000000       0.000000        15      14.0      15.0       0.542631   180.000    45.000    90.000    0     119.945969      -1.745600
   -165.00    -10.00      21.335800       0.000000       0.000000        15      14.0      15.0       0.542631   180.000    45.000    90.000    0     119.929878      -1.746170
   -165.00     -5.00      16.667900       0.000000       0.000000        15      14.0      15.0       0.542631   180.000    45.000    90.000    0     119.913788      -1.746730
   -165.00      0.00      12.000000       0.000000       0.000000        15      14.0      15.0       0.542631   180.000    45.000    90.000    0     119.897690      -1.747300
   -165.00      5.00       7.332100       0.000000       0.000000        15      14.0      15.0       0.542631   180.000    45.000    90.000    0     119.881599      -1.747860
   -165.00     10.00       2.664200       0.000000       0.000000        15      14.0      15.0       0.542631   180.000    45.000    90.000    0     119.865509      -1.748430
   -160.00    -15.00      26.003710       0.000000       0.000000        15      14.0      15.0       0.542631   180.000    45.000    90.000    0     119.944397      -1.700410
   -160.00    -10.00      21.335800       0.000000       0.000000        15      14.0      15.0       0.542631   180.000    45.000    90.000    0     119.928307      -1.700980
   -160.00     -5.00      16.667900       0.000000       0.000000        15      14.0      15.0       0.542631   180.000    45.000    90.000    0     119.912216      -1.701540
   -160.00      0.00      12.000000       0.000000       0.000000        15      14.0      15.0       0.542631   180.000    45.000    90.000    0     119.896133      -1.702110
   -160.00      5.00       7.332100       0.000000       0.000000        15      14.0      15.0       0.542631   180.000    45.000    90.000    0     119.880028      -1.702670
   -160.00     10.00       2.664200       0.000000       0.000000        15      14.0      15.0       0.542631   180.000    45.000    90.000    0     119.863937      -1.703240
   -155.00    -15.00      26.003710       0.000000       0.000000        15      14.0      15.0       0.542631   180.000    45.000    90.000    0     119.942841      -1.655220
   -155.00    -10.00      21.335800       0.000000       0.000000        15      14.0      15.0       0.542631   180.000    45.000    90.000    0     119.926743      -1.655790
   -155.00     -5.00      16.667900       0.000000       0.000000        15      14.0      15.0       0.542631   180.000    45.000    90.000    0     119.910652      -1.656350
   -155.00      0.00      12.000000       0.000000       0.000000        15      14.0      15.0       0.542631   180.000    45.000    90.000    0     119.894562      -1.656920
   -155.00      5.00       7.332100       0.000000       0.000000        15      14.0      15.0       0.542631   180.000    45.000    90.000    0     119.878471      -1.657480
   -155.00     10.00       2.664200       0.000000       0.000000        15      14.0      15.0       0.542631   180.000    45.000    90.000    0     119.862373      -1.658050
   -150.00    -15.00      26.003710       0.000000       0.000000        15      14.0      15.0       0.542631   180.000    45.000    90.000    0     119.941269      -1.610030
   -150.00    -10.00      21.335800       0.000000       0.000000        15      14.0      15.0       0.542631   180.000    45.000    90.000    0     119.925179      -1.610590
   -150.00     -5.00      16.667900       0.000000       0.000000        15      14.0      15.0       0.542631   180.000    45.000    90.000    0     119.909081      -1.611160
   -150.00      0.00      12.000000       0.000000       0.000000        15      14.0      15.0       0.542631   180.000    45.000    90.000    0     119.892990      -1.611730
   -150.00      5.00       7.332100       0.000000       0.000000        15      14.0      15.0       0.542631   180.000    45.000    90.000    0     119.876900      -1.612290
   -150.00     10.00       2.664200       0.000000       0.000000        15      14.0      15.0       0.542631   180.000    45.000    90.000    0     119.860809      -1.612860
   -145.00    -15.00      26.003710       0.000000       0.000000        15      14.0      15.0       0.542631   180.000    45.000    90.000    0     119.939697      -1.564840
   -145.00    -10.00      21.335800       0.000000       0.000000        15      14.0      15.0       0.542631   180.000    45.000    90.000    0     119.923607      -1.565400
   -145.00     -5.00      16.667900       0.000000       0.000000        15      14.0      15.0       0.542631   180.000    45.000    90.000    0     119.907516      -1.565970
   -145.00      0.00      12.000000       0.000000       0.000000        15      14.0      15.0       0.542631   180.000    45.000    90.000    0     119.891418      -1.566530
   -145.00      5.00       7.332100       0.000000       0.000000        15      14.0      15.0       0.542631   180.000    45.000    90.000    0     119.875328      -1.567100
   -145.00     10.00       2.664200       0.000000       0.000000        15      14.0      15.0       0.542631   180.000    45.000    90.000    0     119.859238      -1.567660
   -140.00    -15.00      26.003710       0.000000       0.000000        15      14.0      15.0       0.542631   180.000    45.000    90.000    0     119.938133      -1.519650
   -140.00    -10.00      21.335800       0.000000       0.000000        15      14.0      15.0       0.542631   180.000    45.000    90.000    0     119.922043      -1.520210
   -140.00     -5.00      16.667900       0.000000       0.000000        15      14.0      15.0       0.542631   180.000    45.000    90.000    0     119.905952      -1.520780
   -140.00      0.00      12.000000       0.000000       0.000000        15      14.0      15.0       0.542631   180.000    45.000    90.000    0     119.889862      -1.521340
   -140.00      5.00       7.332100       0.000000       0.000000        15      14.0      15.0       0.542631   180.000    45.000    90.000    0     119.873772      -1.521910
   -140.00     10.00       2.664200       0.000000       0.000000        15      14.0      15.0       0.542631   180.000    45.000    90.000    0     119.857681      -1.522470
   -135.00    -15.00      26.003710       0.000000       0.000000        15      14.0      15.0       0.542631   180.000    45.000    90.000    0     119.936562      -1.474460
   -135.00    -10.00      21.335800       0.000000       0.000000        15      14.0      15.0       0.542631   180.000    45.000    90.000    0     119.920471      -1.475020
   -135.00     -5.00      16.667900       0.000000       0.000000        15      14.0      15.0       0.542631   180.000    45.000    90.000    0     119.904381      -1.475590
   -135.00      0.00      12.000000       0.000000       0.000000        15      14.0      15.0       0.542631   180.000    45.000    90.000    0     119.888290      -1.476150
   -135.00      5.00       7.332100       0.000000       0.000000        15      14.0      15.0       0.542631   180.000    45.000    90.000    0     119.872200      -1.476720
   -135.00     10.00       2.664200       0.000000       0.000000        15      14.0      15.0       0.542631   180.000    45.000    90.000    0     119.856110      -1.477280
   -130.00    -15.00      26.003710       0.000000       0.000000        15      14.0      15.0       0.542631   180.000    45.000    90.000    0     119.934998      -1.429270
   -130.00    -10.00      21.335800       0.000000       0.000000        15      14.0      15.0       0.542631   180.000    45.000    90.000    0     119.918907      -1.429830
   -130.00     -5.00      16.667900       0.000000       0.000000        15      14.0      15.0       0.542631   180.000    45.000    90.000    0     119.902809      -1.430400
   -130.00      0.00      12.000000       0.000000       0.000000        15      14.0      15.0       0.542631   180.000    45.000    90.000    0     119.886719      -1.430960
   -130.00      5.00       7.332100       0.000000       0.000000        15      14.0      15.0       0.542631   180.000    45.000    90.000    0     119.870628      -1.431530
   -130.00     10.00       2.664200       0.000000       0.000000        15      14.0      15.0       0.542631   180.000    45.000    90.000    0     119.854538      -1.432090
   -125.00    -15.00      26.003710       0.000000       0.000000        15      14.0      15.0       0.542631   180.000    45.000    90.000    0     119.933434      -1.384080
   -125.00    -10.00      21.335800       0.000000       0.000000        15      14.0      15.0       0.542631   180.000    45.000    90.000    0     119.917343      -1.384640
   -125.00     -5.00      16.667900       0.000000       0.000000        15      14.0      15.0       0.542631   180.000    45.000    90.000    0     119.901253      -1.385210
   -125.00      0.00      12.000000       0.000000       0.000000        15      14.0      15.0       0.542631   180.000    45.000    90.000    0     119.885162      -1.385770
   -125.00      5.00       7.332100       0.000000       0.000000        15      14.0      15.0       0.542631   180.000    45.000    90.000    0     119.869072      -1.386340
   -125.00     10.00       2.664200       0.000000       0.000000        15      14.0      15.0       0.542631   180.000    45.000    90.000    0     119.852982      -1.386900
   -120.00    -15.00      26.003710       0.000000       0.000000        15      14.0      15.0       0.542631   180.000    45.000    90.000    0     119.931862      -1.338890
   -120.00    -10.00      21.335800       0.000000       0.000000        15      14.0      15.0       0.542631   180.000    45.000    90.000    0     119.915771      -1.339450
   -120.00     -5.00      16.667900       0.000000       0.000000        15      14.0      15.0       0.542631   180.000    45.000    90.000    0     119.899681      -1.340020
   -120.00      0.00      12.000000       0.000000       0.000000        15      14.0      15.0       0.542631   180.000    45.000    90.000    0     119.883591      -1.340580
   -120.00      5.00       7.332100       0.000000       0.000000        15      14.0      15.0       0.542631   180.000    45.000    90.000    0     119.867500      -1.341150
   -120.00     10.00       2.664200       0.000000       0.000000        15      14.0      15.0       0.542631   180.000    45.000    90.000    0     119.851410      -1.341710
   -115.00    -15.00      26.003710       0.000000       0.000000        15      14.0      15.0       0.542631   180.000    45.000    90.000    0     119.930290      -1.293690
   -115.00    -10.00      21.335800       0.000000       0.000000        15      14.0      15.0       0.542631   180.000    45.000    90.000    0     119.914200      -1.294260
   -115.00     -5.00      16.667900       0.000000       0.000000        15      14.0      15.0       0.542631   180.000    45.000    90.000    0     119.898109      -1.294830
   -115.00      0.00      12.000000       0.000000       0.000000        15      14.0      15.0       0.542631   180.000    45.000    90.000    0     119.882019      -1.295390
   -115.00      5.00       7.332100       0.000000       0.000000        15      14.0      15.0       0.542631   180.000    45.000    90.000    0     119.865929      -1.295960
   -115.00     10.00       2.664200       0.000000       0.000000        15      14.0      15.0       0.542631   180.000    45.000    90.000    0     119.849838      -1.296520
   -110.00    -15.00      26.003710       0.000000       0.000000        15      14.0      15.0       0.542631   180.000    45.000    90.000    0     119.928726      -1.248500
   -110.00    -10.00      21.335800       0.000000       0.000000        15      14.0      15.0       0.542631   180.000    45.000    90.000    0     119.912643      -1.249070
   -110.00     -5.00      16.667900       0.000000       0.000000        15      14.0      15.0       0.542631   180.000    45.000    90.000    0     119.896553      -1.249630
   -110.00      0.00      12.000000       0.000000       0.000000        15      14.0      15.0       0.542631   180.000    45.000    90.000    0     119.880463      -1.250200
   -110.00      5.00       7.332100       0.000000       0.000000        15      14.0      15.0       0.542631   180.000    45.000    90.000    0     119.864372      -1.250760
   -110.00     10.00       2.664200       0.000000       0.000000        15      14.0      15.0       0.542631   180.000    45.000    90.000    0     119.848282      -1.251330
   -105.00    -15.00      26.003710       0.000000       0.000000        15      14.0      15.0       0.542631   180.000    45.000    90.000    0     119.927162      -1.203310
   -105.00    -10.00      21.335800       0.000000       0.000000        15      14.0      15.0       0.542631   180.000    45.000    90.000    0     119.911072      -1.203880
   -105.00     -5.00      16.667900       0.000000       0.000000        15      14.0      15.0       0.542631   180.000    45.000    90.000    0     119.894981      -1.204440
   -105.00      0.00      12.000000       0.000000       0.000000        15      14.0      15.0       0.542631   180.000    45.000    90.000    0     119.878891      -1.205010
   -105.00      5.00       7.332100       0.000000       0.000000        15      14.0      15.0       0.542631   180.000    45.000    90.000    0     119.862801      -1.205570
   -105.00     10.00       2.664200       0.000000       0.000000        15      14.0      15.0       0.542631   180.000    45.000    90.000    0     119.846710      -1.206140
   -100.00    -15.00      26.003710       0.000000       0.000000        15      14.0      15.0       0.542631   180.000    45.000    90.000    0     119.925591      -1.158120
   -100.00    -10.00      21.335800       0.000000       0.000000        15      14.0      15.0       0.542631   180.000    45.000    90.000    0     119.909500      -1.158690
   -100.00     -5.00      16.667900       0.000000       0.000000        15      14.0      15.0       0.542631   180.000    45.000    90.000    0     119.893410      -1.159250
   -100.00      0.00      12.000000       0.000000       0.000000        15      14.0      15.0       0.542631   180.000    45.000    90.000    0     119.877319      -1.159820
   -100.00      5.00       7.332100       0.000000       0.000000        15      14.0      15.0       0.542631   180.000    45.000    90.000    0     119.861229      -1.160380
   -100.00     10.00       2.664200       0.000000       0.000000        15      14.0      15.0       0.542631   180.000    45.000    90.000    0     119.845207      -1.160950
    -95.00    -15.00      26.003710       0.000000       0.000000        15      14.0      15.0       0.542631   180.000    45.000    90.000    0     119.924026      -1.112930
    -95.00    -10.00      21.335800       0.000000       0.000000        15      14.0      15.0       0.542631   180.000    45.000    90.000    0     119.907944      -1.113500
    -95.00     -5.00      16.667900       0.000000       0.000000        15      14.0      15.0       0.542631   180.000    45.000    90.000    0     119.891853      -1.114060
    -95.00      0.00      12.000000       0.000000       0.000000        15      14.0      15.0       0.542631   180.000    45.000    90.000    0     119.875763      -1.114630
    -95.00      5.00       7.332100       0.000000       0.000000        15      14.0      15.0       0.542631   180.000    45.000    90.000    0     119.859673      -1.115190
    -95.00     10.00       2.664200       0.000000       0.000000        15      14.0      15.0       0.542631   180.000    45.000    90.000    0     119.843643      -1.115760
    -90.00    -15.00      26.003710       0.000000       0.000000        15      14.0      15.0       0.542631   180.000    45.000    90.000    0     119.922462      -1.067740
    -90.00    -10.00      21.335800       0.000000       0.000000        15      14.0      15.0       0.542631   180.000    45.000    90.000    0     119.906372      -1.068310
    -90.00     -5.00      16.667900       0.000000       0.000000        15      14.0      15.0       0.542631   180.000    45.000    90.000    0     119.890282      -1.068870
    -90.00      0.00      12.000000       0.000000       0.000000        15      14.0      15.0       0.542631   180.000    45.000    90.000    0     119.874191      -1.069440
    -90.00      5.00       7.332100       0.000000       0.000000        15      14.0      15.0       0.542631   180.000    45.000    90.000    0     119.858101      -1.070000
    -90.00     10.00       2.664200       0.000000       0.000000        15      14.0      15.0       0.542631   180.000    45.000    90.000    0     119.842072      -1.070570
    -85.00    -15.00      26.003710       0.000000       0.000000        15      14.0      15.0       0.542631   180.000    45.000    90.000    0     119.920891      -1.022550
    -85.00    -10.00      21.335800       0.000000       0.000000        15      14.0      15.0       0.542631   180.000    45.000    90.000    0     119.904800      -1.023120
    -85.00     -5.00      16.667900       0.000000       0.000000        15      14.0      15.0       0.542631   180.000    45.000    90.000    0     119.888710      -1.023680
    -85.00      0.00      12.000000       0.000000       0.000000        15      14.0      15.0       0.542631   180.000    45.000    90.000    0     119.872620      -1.024250
    -85.00      5.00       7.332100       0.000000       0.000000        15      14.0      15.0       0.542631   180.000    45.000    90.000    0     119.856537      -1.024810
    -85.00     10.00       2.664200       0.000000       0.000000        15      14.0      15.0       0.542631   180.000    45.000    90.000    0     119.840500      -1.025380
    -80.00    -15.00      26.003710       0.000000       0.000000        15      14.0      15.0       0.542631   180.000    45.000    90.000    0     119.919319      -0.977360
    -80.00    -10.00      21.335800       0.000000       0.000000        15      14.0      15.0       0.542631   180.000    45.000    90.000    0     119.903236      -0.977920
    -80.00     -5.00      16.667900       0.000000       0.000000        15      14.0      15.0       0.542631   180.000    45.000    90.000    0     119.887154      -0.978490
    -80.00      0.00      12.000000       0.000000       0.000000        15      14.0      15.0       0.542631   180.000    45.000    90.000    0     119.871063      -0.979050
    -80.00      5.00       7.332100       0.000000       0.000000        15      14.0      15.0       0.542631   180.000    45.000    90.000    0     119.854973      -0.979620
    -80.00     10.00       2.664200       0.000000       0.000000        15      14.0      15.0       0.542631   180.000    45.000    90.000    0     119.838928      -0.980190
    -75.00    -15.00      26.003710       0.000000       0.000000        15      14.0      15.0       0.542631   180.000    45.000    90.000    0     119.917763      -0.932170
    -75.00    -10.00      21.335800       0.000000       0.000000        15      14.0      15.0       0.542631   180.000    45.000    90.000    0     119.901672      -0.932730
    -75.00     -5.00      16.667900       0.000000       0.000000        15      14.0      15.0       0.542631   180.000    45.000    90.000    0     119.885582      -0.933300
    -75.00      0.00      12.000000       0.000000       0.000000        15      14.0      15.0       0.542631   180.000    45.000    90.000    0     119.869492      -0.933860
    -75.00      5.00       7.332100       0.000000       0.000000        15      14.0      15.0       0.542631   180.000    45.000    90.000    0     119.853401      -0.934430
    -75.00     10.00       2.664200       0.000000       0.000000        15      14.0      15.0       0.542631   180.000    45.000    90.000    0     119.837357      -0.934990
    -70.00    -15.00      26.003710       0.000000       0.000000        15      14.0      15.0       0.542631   180.000    45.000    90.000    0     119.916191      -0.886980
    -70.00    -10.00      21.335800       0.000000       0.000000        15      14.0      15.0       0.542631   180.000    45.000    90.000    0     119.900101      -0.887540
    -70.00     -5.00      16.667900       0.000000       0.000000        15      14.0      15.0       0.542631   180.000    45.000    90.000    0     119.884010      -0.888110
    -70.00      0.00      12.000000       0.000000       0.000000        15      14.0      15.0       0.542631   180.000    45.000    90.000    0     119.867928      -0.888670
    -70.00      5.00       7.332100       0.000000       0.000000        15      14.0      15.0       0.542631   180.000    45.000    90.000    0     119.851837      -0.889240
    -70.00     10.00       2.664200       0.000000       0.000000        15      14.0      15.0       0.542631   180.000    45.000    90.000    0     119.835793      -0.889800
    -65.00    -15.00      26.003710       0.000000       0.000000        15      14.0      15.0       0.542631   180.000    45.000    90.000    0     119.914619      -0.841790
    -65.00    -10.00      21.335800       0.000000       0.000000        15      14.0      15.0       0.542631   180.000    45.000    90.000    0     119.898537      -0.842350
    -65.00     -5.00      16.667900       0.000000       0.000000        15      14.0      15.0       0.542631   180.000    45.000    90.000    0     119.882446      -0.842920
    -65.00      0.00      12.000000       0.000000       0.000000        15      14.0      15.0       0.542631   180.000    45.000    90.000    0     119.866364      -0.843480
    -65.00      5.00       7.332100       0.000000       0.000000        15      14.0      15.0       0.542631   180.000    45.000    90.000    0     119.850273      -0.844050
    -65.00     10.00       2.664200       0.000000       0.000000        15      14.0      15.0       0.542631   180.000    45.000    90.000    0     119.834221      -0.844610
    -60.00    -15.00      26.003710       0.034742       0.034742        15      14.0      15.0       0.542631   192.540    37.620    27.630    0     119.913063      -0.796600
    -60.00    -10.00      21.335800       0.039570       0.039570        15      14.0      15.0       0.542631   182.660    48.620     8.110    0     119.896973      -0.797160
    -60.00     -5.00      16.667900       0.075941       0.075941        15      14.0      15.0       0.542631   338.450    85.670   -42.510    0     119.880882      -0.797730
    -60.00      0.00      12.000000       0.188922       0.188922        15      14.0      15.0       0.542631   327.280    70.140   -41.160    0     119.864792      -0.798290
    -60.00      5.00       7.332100       0.160636       0.160636        15      14.0      15.0       0.542631   330.970    53.100   -16.100    0     119.848701      -0.798860
    -60.00     10.00       2.664200       0.133928       0.133928        15      14.0      15.0       0.542631   335.600    48.310   -12.210    0     119.832657      -0.799420
    -55.00    -15.00      26.003710       0.077679       0.077679        15      14.0      15.0       0.542631   180.820    83.290     5.290    0     119.911491      -0.751410
    -55.00    -10.00      21.335800       0.110249       0.110249        15      14.0      15.0       0.542631   181.780    78.920    18.310    0     119.895401      -0.751970
    -55.00     -5.00      16.667900       0.156555       0.156555        15      14.0      15.0       0.542631   339.580    78.190   -35.220    0     119.879311      -0.752540
    -55.00      0.00      12.000000       0.247935       0.247935        15      14.0      15.0       0.542631   330.120    70.120   -34.900    0     119.863228      -0.753100
    -55.00      5.00       7.332100       0.244055       0.244055        15      14.0      15.0       0.542631   332.470    69.760   -18.760    0     119.847137      -0.753670
    -55.00     10.00       2.664200       0.230674       0.230674        15      14.0      15.0       0.542631   334.620    66.350   -16.190    0     119.831093      -0.754230
    -50.00    -15.00      26.003710       0.097217       0.097217        15      14.0      15.0       0.542631   357.230    84.020    -7.090    0     119.909920      -0.706210
    -50.00    -10.00      21.335800       0.169399       0.169399        15      14.0      15.0       0.542631   353.940    87.480   -26.400    0     119.893837      -0.706780
    -50.00     -5.00      16.667900       0.221472       0.221472        15      14.0      15.0       0.542631   339.620    75.370   -28.960    0     119.877747      -0.707340
    -50.00      0.00      12.000000       0.289518       0.289518        15      14.0      15.0       0.542631   333.910    71.550   -25.930    0     119.861656      -0.707910
    -50.00      5.00       7.332100       0.315929       0.315929        15      14.0      15.0       0.542631   335.040    72.870   -17.710    0     119.845612      -0.708470
    -50.00     10.00       2.664200       0.315797       0.315797        15      14.0      15.0       0.542631   335.740    70.880   -17.090    0     119.829521      -0.709040
    -45.00    -15.00      26.003710       0.102138       0.102138        15      14.0      15.0       0.542631   354.700    83.020    -1.960    0     119.908363      -0.661020
    -45.00    -10.00      21.335800       0.201228       0.201228        15      14.0      15.0       0.542631   348.820    81.510   -25.260    0     119.892273      -0.661590
    -45.00     -5.00      16.667900       0.274168       0.274168        15      14.0      15.0       0.542631   339.620    73.140   -25.170    0     119.876183      -0.662150
    -45.00      0.00      12.000000       0.328649       0.328649        15      14.0      15.0       0.542631   336.480    71.880   -18.340    0     119.860092      -0.662720
    -45.00      5.00       7.332100       0.362732       0.362732        15      14.0      15.0       0.542631   337.580    76.210   -13.530    0     119.844040      -0.663280
    -45.00     10.00       2.664200       0.375269       0.375269        15      14.0      15.0       0.542631   337.190    72.840   -15.580    0     119.827950      -0.663850
    -40.00    -15.00      26.003710       0.101705       0.101705        15      14.0      15.0       0.542631   352.970    84.880     5.870    0     119.906792      -0.615830
    -40.00    -10.00      21.335800       0.207440       0.207440        15      14.0      15.0       0.542631   345.250    77.740   -19.720    0     119.890701      -0.616400
    -40.00     -5.00      16.667900       0.312206       0.312206        15      14.0      15.0       0.542631   338.630    68.750   -22.720    0     119.874619      -0.616960
    -40.00      0.00      12.000000       0.358261       0.358261        15      14.0      15.0       0.542631   337.640    70.280   -14.450    0     119.858528      -0.617530
    -40.00      5.00       7.332100       0.391959       0.391959        15      14.0      15.0       0.542631   338.730    76.930    -9.940    0     119.842468      -0.618090
    -40.00     10.00       2.664200       0.405063       0.405063        15      14.0      15.0       0.542631   338.290    73.080   -13.870    0     119.826378      -0.618660
    -35.00    -15.00      26.003710       0.097758       0.097758        15      14.0      15.0       0.542631   350.610    86.010    10.740    0     119.905220      -0.570640
    -35.00    -10.00      21.335800       0.199179       0.199179        15      14.0      15.0       0.542631   343.490    76.060   -15.000    0     119.889137      -0.571210
    -35.00     -5.00      16.667900       0.319677       0.319677        15      14.0      15.0       0.542631   337.880    66.780   -20.710    0     119.873047      -0.571770
    -35.00      0.00      12.000000       0.365989       0.365989        15      14.0      15.0       0.542631   338.210    69.530   -13.600    0     119.856956      -0.572340
    -35.00      5.00       7.332100       0.392129       0.392129        15      14.0      15.0       0.542631   339.640    78.950    -5.240    0     119.840897      -0.572900
    -35.00     10.00       2.664200       0.406375       0.406375        15      14.0      15.0       0.542631   338.970    72.020   -12.930    0     119.824806      -0.573470
    -30.00    -15.00      26.003710       0.087196       0.087196        15      14.0      15.0       0.542631   347.960    82.640    11.250    0     119.903664      -0.525450
    -30.00    -10.00      21.335800       0.182182       0.182182        15      14.0      15.0       0.542631   342.270    74.460   -12.100    0     119.887573      -0.526020
    -30.00     -5.00      16.667900       0.297079       0.297079        15      14.0      15.0       0.542631   338.070    65.750   -17.800    0     119.871483      -0.526580
    -30.00      0.00      12.000000       0.356469       0.356469        15      14.0      15.0       0.542631   338.370    66.070   -14.960    0     119.855400      -0.527150
    -30.00      5.00       7.332100       0.375367       0.375367        15      14.0      15.0       0.542631   339.750    73.520    -6.430    0     119.839333      -0.527710
    -30.00     10.00       2.664200       0.382964       0.382964        15      14.0      15.0       0.542631   339.250    69.250   -13.830    0     119.823242      -0.528280
    -25.00    -15.00      26.003710       0.078427       0.078427        15      14.0      15.0       0.542631   125.020    65.030   -82.120    1     119.902092      -0.480260
    -25.00    -10.00      21.335800       0.157384       0.157384        15      14.0      15.0       0.542631   341.970    68.890    -8.220    0     119.886002      -0.480820
    -25.00     -5.00      16.667900       0.259736       0.259736        15      14.0      15.0       0.542631   338.270    63.770   -16.650    0     119.869919      -0.481390
    -25.00      0.00      12.000000       0.321725       0.321725        15      14.0      15.0       0.542631   339.020    63.770   -15.830    0     119.853828      -0.481950
    -25.00      5.00       7.332100       0.330478       0.330478        15      14.0      15.0       0.542631   339.780    66.850   -11.840    0     119.837761      -0.482520
    -25.00     10.00       2.664200       0.337721       0.337721        15      14.0      15.0       0.542631   338.690    64.280   -18.410    0     119.821671      -0.483090
    -20.00    -15.00      26.003710       0.075477       0.075477        15      14.0      15.0       0.542631   132.670    75.260   -77.470    1     119.900528      -0.435070
    -20.00    -10.00      21.335800       0.121985       0.121985        15      14.0      15.0       0.542631   344.370    63.590    -2.020    0     119.884438      -0.435630
    -20.00     -5.00      16.667900       0.197857       0.197857        15      14.0      15.0       0.542631   340.940    66.080   -12.280    0     119.868347      -0.436200
    -20.00      0.00      12.000000       0.260082       0.260082        15      14.0      15.0       0.542631   339.780    61.660   -17.970    0     119.852257      -0.436760
    -20.00      5.00       7.332100       0.280003       0.280003        15      14.0      15.0       0.542631   330.450    48.810   -37.780    0     119.836189      -0.437330
    -20.00     10.00       2.664200       0.282205       0.282205        15      14.0      15.0       0.542631   334.040    53.920   -32.480    0     119.820099      -0.437900
    -15.00    -15.00      26.003710       0.074784       0.074784        15      14.0      15.0       0.542631   145.910    85.880   -87.240    0     119.898956      -0.389880
    -15.00    -10.00      21.335800       0.103320       0.103320        15      14.0      15.0       0.542631   146.440    78.090   -65.430    0     119.882874      -0.390440
    -15.00     -5.00      16.667900       0.140013       0.140013        15      14.0      15.0       0.542631   159.800    77.770   -30.620    0     119.866791      -0.391010
    -15.00      0.00      12.000000       0.191470       0.191470        15      14.0      15.0       0.542631   320.740    41.010   -58.750    0     119.850700      -0.391570
    -15.00      5.00       7.332100       0.219885       0.219885        15      14.0      15.0       0.542631   317.930    43.020   -61.050    0     119.834618      -0.392140
    -15.00     10.00       2.664200       0.216562       0.216562        15      14.0      15.0       0.542631   326.680    46.940   -49.560    0     119.818527      -0.392700
    -10.00    -15.00      26.003710       0.090280       0.090280        15      14.0      15.0       0.542631   342.220    87.680   101.800    0     119.897392      -0.344690
    -10.00    -10.00      21.335800       0.123671       0.123671        15      14.0      15.0       0.542631   159.090    87.490   -84.790    0     119.881310      -0.345250
    -10.00     -5.00      16.667900       0.104991       0.104991        15      14.0      15.0       0.542631   165.300    76.980   -51.420    0     119.865219      -0.345820
    -10.00      0.00      12.000000       0.129978       0.129978        15      14.0      15.0       0.542631   137.770    53.050   -71.280    0     119.849129      -0.346380
    -10.00      5.00       7.332100       0.135244       0.135244        15      14.0      15.0       0.542631   121.290    43.790   -93.270    1     119.833054      -0.346950
    -10.00     10.00       2.664200       0.142497       0.142497        15      14.0      15.0       0.542631   322.850    46.350   -63.260    0     119.816963      -0.347510
     -5.00    -15.00      26.003710       0.093038       0.093038        15      14.0      15.0       0.542631   346.540    82.290   105.720    0     119.895828      -0.299500
     -5.00    -10.00      21.335800       0.135349       0.135349        15      14.0      15.0       0.542631   338.950    85.780    97.500    0     119.879738      -0.300060
     -5.00     -5.00      16.667900       0.044532       0.044532        15      14.0      15.0       0.542631   169.580    76.260   -68.810    0     119.863647      -0.300630
     -5.00      0.00      12.000000       0.049150       0.049150        15      14.0      15.0       0.542631     4.090    64.150   -29.460    0     119.847572      -0.301190
     -5.00      5.00       7.332100       0.055284       0.055284        15      14.0      15.0       0.542631   166.180    56.340   -40.020    0     119.831482      -0.301760
     -5.00     10.00       2.664200       0.090803       0.090803        15      14.0      15.0       0.542631   336.040    45.640   -50.860    0     119.815399      -0.302320
      0.00    -15.00      26.003710       0.083081       0.083081        15      14.0      15.0       0.542631     5.650    82.430   101.250    0     119.894257      -0.254300
      0.00    -10.00      21.335800       0.131410       0.131410        15      14.0      15.0       0.542631   351.950    85.970    97.060    0     119.878166      -0.254870
      0.00     -5.00      16.667900       0.042934       0.042934        15      14.0      15.0       0.542631    43.000    25.340     2.500    0     119.862091      -0.255430
      0.00      0.00      12.000000       0.056609       0.056609        15      14.0      15.0       0.542631     0.210    37.060   -20.430    0     119.846001      -0.256000
      0.00      5.00       7.332100       0.073239       0.073239        15      14.0      15.0       0.542631   319.870    26.690   -64.100    0     119.829910      -0.256570
      0.00     10.00       2.664200       0.097387       0.097387        15      14.0      15.0       0.542631   337.770    36.230   -42.220    0     119.813828      -0.257130
      5.00    -15.00      26.003710       0.084272       0.084272        15      14.0      15.0       0.542631   -85.860    17.590   138.060    0     119.892693      -0.209110
      5.00    -10.00      21.335800       0.119770       0.119770        15      14.0      15.0       0.542631   219.270     6.700   113.290    0     119.876602      -0.209680
      5.00     -5.00      16.667900       0.046337       0.046337        15      14.0      15.0       0.542631    68.360    19.290    44.220    1     119.860519      -0.210240
      5.00      0.00      12.000000       0.076997       0.076997        15      14.0      15.0       0.542631   100.160    82.370   -94.230    1     119.844429      -0.210810
      5.00      5.00       7.332100       0.093195       0.093195        15      14.0      15.0       0.542631    95.490    67.020  -104.110    1     119.828346      -0.211370
      5.00     10.00       2.664200       0.097900       0.097900        15      14.0      15.0       0.542631   333.950    31.000   -38.640    0     119.812263      -0.211940
     10.00    -15.00      26.003710       0.090308       0.090308        15      14.0      15.0       0.542631    66.920    62.290    67.840    1     119.891121      -0.163920
     10.00    -10.00      21.335800       0.131896       0.131896        15      14.0      15.0       0.542631   327.010    67.140   113.870    0     119.875038      -0.164490
     10.00     -5.00      16.667900       0.103243       0.103243        15      14.0      15.0       0.542631    93.140    29.400    59.350    1     119.858948      -0.165050
     10.00      0.00      12.000000       0.077633       0.077633        15      14.0      15.0       0.542631   167.330     7.760   144.300    0     119.842873      -0.165620
     10.00      5.00       7.332100       0.073398       0.073398        15      14.0      15.0       0.542631   172.210     5.980  -171.930    0     119.826782      -0.166180
     10.00     10.00       2.664200       0.093945       0.093945        15      14.0      15.0       0.542631   339.740     9.460   -15.550    0     119.810692      -0.166750
     15.00    -15.00      26.003710       0.087149       0.087149        15      14.0      15.0       0.542631    89.420    48.170    75.590    1     119.889549      -0.118730
     15.00    -10.00      21.335800       0.143797       0.143797        15      14.0      15.0       0.542631   313.760    61.030   102.350    0     119.873466      -0.119300
     15.00     -5.00      16.667900       0.124879       0.124879        15      14.0      15.0       0.542631   123.630    27.020    97.920    1     119.857384      -0.119860
     15.00      0.00      12.000000       0.096458       0.096458        15      14.0      15.0       0.542631   165.540    20.670   144.340    0     119.841301      -0.120430
     15.00      5.00       7.332100       0.109848       0.109848        15      14.0      15.0       0.542631   165.320     8.170   165.000    0     119.825218      -0.120990
     15.00     10.00       2.664200       0.124315       0.124315        15      14.0      15.0       0.542631    21.390     1.830    17.680    0     119.809128      -0.121560
     20.00    -15.00      26.003710       0.090501       0.090501        15      14.0      15.0       0.542631   187.080    42.330    97.970    0     119.887978      -0.073540
     20.00    -10.00      21.335800       0.148500       0.148500        15      14.0      15.0       0.542631   149.910    31.610   101.040    0     119.871902      -0.074100
     20.00     -5.00      16.667900       0.141459       0.141459        15      14.0      15.0       0.542631   156.010    32.160   124.270    0     119.855812      -0.074670
     20.00      0.00      12.000000       0.117485       0.117485        15      14.0      15.0       0.542631   176.000    28.680   151.440    0     119.839737      -0.075240
     20.00      5.00       7.332100       0.134788       0.134788        15      14.0      15.0       0.542631   179.890    12.570   167.550    0     119.823647      -0.075800
     20.00     10.00       2.664200       0.146016       0.146016        15      14.0      15.0       0.542631   198.660     2.760  -176.710    0     119.807564      -0.076370
     25.00    -15.00      26.003710       0.106970       0.106970        15      14.0      15.0       0.542631   199.400    51.550   108.200    0     119.886414      -0.028350
     25.00    -10.00      21.335800       0.155215       0.155215        15      14.0      15.0       0.542631   188.860    46.620   118.550    0     119.870331      -0.028910
     25.00     -5.00      16.667900       0.144377       0.144377        15      14.0      15.0       0.542631   188.780    51.670   132.440    0     119.854240      -0.029480
     25.00      0.00      12.000000       0.117424       0.117424        15      14.0      15.0       0.542631   191.240    44.090   155.630    0     119.838173      -0.030050
     25.00      5.00       7.332100       0.129076       0.129076        15      14.0      15.0       0.542631   200.380    20.310   176.800    0     119.822083      -0.030610
     25.00     10.00       2.664200       0.152659       0.152659        15      14.0      15.0       0.542631   218.040    10.180  -168.150    0     119.806000      -0.031180
     30.00    -15.00      26.003710       0.122024       0.122024        15      14.0      15.0       0.542631   201.930    57.240   109.090    0     119.884850       0.016840
     30.00    -10.00      21.335800       0.162362       0.162362        15      14.0      15.0       0.542631   202.290    58.400   125.060    0     119.868759       0.016280
     30.00     -5.00      16.667900       0.152055       0.152055        15      14.0      15.0       0.542631   204.680    66.600   136.200    0     119.852669       0.015710
     30.00      0.00      12.000000       0.117961       0.117961        15      14.0      15.0       0.542631   205.950    63.970   157.390    0     119.836601       0.015150
     30.00      5.00       7.332100       0.136716       0.136716        15      14.0      15.0       0.542631   221.300    33.570  -163.080    0     119.820518       0.014580
     30.00     10.00       2.664200       0.153262       0.153262        15      14.0      15.0       0.542631   125.640    84.570   -69.950    1     119.804428       0.014020
     35.00    -15.00      26.003710       0.128495       0.128495        15      14.0      15.0       0.542631   210.010    66.210   119.780    0     119.883278       0.062030
     35.00    -10.00      21.335800       0.174366       0.174366        15      14.0      15.0       0.542631   319.450    46.250    24.350    0     119.867188       0.061470
     35.00     -5.00      16.667900       0.166676       0.166676        15      14.0      15.0       0.542631   214.370    81.720   141.690    0     119.851097       0.060900
     35.00      0.00      12.000000       0.127127       0.127127        15      14.0      15.0       0.542631   214.620    80.330   160.100    0     119.835037       0.060340
     35.00      5.00       7.332100       0.151128       0.151128        15      14.0      15.0       0.542631   116.700    71.040   -52.020    1     119.818947       0.059770
     35.00     10.00       2.664200       0.153753       0.153753        15      14.0      15.0       0.542631   128.430    78.830   -59.970    1     119.802856       0.059210
     40.00    -15.00      26.003710       0.135515       0.135515        15      14.0      15.0       0.542631   323.810    40.990    19.070    0     119.881706       0.107230
     40.00    -10.00      21.335800       0.188127       0.188127        15      14.0      15.0       0.542631   220.620    88.510   143.310    0     119.865623       0.106660
     40.00     -5.00      16.667900       0.179892       0.179892        15      14.0      15.0       0.542631    40.750    83.330  -145.390    0     119.849533       0.106090
     40.00      0.00      12.000000       0.126276       0.126276        15      14.0      15.0       0.542631    42.470    75.480  -151.720    0     119.833473       0.105530
     40.00      5.00       7.332100       0.156175       0.156175        15      14.0      15.0       0.542631   114.260    61.880   -51.490    1     119.817390       0.104960
     40.00     10.00       2.664200       0.151517       0.151517        15      14.0      15.0       0.542631   124.980    68.890   -50.580    1     119.801300       0.104400
     45.00    -15.00      26.003710       0.134732       0.134732        15      14.0      15.0       0.542631   316.900    48.970    -2.630    0     119.880142       0.152420
     45.00    -10.00      21.335800       0.199207       0.199207        15      14.0      15.0       0.542631   309.680    56.940   -11.810    1     119.864052       0.151850
     45.00     -5.00      16.667900       0.175348       0.175348        15      14.0      15.0       0.542631   304.480    60.350   -22.670    1     119.847961       0.151280
     45.00      0.00      12.000000       0.127951       0.127951        15      14.0      15.0       0.542631    52.880    53.200  -136.960    1     119.831909       0.150720
     45.00      5.00       7.332100       0.139228       0.139228        15      14.0      15.0       0.542631   111.680    56.340   -52.860    1     119.815819       0.150150
     45.00     10.00       2.664200       0.136410       0.136410        15      14.0      15.0       0.542631   120.380    59.220   -45.700    1     119.799728       0.149590
     50.00    -15.00      26.003710       0.092804       0.092804        15      14.0      15.0       0.542631   314.430    52.010   -10.730    0     119.878571       0.197610
     50.00    -10.00      21.335800       0.149765       0.149765        15      14.0      15.0       0.542631   308.980    55.220   -15.610    1     119.862480       0.197040
     50.00     -5.00      16.667900       0.124834       0.124834        15      14.0      15.0       0.542631   307.740    69.630   -37.480    1     119.846390       0.196470
     50.00      0.00      12.000000       0.093731       0.093731        15      14.0      15.0       0.542631    56.810    45.840  -132.260    1     119.830338       0.195910
     50.00      5.00       7.332100       0.089296       0.089296        15      14.0      15.0       0.542631   108.740    55.970   -55.600    1     119.814247       0.195340
     50.00     10.00       2.664200       0.088119       0.088119        15      14.0      15.0       0.542631   117.840    55.560   -46.880    1     119.798172       0.194780
