     119.952240      -1.926360      26.003710       0.171500      -0.532500       1.850000      -1.317500      -3.197500      -2.300000       1.165000   26
     119.950684      -1.881170      26.003710       0.272900       1.315000       0.170000      -1.485000      -5.285000      -4.282500       1.890000   26
     119.949112      -1.835980      26.003710       0.432100       2.555000      -1.087500      -1.467500      -8.327499      -6.805000       1.827500   26
     119.947540      -1.790790      26.003710       0.421200       3.132500      -1.452500      -1.680000      -7.730000      -6.942500       1.275000   26
     119.945969      -1.745600      26.003710       0.406100       3.437500      -2.267500      -1.170000      -6.487500      -7.400000       0.222500   26
     119.944397      -1.700410      26.003710       0.316600       2.037500      -1.960000      -0.077500      -6.585000      -3.790000      -1.017500   26
     119.942841      -1.655220      26.003710       0.325800       1.897500      -2.032500       0.135000      -7.570000      -0.770000      -2.205000   26
     119.941269      -1.610030      26.003710       0.369100       3.345000      -3.735000       0.390000      -6.950000       2.855000      -4.170000   26
     119.939697      -1.564840      26.003710       0.442000       4.457500      -5.027500       0.570000      -6.632500       3.747500      -6.537500   26
     119.938133      -1.519650      26.003710       0.525100       5.980000      -5.730000      -0.250000      -7.065000       3.525000      -8.707500   26
     119.936562      -1.474460      26.003710       0.549200       0.677500      -0.574500      -0.103000      -0.646750       0.215500      -1.020500   26
     119.934998      -1.429270      26.003710       0.528900       0.637250      -0.390500      -0.246750      -0.323750       0.400000      -1.096000   26
     119.933434      -1.384080      26.003710       0.527000       0.529500      -0.146750      -0.382750       0.003750       0.629750      -1.091750   26
     119.931862      -1.338890      26.003710       0.490700       0.324500       0.262500      -0.587000       0.088500       0.556250      -1.019250   26
     119.930290      -1.293690      26.003710       0.483200       2.845000       5.195000      -8.040000       2.425000       5.047500      -9.000000   26
     119.928726      -1.248500      26.003710       0.603100       0.235500       0.771250      -1.006750       0.666500       0.623000      -0.858500   26
     119.927162      -1.203310      26.003710       0.584200       2.642500       7.292499      -9.934999       6.092500       7.612500      -7.857500   26
     119.925591      -1.158120      26.003710       0.491400       3.922500       4.597500      -8.520000       4.707500       6.485000      -7.785000   26
     119.924026      -1.112930      26.003710       0.505800       3.757500       3.814999      -7.572499       5.967500       6.187500      -8.047501   26
     119.922462      -1.067740      26.003710       0.532000       2.577500       4.017500      -6.595000       6.870000       5.477500      -9.027499   26
     119.920891      -1.022550      26.003710       0.516200       0.290500       0.228500      -0.519000       0.423250       0.281500      -1.144500   26
     119.919319      -0.977360      26.003710       0.617900       0.185250       0.321750      -0.507000       0.194000      -0.172500      -1.461250   26
     119.917763      -0.932170      26.003710       0.741500       0.307250      -0.051250      -0.256000       0.228000      -0.356000      -1.790250   26
     119.916191      -0.886980      26.003710       0.895000       0.471500      -0.468000      -0.003500      -0.152750      -0.736250      -2.092750   26
     119.914619      -0.841790      26.003710       1.014800       0.317750      -0.447750       0.130000      -0.525500      -0.970500      -2.304000   26
     119.913063      -0.796600      26.003710       1.071100      -0.033750      -0.012250       0.046000      -0.537000      -1.052250      -2.422500   26
     119.911491      -0.751410      26.003710       1.053200      -0.309250       0.356500      -0.047250      -0.649750      -0.730750      -2.423000   26
     119.909920      -0.706210      26.003710       0.995500      -0.515500       0.739250      -0.223750      -0.564000      -0.569250      -2.268250   26
     119.908363      -0.661020      26.003710       0.923700      -0.609000       0.922000      -0.313000      -0.340500      -0.077250      -2.190500   26
     119.906792      -0.615830      26.003710       0.854600      -0.316500       0.775750      -0.459250      -0.257000       0.283750      -2.015500   26
     119.905220      -0.570640      26.003710       0.920200      -0.045750       0.688250      -0.642500      -0.758500       0.528750      -2.025500   26
     119.903664      -0.525450      26.003710       1.005200      -0.108500       0.888750      -0.780250      -1.229250       0.342000      -2.048250   26
     119.902092      -0.480260      26.003710       1.049000       0.033500       0.778750      -0.812250      -1.353500       0.183500      -2.113250   26
     119.900528      -0.435070      26.003710       1.025600       0.426500       0.367750      -0.794250      -0.979000       0.338500      -2.242250   26
     119.898956      -0.389880      26.003710       1.100000       0.424500       0.300750      -0.725250      -0.932500       0.572500      -2.443500   26
     119.897392      -0.344690      26.003710       1.180800       0.033000       0.628000      -0.661000      -0.863500       0.339750      -2.732500   26
     119.895828      -0.299500      26.003710       1.265600      -0.358250       0.856750      -0.498500      -1.272000       0.167250      -2.828250   26
     119.894257      -0.254300      26.003710       1.306600      -0.324750       0.696500      -0.371750      -1.668500       0.002500      -2.758250   26
     119.892693      -0.209110      26.003710       1.272700      -0.017250       0.336750      -0.319500      -1.782250      -0.066000      -2.614750   26
     119.891121      -0.163920      26.003710       1.188800       0.294000      -0.011250      -0.282750      -1.678000      -0.011250      -2.438250   26
     119.889549      -0.118730      26.003710       1.059700       0.629250      -0.267000      -0.362250      -1.399750       0.058000      -2.193500   26
     119.887978      -0.073540      26.003710       0.916800       0.419000       0.258500      -0.677500      -1.310500      -0.424250      -1.773500   26
     119.886414      -0.028350      26.003710       0.628300       0.666500       0.354500      -1.021000      -0.556250      -0.559750      -1.216500   26
     119.884850       0.016840      26.003710       0.558100       0.977250       0.085000      -1.062250      -0.398500      -0.567000      -0.754500   26
     119.883278       0.062030      26.003710       0.593100       1.431750      -0.440750      -0.991000      -0.460000      -0.463000      -0.439500   26
     119.881706       0.107230      26.003710       0.529800       1.385250      -0.480750      -0.904500      -0.173000      -0.525750      -0.252750   26
     119.880142       0.152420      26.003710       0.365800       9.175000      -1.554999      -7.620000       0.740000      -3.537500      -0.435000   26
     119.878571       0.197610      26.003710       0.138000       2.297500       2.087500      -4.385000       0.040000      -0.837500       0.280000   26
     119.936150      -1.926930      21.335800       0.201500       1.552500      -0.290000      -1.262500      -2.545000      -4.115000       1.322500   26
     119.934578      -1.881740      21.335800       0.321700       1.195000       0.512500      -1.707500      -2.840000      -7.145000       1.995000   26
     119.933006      -1.836550      21.335800       0.374700       1.415000       0.315000      -1.730000      -2.357500      -8.687500       2.137500   26
     119.931450      -1.791360      21.335800       0.446000       0.077500       0.062000      -0.139500      -0.389250      -1.029500       0.137500   26
     119.929878      -1.746170      21.335800       0.450900       1.837500      -0.815000      -1.022500      -6.200000      -9.222500      -1.015000   26
     119.928307      -1.700980      21.335800       0.459900       3.072500      -2.685000      -0.387500      -8.355000      -6.645000      -3.747500   26
     119.926743      -1.655790      21.335800       0.534700       0.280000      -0.269750      -0.010250      -1.109750      -0.322000      -0.673750   26
     119.925179      -1.610590      21.335800       0.652300       0.382750      -0.430750       0.048000      -1.200250       0.086500      -1.025500   26
     119.923607      -1.565400      21.335800       0.791900       0.746500      -0.823250       0.076750      -1.081250       0.365500      -1.415750   26
     119.922043      -1.520210      21.335800       0.941600       1.154500      -1.208000       0.053500      -0.859250       0.499250      -1.805000   26
     119.920471      -1.475020      21.335800       1.023300       1.346250      -1.305000      -0.041250      -0.707000       0.443500      -2.102750   26
     119.918907      -1.429830      21.335800       0.957600       1.358750      -1.015500      -0.343250      -0.359250       0.308500      -2.169000   26
     119.917343      -1.384640      21.335800       0.859100       1.063500      -0.349250      -0.714250       0.117250       0.460250      -2.069000   26
     119.915771      -1.339450      21.335800       0.843700       0.941500       0.180750      -1.122250       0.547500       0.629750      -1.897750   26
     119.914200      -1.294260      21.335800       0.894100       0.709500       0.783250      -1.492750       0.742000       0.682750      -1.689000   26
     119.912643      -1.249070      21.335800       1.019000       0.604250       1.198250      -1.802500       1.107750       0.908000      -1.513000   26
     119.911072      -1.203880      21.335800       1.025000       0.495000       1.301250      -1.796250       1.142750       1.095250      -1.374000   26
     119.909500      -1.158690      21.335800       0.948300       0.473000       1.098250      -1.571250       1.039750       1.181000      -1.330750   26
     119.907944      -1.113500      21.335800       0.875600       0.220750       1.080000      -1.300750       0.816500       1.069500      -1.403500   26
     119.906372      -1.068310      21.335800       0.889900       0.065000       1.123750      -1.188750       0.597250       0.692000      -1.695000   26
     119.904800      -1.023120      21.335800       1.002600       0.019750       0.978000      -0.997750       0.224750       0.306000      -2.273000   26
     119.903236      -0.977920      21.335800       1.202800       0.181500       0.591250      -0.772750       0.154750      -0.075000      -2.923250   26
     119.901672      -0.932730      21.335800       1.443100       0.494750      -0.012250      -0.482500      -0.102500      -0.807000      -3.509250   26
     119.900101      -0.887540      21.335800       1.669600       0.216500      -0.108000      -0.108500      -0.517000      -1.310250      -3.947500   26
     119.898537      -0.842350      21.335800       1.939800       0.099000      -0.145500       0.046500      -0.897000      -1.827250      -4.439750   26
     119.896973      -0.797160      21.335800       2.022000      -0.010500       0.058250      -0.047750      -1.161500      -1.953250      -4.569750   26
     119.895401      -0.751970      21.335800       1.960900      -0.470500       0.676000      -0.205500      -1.344250      -1.656500      -4.393750   26
     119.893837      -0.706780      21.335800       1.863000      -0.780750       1.269250      -0.488500      -1.119250      -0.897250      -4.296500   26
     119.892273      -0.661590      21.335800       1.812500      -0.925750       1.698000      -0.772250      -0.862250      -0.516750      -4.207750   26
     119.890701      -0.616400      21.335800       1.742500      -1.097500       2.045250      -0.947750      -1.042500       0.263250      -3.971750   26
     119.889137      -0.571210      21.335800       1.756700      -1.008250       2.217250      -1.209000      -1.333000       0.636750      -3.843000   26
     119.887573      -0.526020      21.335800       1.834800      -0.847000       2.215500      -1.368500      -1.836250       0.638750      -3.859250   26
     119.886002      -0.480820      21.335800       1.886200      -0.385750       1.789750      -1.404000      -1.982500       0.715750      -3.994750   26
     119.884438      -0.435630      21.335800       1.930100      -0.010500       1.292250      -1.281750      -1.847500       0.899250      -4.223500   26
     119.882874      -0.390440      21.335800       2.034000      -0.147250       1.328000      -1.180750      -1.884000       0.963000      -4.513250   26
     119.881310      -0.345250      21.335800       2.218400      -0.338500       1.529500      -1.191000      -2.092250       0.449750      -4.967250   26
     119.879738      -0.300060      21.335800       2.446900      -0.739000       1.788000      -1.049000      -2.776250       0.178500      -5.285501   26
     119.878166      -0.254870      21.335800       2.557600      -0.733250       1.608500      -0.875250      -3.277250      -0.232250      -5.327500   26
     119.876602      -0.209680      21.335800       2.480000      -0.365000       1.072250      -0.707250      -3.383000      -0.503250      -5.084250   26
     119.875038      -0.164490      21.335800       2.179000       0.227500       0.385000      -0.612500      -2.763250      -0.320500      -4.659750   26
     119.873466      -0.119300      21.335800       1.902500       0.662500       0.100750      -0.763250      -2.341250      -0.303250      -4.095749   26
     119.871902      -0.074100      21.335800       1.597700       0.705750       0.587250      -1.293000      -2.017500      -0.677000      -3.254750   26
     119.870331      -0.028910      21.335800       1.129500       0.963750       0.795750      -1.759500      -1.083750      -0.567000      -2.170750   26
     119.868759       0.016280      21.335800       0.891900       1.551750       0.363500      -1.915250      -0.589000      -0.453250      -1.368750   26
     119.867188       0.061470      21.335800       0.957200       2.117750      -0.284750      -1.833000      -0.634750      -0.642250      -0.983250   26
     119.865623       0.106660      21.335800       0.864300       2.084750      -0.379000      -1.705750      -0.438000      -0.640000      -0.619500   26
     119.864052       0.151850      21.335800       0.635800       1.664500      -0.434500      -1.230000      -0.037250      -0.575000      -0.247750   26
     119.862480       0.197040      21.335800       0.301800       6.440001       0.799999      -7.240000       0.567500      -3.112500      -0.252500   26
     119.920059      -1.927490      16.667900       0.107500       0.152500       0.757500      -0.910000       1.087500      -2.365000       0.385000   26
     119.918488      -1.882300      16.667900       0.247000      -3.057500       4.450000      -1.392500       2.377500      -4.387500       0.685000   26
     119.916924      -1.837110      16.667900       0.383500      -4.875000       6.375000      -1.500000       4.585000      -6.467500       0.712500   26
     119.915352      -1.791920      16.667900       0.382600      -3.552500       4.610000      -1.057500       2.260000      -8.727500      -0.882500   26
     119.913788      -1.746730      16.667900       0.377900      -1.997500       2.867500      -0.870000      -1.782500      -8.447500      -4.055000   26
     119.912216      -1.701540      16.667900       0.469300      -0.780000       1.262500      -0.482500      -6.547500      -7.240000      -8.277500   26
     119.910652      -1.656350      16.667900       0.667500       0.049500      -0.065750       0.016250      -1.097000      -0.481500      -1.242000   26
     119.909081      -1.611160      16.667900       0.848800       0.352500      -0.368500       0.016000      -1.301500      -0.241500      -1.666500   26
     119.907516      -1.565970      16.667900       1.022000       0.798000      -0.881000       0.083000      -1.303500      -0.071250      -2.102750   26
     119.905952      -1.520780      16.667900       1.202500       1.275750      -1.441250       0.165500      -1.145000       0.074250      -2.557500   26
     119.904381      -1.475590      16.667900       1.302400       1.615500      -1.711000       0.095500      -0.817750       0.059500      -2.926000   26
     119.902809      -1.430400      16.667900       1.279800       1.671750      -1.442250      -0.229500      -0.603000      -0.110000      -3.049750   26
     119.901253      -1.385210      16.667900       1.150100       1.522000      -0.797750      -0.724250      -0.200000      -0.148000      -2.868250   26
     119.899681      -1.340020      16.667900       1.061200       1.240500       0.028000      -1.268500       0.257750       0.244250      -2.556500   26
     119.898109      -1.294830      16.667900       1.094000       0.969000       0.826750      -1.795750       0.611500       0.615750      -2.279500   26
     119.896553      -1.249630      16.667900       1.210200       0.681750       1.517750      -2.199500       0.995750       0.925000      -2.021750   26
     119.894981      -1.204440      16.667900       1.297100       0.399750       1.934750      -2.334500       1.222000       1.150250      -1.846000   26
     119.893410      -1.159250      16.667900       1.289700       0.029750       2.053750      -2.083500       1.192000       1.458000      -1.727000   26
     119.891853      -1.114060      16.667900       1.226400      -0.002000       1.809250      -1.807250       0.935000       1.431250      -1.915000   26
     119.890282      -1.068870      16.667900       1.255600      -0.089750       1.773750      -1.684000       0.491500       0.864750      -2.430250   26
     119.888710      -1.023680      16.667900       1.433200       0.036500       1.463250      -1.499750       0.271000       0.513500      -3.212000   26
     119.887154      -0.978490      16.667900       1.672300       0.385750       0.709750      -1.095500       0.263250       0.029500      -4.073250   26
     119.885582      -0.933300      16.667900       2.021200       0.271000       0.436500      -0.707500      -0.318500      -1.067500      -4.902500   26
     119.884010      -0.888110      16.667900       2.395200       0.020000       0.372750      -0.392750      -0.960750      -1.985250      -5.581750   26
     119.882446      -0.842920      16.667900       2.674500      -0.301250       0.533750      -0.232500      -1.317500      -2.363750      -6.123250   26
     119.880882      -0.797730      16.667900       2.775800      -0.534000       0.771250      -0.237250      -1.669250      -2.515750      -6.244000   26
     119.879311      -0.752540      16.667900       2.761500      -0.869250       1.304000      -0.434750      -1.732000      -2.296250      -6.181500   26
     119.877747      -0.707340      16.667900       2.636300      -1.256000       1.982750      -0.726750      -1.584500      -1.392000      -6.009250   26
     119.876183      -0.662150      16.667900       2.541200      -1.527500       2.603000      -1.075500      -1.582250      -0.488750      -5.796500   26
     119.874619      -0.616960      16.667900       2.529600      -1.818500       3.242750      -1.424250      -1.973750       0.102000      -5.540250   26
     119.873047      -0.571770      16.667900       2.504200      -2.109500       3.903250      -1.793750      -1.907750       0.592000      -5.305000   26
     119.871483      -0.526580      16.667900       2.513400      -1.907000       3.779250      -1.872250      -2.012250       1.033000      -5.302750   26
     119.869919      -0.481390      16.667900       2.568700      -1.459500       3.248250      -1.788750      -2.224250       1.424250      -5.483750   26
     119.868347      -0.436200      16.667900       2.645100      -1.022250       2.605250      -1.583000      -2.501000       1.348500      -5.766750   26
     119.866791      -0.391010      16.667900       2.807300      -1.011000       2.397750      -1.386750      -2.929000       0.940750      -6.144751   26
     119.865219      -0.345820      16.667900       3.094900      -0.982750       2.371500      -1.388750      -3.381000       0.324000      -6.735750   26
     119.863647      -0.300630      16.667900       3.444200      -1.088750       2.413250      -1.324500      -4.313500      -0.219000      -7.196999   26
     119.862091      -0.255430      16.667900       3.577900      -1.139750       2.284250      -1.144500      -4.706749      -0.678750      -7.327000   26
     119.860519      -0.210240      16.667900       3.394100      -0.990250       1.928250      -0.938000      -4.419750      -0.837250      -7.000750   26
     119.858948      -0.165050      16.667900       2.987700      -0.448250       1.378750      -0.930500      -3.860500      -0.675500      -6.240750   26
     119.857384      -0.119860      16.667900       2.540400       0.304500       0.996750      -1.301250      -3.192750      -0.721250      -5.332251   26
     119.855812      -0.074670      16.667900       2.006400       0.454500       1.442250      -1.896750      -2.365500      -0.739000      -4.034250   26
     119.854240      -0.029480      16.667900       1.457200       1.033000       1.268750      -2.301750      -1.354250      -0.439750      -2.778750   26
     119.852669       0.015710      16.667900       1.201800       1.717750       0.844250      -2.562000      -0.906250      -0.440000      -1.975250   26
     119.851097       0.060900      16.667900       1.098900       2.131500       0.448000      -2.579500      -0.480500      -0.342000      -1.487750   26
     119.849533       0.106090      16.667900       1.034500       2.249000      -0.028000      -2.221000      -0.652500      -0.527500      -1.027750   26
     119.847961       0.151280      16.667900       0.843100       2.031250      -0.311250      -1.720000      -0.456250      -0.627750      -0.519250   26
     119.846390       0.196470      16.667900       0.450900       1.000250      -0.087000      -0.913250      -0.215750      -0.526750      -0.169000   26
     119.903961      -1.928060      12.000000       0.162200      -2.592500       2.815000      -0.222500       2.807500       0.955000      -0.565000   26
     119.902397      -1.882870      12.000000       0.377900      -6.825000       7.450000      -0.625000       6.147500       0.415000      -0.565000   26
     119.900833      -1.837680      12.000000       0.568400      -1.010500       1.105000      -0.094500       0.932000      -0.117000      -0.143500   26
     119.899261      -1.792490      12.000000       0.566500      -0.942250       1.011750      -0.069500       0.889500      -0.374750      -0.374000   26
     119.897690      -1.747300      12.000000       0.486400      -6.860000       7.507500      -0.647500       3.750000      -5.950000      -7.405000   26
     119.896133      -1.702110      12.000000       0.581900      -0.301750       0.383750      -0.082000      -0.363500      -0.690500      -1.184500   26
     119.894562      -1.656920      12.000000       0.785400       0.133750      -0.046250      -0.087500      -0.916500      -0.684500      -1.684750   26
     119.892990      -1.611730      12.000000       1.027400       0.427000      -0.403750      -0.023250      -1.339000      -0.651000      -2.188500   26
     119.891418      -1.566530      12.000000       1.232900       0.690750      -0.793500       0.102750      -1.519250      -0.624750      -2.668750   26
     119.889862      -1.521340      12.000000       1.398400       1.207000      -1.400250       0.193250      -1.334250      -0.440500      -3.150250   26
     119.888290      -1.476150      12.000000       1.532100       1.565250      -1.704250       0.139000      -1.143000      -0.408500      -3.548750   26
     119.886719      -1.430960      12.000000       1.540100       1.678000      -1.549500      -0.128500      -0.980250      -0.532500      -3.668250   26
     119.885162      -1.385770      12.000000       1.401500       1.675500      -1.021250      -0.654250      -0.576500      -0.625500      -3.437500   26
     119.883591      -1.340580      12.000000       1.227000       1.533750      -0.253750      -1.280000      -0.145000      -0.266500      -3.013250   26
     119.882019      -1.295390      12.000000       1.186800       1.231750       0.666250      -1.898000       0.293000       0.379500      -2.648500   26
     119.880463      -1.250200      12.000000       1.297800       0.673250       1.703500      -2.376750       0.637750       0.890500      -2.334750   26
     119.878891      -1.205010      12.000000       1.434200       0.227750       2.342000      -2.569750       1.119750       1.349250      -2.032000   26
     119.877319      -1.159820      12.000000       1.509100      -0.194000       2.655500      -2.461500       1.116250       1.663250      -1.999750   26
     119.875763      -1.114630      12.000000       1.535200      -0.480750       2.789250      -2.308500       0.670750       1.490000      -2.334500   26
     119.874191      -1.069440      12.000000       1.613600      -0.529500       2.638000      -2.108500       0.321750       1.042750      -3.044250   26
     119.872620      -1.024250      12.000000       1.770800      -0.199000       2.019500      -1.820500       0.105000       0.451750      -3.960500   26
     119.871063      -0.979050      12.000000       2.072500       0.012000       1.265250      -1.277250      -0.107000      -0.224750      -5.016750   26
     119.869492      -0.933860      12.000000       2.504100      -0.280000       1.154500      -0.874500      -0.618500      -1.133000      -6.036251   26
     119.867928      -0.888670      12.000000       2.949400      -0.725750       1.353750      -0.628000      -1.129500      -2.266000      -6.825749   26
     119.866364      -0.843480      12.000000       3.207000      -1.075000       1.534250      -0.459250      -1.594500      -2.700750      -7.254500   26
     119.864792      -0.798290      12.000000       3.374500      -1.252500       1.724750      -0.472250      -1.895750      -2.958750      -7.519249   26
     119.863228      -0.753100      12.000000       3.339700      -1.390500       2.010750      -0.620250      -1.840500      -2.605250      -7.507000   26
     119.861656      -0.707910      12.000000       3.201800      -1.728500       2.603500      -0.875000      -2.031750      -1.689750      -7.219750   26
     119.860092      -0.662720      12.000000       3.139600      -2.272000       3.553250      -1.281250      -2.241250      -0.739500      -6.958251   26
     119.858528      -0.617530      12.000000       3.156100      -2.730750       4.617500      -1.886750      -2.395250      -0.098750      -6.725999   26
     119.856956      -0.572340      12.000000       3.068400      -2.951000       5.191500      -2.240500      -2.170000       0.600750      -6.422000   26
     119.855400      -0.527150      12.000000       3.045800      -2.941000       5.166250      -2.225250      -2.127500       1.371000      -6.354750   26
     119.853828      -0.481950      12.000000       3.067500      -2.472250       4.450500      -1.978250      -2.394000       1.889750      -6.507250   26
     119.852257      -0.436760      12.000000       3.150700      -2.141000       3.904250      -1.763250      -3.002750       1.602250      -6.797500   26
     119.850700      -0.391570      12.000000       3.392800      -1.819750       3.363000      -1.543250      -3.697500       0.962000      -7.321000   26
     119.849129      -0.346380      12.000000       3.687900      -1.915750       3.302750      -1.387000      -4.187000       0.397750      -7.903250   26
     119.847572      -0.301190      12.000000       4.124300      -2.405000       3.753750      -1.348750      -4.954000      -0.513250      -8.528749   26
     119.846001      -0.256000      12.000000       4.247100      -2.368750       3.576000      -1.207250      -5.251750      -1.008500      -8.669000   26
     119.844429      -0.210810      12.000000       4.024700      -1.884000       3.026000      -1.142000      -5.098250      -1.172250      -8.193749   26
     119.842873      -0.165620      12.000000       3.515400      -1.135750       2.385250      -1.249500      -4.474500      -1.000000      -7.211250   26
     119.841301      -0.120430      12.000000       2.886100      -0.479500       2.196000      -1.716500      -3.518250      -0.747750      -5.927750   26
     119.839737      -0.075240      12.000000       2.289700      -0.002250       2.267000      -2.264750      -2.586750      -0.628250      -4.532750   26
     119.838173      -0.030050      12.000000       1.797800       0.673750       1.967250      -2.641000      -1.800750      -0.519000      -3.346250   26
     119.836601       0.015150      12.000000       1.472900       1.223000       1.807250      -3.030250      -1.079000      -0.321000      -2.441500   26
     119.835037       0.060340      12.000000       1.266000       1.623750       1.370250      -2.994000      -0.782500      -0.200250      -1.918250   26
     119.833473       0.105530      12.000000       1.119600       1.975750       0.693250      -2.669000      -0.723000      -0.381750      -1.452500   26
     119.831909       0.150720      12.000000       0.915700       1.993500      -0.007500      -1.986000      -0.534250      -0.444500      -0.931000   26
     119.830338       0.195910      12.000000       0.531900       1.237000      -0.131500      -1.105500      -0.304500      -0.372750      -0.389750   26
     119.887871      -1.928620       7.332100       0.299100      -6.100000       5.680000       0.420000       2.487500       4.405000      -0.675000   26
     119.886299      -1.883430       7.332100       0.529700      -0.998750       1.044250      -0.045500       0.615000       0.590500      -0.130250   26
     119.884743      -1.838240       7.332100       0.638100      -1.167500       1.252250      -0.084750       0.914250       0.427250      -0.244250   26
     119.883171      -1.793050       7.332100       0.658400      -1.203500       1.280500      -0.077000       0.955000       0.090250      -0.508250   26
     119.881599      -1.747860       7.332100       0.576900      -0.993750       1.050000      -0.056250       0.578250      -0.234750      -0.951750   26
     119.880028      -1.702670       7.332100       0.656500      -0.489500       0.571500      -0.082000      -0.160250      -0.553000      -1.455000   26
     119.878471      -1.657480       7.332100       0.922900       0.018500       0.091250      -0.109750      -0.952000      -0.796500      -2.007750   26
     119.876900      -1.612290       7.332100       1.185700       0.389750      -0.370750      -0.019000      -1.522750      -0.946000      -2.517750   26
     119.875328      -1.567100       7.332100       1.396900       0.796000      -0.878250       0.082250      -1.686000      -0.966500      -3.042500   26
     119.873772      -1.521910       7.332100       1.569300       1.247750      -1.440250       0.192500      -1.668000      -0.913750      -3.498750   26
     119.872200      -1.476720       7.332100       1.702900       1.344750      -1.519500       0.174750      -1.675250      -0.872750      -3.857500   26
     119.870628      -1.431530       7.332100       1.714300       1.292500      -1.224000      -0.068500      -1.510750      -0.971250      -3.980250   26
     119.869072      -1.386340       7.332100       1.587400       1.248000      -0.713000      -0.535000      -1.040000      -0.922500      -3.805500   26
     119.867500      -1.341150       7.332100       1.397300       1.229250      -0.077500      -1.151750      -0.558500      -0.631000      -3.385250   26
     119.865929      -1.295960       7.332100       1.277200       0.956000       0.873000      -1.829000      -0.203500      -0.027750      -2.883250   26
     119.864372      -1.250760       7.332100       1.331300       0.587750       1.818250      -2.406000       0.219750       0.745750      -2.478250   26
     119.862801      -1.205570       7.332100       1.520600       0.010000       2.725250      -2.735250       0.744250       1.378000      -2.189250   26
     119.861229      -1.160380       7.332100       1.716700      -0.652250       3.468250      -2.816000       0.769750       1.557250      -2.285500   26
     119.859673      -1.115190       7.332100       1.816300      -0.943000       3.669250      -2.726250       0.514750       1.479500      -2.704500   26
     119.858101      -1.070000       7.332100       1.901400      -0.798250       3.302000      -2.503750       0.310250       1.222000      -3.496000   26
     119.856537      -1.024810       7.332100       2.022300      -0.305250       2.361500      -2.056250       0.245000       0.470500      -4.514000   26
     119.854973      -0.979620       7.332100       2.330100      -0.033000       1.580000      -1.547000      -0.114500      -0.438250      -5.593250   26
     119.853401      -0.934430       7.332100       2.772100      -0.354500       1.461500      -1.107000      -0.651000      -1.382750      -6.629251   26
     119.851837      -0.889240       7.332100       3.247900      -1.218250       2.043250      -0.825000      -1.203500      -2.220000      -7.514501   26
     119.850273      -0.844050       7.332100       3.597900      -1.617500       2.292250      -0.674750      -1.829750      -2.964750      -8.037750   26
     119.848701      -0.798860       7.332100       3.758100      -1.707250       2.372250      -0.665000      -2.227750      -3.116250      -8.314000   26
     119.847137      -0.753670       7.332100       3.719500      -1.830250       2.606750      -0.776500      -2.251000      -2.737250      -8.279250   26
     119.845612      -0.708470       7.332100       3.619800      -2.219750       3.266000      -1.046250      -2.403000      -1.970000      -8.025749   26
     119.844040      -0.663280       7.332100       3.572200      -2.837750       4.378500      -1.540750      -2.699250      -0.959750      -7.725000   26
     119.842468      -0.618090       7.332100       3.524700      -3.533500       5.613000      -2.079500      -2.543750      -0.043500      -7.433501   26
     119.840897      -0.572900       7.332100       3.478500      -3.952750       6.402750      -2.450000      -2.461500       0.778000      -7.161999   26
     119.839333      -0.527710       7.332100       3.418600      -3.748750       6.178000      -2.429250      -2.449000       1.639000      -7.021000   26
     119.837761      -0.482520       7.332100       3.408700      -3.513000       5.678000      -2.165000      -2.689750       1.961750      -7.099250   26
     119.836189      -0.437330       7.332100       3.512500      -3.381250       5.236250      -1.855000      -3.357000       1.660250      -7.465501   26
     119.834618      -0.392140       7.332100       3.765400      -2.939500       4.485250      -1.545750      -4.062750       1.031500      -8.036751   26
     119.833054      -0.346950       7.332100       4.127800      -2.702750       4.050000      -1.347250      -4.861250       0.094750      -8.634251   26
     119.831482      -0.301760       7.332100       4.461700      -3.015000       4.295000      -1.280000      -5.215000      -0.750500      -9.204750   26
     119.829910      -0.256570       7.332100       4.514100      -2.900750       4.120000      -1.219250      -5.172749      -1.172250      -9.344750   26
     119.828346      -0.211370       7.332100       4.330100      -2.549750       3.782250      -1.232500      -5.206000      -1.349500      -8.820499   26
     119.826782      -0.166180       7.332100       3.784800      -1.736250       3.210250      -1.474000      -4.769001      -1.142750      -7.617250   26
     119.825218      -0.120990       7.332100       3.060100      -1.014750       2.937000      -1.922250      -3.670750      -0.705500      -6.178750   26
     119.823647      -0.075800       7.332100       2.515100      -0.463000       2.877750      -2.414750      -2.943750      -0.715750      -4.824749   26
     119.822083      -0.030610       7.332100       1.999500       0.371250       2.558250      -2.929500      -1.903000      -0.619500      -3.661500   26
     119.820518       0.014580       7.332100       1.670400       0.802000       2.394750      -3.196750      -1.286750      -0.303750      -2.758500   26
     119.818947       0.059770       7.332100       1.441200       1.178250       2.039999      -3.218250      -0.935250      -0.240750      -2.170250   26
     119.817390       0.104960       7.332100       1.189400       1.501750       1.401750      -2.903500      -0.747250      -0.398250      -1.682500   26
     119.815819       0.150150       7.332100       0.935200       1.623000       0.566000      -2.189000      -0.649000      -0.426500      -1.213250   26
     119.814247       0.195340       7.332100       0.521600       1.116000       0.020250      -1.136250      -0.224250      -0.165750      -0.644750   26
     119.871780      -1.929190       2.664200       0.322100      -6.454999       6.182499       0.272500       2.082500       5.210000      -0.617500   26
     119.870209      -1.884000       2.664200       0.541600      -1.063750       1.077000      -0.013250       0.460500       0.745000      -0.141500   26
     119.868637      -1.838810       2.664200       0.630200      -1.229750       1.287000      -0.057250       0.693000       0.599250      -0.292250   26
     119.867081      -1.793620       2.664200       0.649800      -1.248250       1.322250      -0.074000       0.764500       0.267250      -0.578000   26
     119.865509      -1.748430       2.664200       0.610600      -1.063500       1.131500      -0.068000       0.567000      -0.065000      -1.019500   26
     119.863937      -1.703240       2.664200       0.673600      -0.625500       0.698000      -0.072500      -0.045250      -0.413500      -1.549250   26
     119.862373      -1.658050       2.664200       0.958200      -0.093250       0.161250      -0.068000      -0.869500      -0.763250      -2.125500   26
     119.860809      -1.612860       2.664200       1.245100       0.415000      -0.421750       0.006750      -1.507500      -1.046250      -2.680500   26
     119.859238      -1.567660       2.664200       1.481700       0.852500      -0.962500       0.110000      -1.824500      -1.155500      -3.200250   26
     119.857681      -1.522470       2.664200       1.659500       1.200000      -1.400500       0.200500      -1.912000      -1.187750      -3.637750   26
     119.856110      -1.477280       2.664200       1.783200       1.308250      -1.489750       0.181500      -1.969250      -1.195750      -3.953000   26
     119.854538      -1.432090       2.664200       1.794600       1.229750      -1.194750      -0.035000      -1.838500      -1.235750      -4.061250   26
     119.852982      -1.386900       2.664200       1.671000       1.141750      -0.673250      -0.468500      -1.410250      -1.135750      -3.903500   26
     119.851410      -1.341710       2.664200       1.477300       1.080000       0.000000      -1.080000      -0.909000      -0.846250      -3.506500   26
     119.849838      -1.296520       2.664200       1.325000       0.887750       0.879500      -1.767250      -0.440750      -0.235250      -2.997750   26
     119.848282      -1.251330       2.664200       1.346400       0.547250       1.845750      -2.393000       0.017000       0.578500      -2.557750   26
     119.846710      -1.206140       2.664200       1.565700      -0.069750       2.908000      -2.838250       0.422250       1.299750      -2.304500   26
     119.845207      -1.160950       2.664200       1.822100      -0.674250       3.728750      -3.054500       0.565750       1.660000      -2.416500   26
     119.843643      -1.115760       2.664200       1.957400      -0.986000       4.006000      -3.020000       0.445250       1.523500      -2.904000   26
     119.842072      -1.070570       2.664200       2.047200      -0.915000       3.653250      -2.738250       0.327750       1.193250      -3.747250   26
     119.840500      -1.025380       2.664200       2.177800      -0.530500       2.765500      -2.235000       0.262000       0.430500      -4.805750   26
     119.838928      -0.980190       2.664200       2.488500      -0.331500       2.008250      -1.676750      -0.115000      -0.573500      -5.911500   26
     119.837357      -0.934990       2.664200       2.937700      -0.666750       1.848250      -1.181500      -0.723750      -1.586250      -6.951250   26
     119.835793      -0.889800       2.664200       3.393000      -1.347000       2.186500      -0.839500      -1.369500      -2.317000      -7.820001   26
     119.834221      -0.844610       2.664200       3.756500      -1.802750       2.473750      -0.671000      -1.954250      -3.020500      -8.388000   26
     119.832657      -0.799420       2.664200       3.921000      -1.986500       2.661000      -0.674500      -2.314500      -3.169500      -8.657000   26
     119.831093      -0.754230       2.664200       3.909200      -2.172250       3.029500      -0.857250      -2.425750      -2.780500      -8.641000   26
     119.829521      -0.709040       2.664200       3.806500      -2.556750       3.755000      -1.198250      -2.462750      -1.929250      -8.412251   26
     119.827950      -0.663850       2.664200       3.743300      -3.180000       4.864000      -1.684000      -2.682750      -0.911000      -8.086250   26
     119.826378      -0.618660       2.664200       3.694800      -3.839500       6.018000      -2.178500      -2.684250       0.026500      -7.757500   26
     119.824806      -0.573470       2.664200       3.644800      -4.253750       6.767750      -2.514000      -2.650750       0.817750      -7.476750   26
     119.823242      -0.528280       2.664200       3.591100      -4.233250       6.759250      -2.526000      -2.614000       1.596000      -7.325501   26
     119.821671      -0.483090       2.664200       3.581000      -3.978750       6.247501      -2.268750      -2.855500       1.952000      -7.409500   26
     119.820099      -0.437900       2.664200       3.669100      -3.708750       5.616250      -1.907500      -3.547250       1.664500      -7.761750   26
     119.818527      -0.392700       2.664200       3.939600      -3.323500       4.907000      -1.583500      -4.286500       0.974000      -8.331000   26
     119.816963      -0.347510       2.664200       4.259000      -3.112250       4.480249      -1.368000      -4.918750       0.108750      -8.891750   26
     119.815399      -0.302320       2.664200       4.515000      -3.097500       4.348000      -1.250500      -5.289750      -0.698000      -9.318501   26
     119.813828      -0.257130       2.664200       4.539000      -2.990500       4.217750      -1.227250      -5.282500      -1.155000      -9.331000   26
     119.812263      -0.211940       2.664200       4.320800      -2.582250       3.897500      -1.315250      -5.149500      -1.320250      -8.800500   26
     119.810692      -0.166750       2.664200       3.839600      -2.047500       3.631750      -1.584250      -4.722000      -1.192750      -7.680250   26
     119.809128      -0.121560       2.664200       3.183900      -1.341250       3.330250      -1.989000      -3.865250      -0.863250      -6.298250   26
     119.807564      -0.076370       2.664200       2.580300      -0.602250       3.085250      -2.483000      -3.038500      -0.705500      -4.901249   26
     119.806000      -0.031180       2.664200       2.102200       0.159000       2.812250      -2.971250      -2.189250      -0.637250      -3.747000   26
     119.804428       0.014020       2.664200       1.759800       0.728750       2.529000      -3.257750      -1.491250      -0.420750      -2.888750   26
     119.802856       0.059210       2.664200       1.505100       1.181000       2.105000      -3.286000      -1.045750      -0.339500      -2.292000   26
     119.801300       0.104400       2.664200       1.235900       1.388000       1.573000      -2.961000      -0.740000      -0.366250      -1.807500   26
     119.799728       0.149590       2.664200       0.907400       1.293500       0.925500      -2.219000      -0.547250      -0.379250      -1.315500   26
     119.798172       0.194780       2.664200       0.462300       0.793750       0.362500      -1.156250      -0.170250      -0.190250      -0.701250   26
