      xloc      yloc          depth         ave SR         max SR         #     start       end     max SR all       str       dip      rake flag
   -185.00    -15.00      26.003710       0.000000       0.000000        16      15.0      16.0       0.450748   180.000    45.000    90.000    0     119.952240      -1.926360
   -185.00    -10.00      21.335800       0.000000       0.000000        16      15.0      16.0       0.450748   180.000    45.000    90.000    0     119.936150      -1.926930
   -185.00     -5.00      16.667900       0.000000       0.000000        16      15.0      16.0       0.450748   180.000    45.000    90.000    0     119.920059      -1.927490
   -185.00      0.00      12.000000       0.000000       0.000000        16      15.0      16.0       0.450748   180.000    45.000    90.000    0     119.903961      -1.928060
   -185.00      5.00       7.332100       0.000000       0.000000        16      15.0      16.0       0.450748   180.000    45.000    90.000    0     119.887871      -1.928620
   -185.00     10.00       2.664200       0.000000       0.000000        16      15.0      16.0       0.450748   180.000    45.000    90.000    0     119.871780      -1.929190
   -180.00    -15.00      26.003710       0.000000       0.000000        16      15.0      16.0       0.450748   180.000    45.000    90.000    0     119.950684      -1.881170
   -180.00    -10.00      21.335800       0.000000       0.000000        16      15.0      16.0       0.450748   180.000    45.000    90.000    0     119.934578      -1.881740
   -180.00     -5.00      16.667900       0.000000       0.000000        16      15.0      16.0       0.450748   180.000    45.000    90.000    0     119.918488      -1.882300
   -180.00      0.00      12.000000       0.000000       0.000000        16      15.0      16.0       0.450748   180.000    45.000    90.000    0     119.902397      -1.882870
   -180.00      5.00       7.332100       0.000000       0.000000        16      15.0      16.0       0.450748   180.000    45.000    90.000    0     119.886299      -1.883430
   -180.00     10.00       2.664200       0.000000       0.000000        16      15.0      16.0       0.450748   180.000    45.000    90.000    0     119.870209      -1.884000
   -175.00    -15.00      26.003710       0.000000       0.000000        16      15.0      16.0       0.450748   180.000    45.000    90.000    0     119.949112      -1.835980
   -175.00    -10.00      21.335800       0.000000       0.000000        16      15.0      16.0       0.450748   180.000    45.000    90.000    0     119.933006      -1.836550
   -175.00     -5.00      16.667900       0.000000       0.000000        16      15.0      16.0       0.450748   180.000    45.000    90.000    0     119.916924      -1.837110
   -175.00      0.00      12.000000       0.000000       0.000000        16      15.0      16.0       0.450748   180.000    45.000    90.000    0     119.900833      -1.837680
   -175.00      5.00       7.332100       0.000000       0.000000        16      15.0      16.0       0.450748   180.000    45.000    90.000    0     119.884743      -1.838240
   -175.00     10.00       2.664200       0.000000       0.000000        16      15.0      16.0       0.450748   180.000    45.000    90.000    0     119.868637      -1.838810
   -170.00    -15.00      26.003710       0.000000       0.000000        16      15.0      16.0       0.450748   180.000    45.000    90.000    0     119.947540      -1.790790
   -170.00    -10.00      21.335800       0.000000       0.000000        16      15.0      16.0       0.450748   180.000    45.000    90.000    0     119.931450      -1.791360
   -170.00     -5.00      16.667900       0.000000       0.000000        16      15.0      16.0       0.450748   180.000    45.000    90.000    0     119.915352      -1.791920
   -170.00      0.00      12.000000       0.000000       0.000000        16      15.0      16.0       0.450748   180.000    45.000    90.000    0     119.899261      -1.792490
   -170.00      5.00       7.332100       0.000000       0.000000        16      15.0      16.0       0.450748   180.000    45.000    90.000    0     119.883171      -1.793050
   -170.00     10.00       2.664200       0.000000       0.000000        16      15.0      16.0       0.450748   180.000    45.000    90.000    0     119.867081      -1.793620
   -165.00    -15.00      26.003710       0.000000       0.000000        16      15.0      16.0       0.450748   180.000    45.000    90.000    0     119.945969      -1.745600
   -165.00    -10.00      21.335800       0.000000       0.000000        16      15.0      16.0       0.450748   180.000    45.000    90.000    0     119.929878      -1.746170
   -165.00     -5.00      16.667900       0.000000       0.000000        16      15.0      16.0       0.450748   180.000    45.000    90.000    0     119.913788      -1.746730
   -165.00      0.00      12.000000       0.000000       0.000000        16      15.0      16.0       0.450748   180.000    45.000    90.000    0     119.897690      -1.747300
   -165.00      5.00       7.332100       0.000000       0.000000        16      15.0      16.0       0.450748   180.000    45.000    90.000    0     119.881599      -1.747860
   -165.00     10.00       2.664200       0.000000       0.000000        16      15.0      16.0       0.450748   180.000    45.000    90.000    0     119.865509      -1.748430
   -160.00    -15.00      26.003710       0.000000       0.000000        16      15.0      16.0       0.450748   180.000    45.000    90.000    0     119.944397      -1.700410
   -160.00    -10.00      21.335800       0.000000       0.000000        16      15.0      16.0       0.450748   180.000    45.000    90.000    0     119.928307      -1.700980
   -160.00     -5.00      16.667900       0.000000       0.000000        16      15.0      16.0       0.450748   180.000    45.000    90.000    0     119.912216      -1.701540
   -160.00      0.00      12.000000       0.000000       0.000000        16      15.0      16.0       0.450748   180.000    45.000    90.000    0     119.896133      -1.702110
   -160.00      5.00       7.332100       0.000000       0.000000        16      15.0      16.0       0.450748   180.000    45.000    90.000    0     119.880028      -1.702670
   -160.00     10.00       2.664200       0.000000       0.000000        16      15.0      16.0       0.450748   180.000    45.000    90.000    0     119.863937      -1.703240
   -155.00    -15.00      26.003710       0.000000       0.000000        16      15.0      16.0       0.450748   180.000    45.000    90.000    0     119.942841      -1.655220
   -155.00    -10.00      21.335800       0.000000       0.000000        16      15.0      16.0       0.450748   180.000    45.000    90.000    0     119.926743      -1.655790
   -155.00     -5.00      16.667900       0.000000       0.000000        16      15.0      16.0       0.450748   180.000    45.000    90.000    0     119.910652      -1.656350
   -155.00      0.00      12.000000       0.000000       0.000000        16      15.0      16.0       0.450748   180.000    45.000    90.000    0     119.894562      -1.656920
   -155.00      5.00       7.332100       0.000000       0.000000        16      15.0      16.0       0.450748   180.000    45.000    90.000    0     119.878471      -1.657480
   -155.00     10.00       2.664200       0.000000       0.000000        16      15.0      16.0       0.450748   180.000    45.000    90.000    0     119.862373      -1.658050
   -150.00    -15.00      26.003710       0.000000       0.000000        16      15.0      16.0       0.450748   180.000    45.000    90.000    0     119.941269      -1.610030
   -150.00    -10.00      21.335800       0.000000       0.000000        16      15.0      16.0       0.450748   180.000    45.000    90.000    0     119.925179      -1.610590
   -150.00     -5.00      16.667900       0.000000       0.000000        16      15.0      16.0       0.450748   180.000    45.000    90.000    0     119.909081      -1.611160
   -150.00      0.00      12.000000       0.000000       0.000000        16      15.0      16.0       0.450748   180.000    45.000    90.000    0     119.892990      -1.611730
   -150.00      5.00       7.332100       0.000000       0.000000        16      15.0      16.0       0.450748   180.000    45.000    90.000    0     119.876900      -1.612290
   -150.00     10.00       2.664200       0.000000       0.000000        16      15.0      16.0       0.450748   180.000    45.000    90.000    0     119.860809      -1.612860
   -145.00    -15.00      26.003710       0.000000       0.000000        16      15.0      16.0       0.450748   180.000    45.000    90.000    0     119.939697      -1.564840
   -145.00    -10.00      21.335800       0.000000       0.000000        16      15.0      16.0       0.450748   180.000    45.000    90.000    0     119.923607      -1.565400
   -145.00     -5.00      16.667900       0.000000       0.000000        16      15.0      16.0       0.450748   180.000    45.000    90.000    0     119.907516      -1.565970
   -145.00      0.00      12.000000       0.000000       0.000000        16      15.0      16.0       0.450748   180.000    45.000    90.000    0     119.891418      -1.566530
   -145.00      5.00       7.332100       0.000000       0.000000        16      15.0      16.0       0.450748   180.000    45.000    90.000    0     119.875328      -1.567100
   -145.00     10.00       2.664200       0.000000       0.000000        16      15.0      16.0       0.450748   180.000    45.000    90.000    0     119.859238      -1.567660
   -140.00    -15.00      26.003710       0.000000       0.000000        16      15.0      16.0       0.450748   180.000    45.000    90.000    0     119.938133      -1.519650
   -140.00    -10.00      21.335800       0.000000       0.000000        16      15.0      16.0       0.450748   180.000    45.000    90.000    0     119.922043      -1.520210
   -140.00     -5.00      16.667900       0.000000       0.000000        16      15.0      16.0       0.450748   180.000    45.000    90.000    0     119.905952      -1.520780
   -140.00      0.00      12.000000       0.000000       0.000000        16      15.0      16.0       0.450748   180.000    45.000    90.000    0     119.889862      -1.521340
   -140.00      5.00       7.332100       0.000000       0.000000        16      15.0      16.0       0.450748   180.000    45.000    90.000    0     119.873772      -1.521910
   -140.00     10.00       2.664200       0.000000       0.000000        16      15.0      16.0       0.450748   180.000    45.000    90.000    0     119.857681      -1.522470
   -135.00    -15.00      26.003710       0.000000       0.000000        16      15.0      16.0       0.450748   180.000    45.000    90.000    0     119.936562      -1.474460
   -135.00    -10.00      21.335800       0.000000       0.000000        16      15.0      16.0       0.450748   180.000    45.000    90.000    0     119.920471      -1.475020
   -135.00     -5.00      16.667900       0.000000       0.000000        16      15.0      16.0       0.450748   180.000    45.000    90.000    0     119.904381      -1.475590
   -135.00      0.00      12.000000       0.000000       0.000000        16      15.0      16.0       0.450748   180.000    45.000    90.000    0     119.888290      -1.476150
   -135.00      5.00       7.332100       0.000000       0.000000        16      15.0      16.0       0.450748   180.000    45.000    90.000    0     119.872200      -1.476720
   -135.00     10.00       2.664200       0.000000       0.000000        16      15.0      16.0       0.450748   180.000    45.000    90.000    0     119.856110      -1.477280
   -130.00    -15.00      26.003710       0.000000       0.000000        16      15.0      16.0       0.450748   180.000    45.000    90.000    0     119.934998      -1.429270
   -130.00    -10.00      21.335800       0.000000       0.000000        16      15.0      16.0       0.450748   180.000    45.000    90.000    0     119.918907      -1.429830
   -130.00     -5.00      16.667900       0.000000       0.000000        16      15.0      16.0       0.450748   180.000    45.000    90.000    0     119.902809      -1.430400
   -130.00      0.00      12.000000       0.000000       0.000000        16      15.0      16.0       0.450748   180.000    45.000    90.000    0     119.886719      -1.430960
   -130.00      5.00       7.332100       0.000000       0.000000        16      15.0      16.0       0.450748   180.000    45.000    90.000    0     119.870628      -1.431530
   -130.00     10.00       2.664200       0.000000       0.000000        16      15.0      16.0       0.450748   180.000    45.000    90.000    0     119.854538      -1.432090
   -125.00    -15.00      26.003710       0.000000       0.000000        16      15.0      16.0       0.450748   180.000    45.000    90.000    0     119.933434      -1.384080
   -125.00    -10.00      21.335800       0.000000       0.000000        16      15.0      16.0       0.450748   180.000    45.000    90.000    0     119.917343      -1.384640
   -125.00     -5.00      16.667900       0.000000       0.000000        16      15.0      16.0       0.450748   180.000    45.000    90.000    0     119.901253      -1.385210
   -125.00      0.00      12.000000       0.000000       0.000000        16      15.0      16.0       0.450748   180.000    45.000    90.000    0     119.885162      -1.385770
   -125.00      5.00       7.332100       0.000000       0.000000        16      15.0      16.0       0.450748   180.000    45.000    90.000    0     119.869072      -1.386340
   -125.00     10.00       2.664200       0.000000       0.000000        16      15.0      16.0       0.450748   180.000    45.000    90.000    0     119.852982      -1.386900
   -120.00    -15.00      26.003710       0.000000       0.000000        16      15.0      16.0       0.450748   180.000    45.000    90.000    0     119.931862      -1.338890
   -120.00    -10.00      21.335800       0.000000       0.000000        16      15.0      16.0       0.450748   180.000    45.000    90.000    0     119.915771      -1.339450
   -120.00     -5.00      16.667900       0.000000       0.000000        16      15.0      16.0       0.450748   180.000    45.000    90.000    0     119.899681      -1.340020
   -120.00      0.00      12.000000       0.000000       0.000000        16      15.0      16.0       0.450748   180.000    45.000    90.000    0     119.883591      -1.340580
   -120.00      5.00       7.332100       0.000000       0.000000        16      15.0      16.0       0.450748   180.000    45.000    90.000    0     119.867500      -1.341150
   -120.00     10.00       2.664200       0.000000       0.000000        16      15.0      16.0       0.450748   180.000    45.000    90.000    0     119.851410      -1.341710
   -115.00    -15.00      26.003710       0.000000       0.000000        16      15.0      16.0       0.450748   180.000    45.000    90.000    0     119.930290      -1.293690
   -115.00    -10.00      21.335800       0.000000       0.000000        16      15.0      16.0       0.450748   180.000    45.000    90.000    0     119.914200      -1.294260
   -115.00     -5.00      16.667900       0.000000       0.000000        16      15.0      16.0       0.450748   180.000    45.000    90.000    0     119.898109      -1.294830
   -115.00      0.00      12.000000       0.000000       0.000000        16      15.0      16.0       0.450748   180.000    45.000    90.000    0     119.882019      -1.295390
   -115.00      5.00       7.332100       0.000000       0.000000        16      15.0      16.0       0.450748   180.000    45.000    90.000    0     119.865929      -1.295960
   -115.00     10.00       2.664200       0.000000       0.000000        16      15.0      16.0       0.450748   180.000    45.000    90.000    0     119.849838      -1.296520
   -110.00    -15.00      26.003710       0.000000       0.000000        16      15.0      16.0       0.450748   180.000    45.000    90.000    0     119.928726      -1.248500
   -110.00    -10.00      21.335800       0.000000       0.000000        16      15.0      16.0       0.450748   180.000    45.000    90.000    0     119.912643      -1.249070
   -110.00     -5.00      16.667900       0.000000       0.000000        16      15.0      16.0       0.450748   180.000    45.000    90.000    0     119.896553      -1.249630
   -110.00      0.00      12.000000       0.000000       0.000000        16      15.0      16.0       0.450748   180.000    45.000    90.000    0     119.880463      -1.250200
   -110.00      5.00       7.332100       0.000000       0.000000        16      15.0      16.0       0.450748   180.000    45.000    90.000    0     119.864372      -1.250760
   -110.00     10.00       2.664200       0.000000       0.000000        16      15.0      16.0       0.450748   180.000    45.000    90.000    0     119.848282      -1.251330
   -105.00    -15.00      26.003710       0.000000       0.000000        16      15.0      16.0       0.450748   180.000    45.000    90.000    0     119.927162      -1.203310
   -105.00    -10.00      21.335800       0.000000       0.000000        16      15.0      16.0       0.450748   180.000    45.000    90.000    0     119.911072      -1.203880
   -105.00     -5.00      16.667900       0.000000       0.000000        16      15.0      16.0       0.450748   180.000    45.000    90.000    0     119.894981      -1.204440
   -105.00      0.00      12.000000       0.000000       0.000000        16      15.0      16.0       0.450748   180.000    45.000    90.000    0     119.878891      -1.205010
   -105.00      5.00       7.332100       0.000000       0.000000        16      15.0      16.0       0.450748   180.000    45.000    90.000    0     119.862801      -1.205570
   -105.00     10.00       2.664200       0.000000       0.000000        16      15.0      16.0       0.450748   180.000    45.000    90.000    0     119.846710      -1.206140
   -100.00    -15.00      26.003710       0.000000       0.000000        16      15.0      16.0       0.450748   180.000    45.000    90.000    0     119.925591      -1.158120
   -100.00    -10.00      21.335800       0.000000       0.000000        16      15.0      16.0       0.450748   180.000    45.000    90.000    0     119.909500      -1.158690
   -100.00     -5.00      16.667900       0.000000       0.000000        16      15.0      16.0       0.450748   180.000    45.000    90.000    0     119.893410      -1.159250
   -100.00      0.00      12.000000       0.000000       0.000000        16      15.0      16.0       0.450748   180.000    45.000    90.000    0     119.877319      -1.159820
   -100.00      5.00       7.332100       0.000000       0.000000        16      15.0      16.0       0.450748   180.000    45.000    90.000    0     119.861229      -1.160380
   -100.00     10.00       2.664200       0.000000       0.000000        16      15.0      16.0       0.450748   180.000    45.000    90.000    0     119.845207      -1.160950
    -95.00    -15.00      26.003710       0.000000       0.000000        16      15.0      16.0       0.450748   180.000    45.000    90.000    0     119.924026      -1.112930
    -95.00    -10.00      21.335800       0.000000       0.000000        16      15.0      16.0       0.450748   180.000    45.000    90.000    0     119.907944      -1.113500
    -95.00     -5.00      16.667900       0.000000       0.000000        16      15.0      16.0       0.450748   180.000    45.000    90.000    0     119.891853      -1.114060
    -95.00      0.00      12.000000       0.000000       0.000000        16      15.0      16.0       0.450748   180.000    45.000    90.000    0     119.875763      -1.114630
    -95.00      5.00       7.332100       0.000000       0.000000        16      15.0      16.0       0.450748   180.000    45.000    90.000    0     119.859673      -1.115190
    -95.00     10.00       2.664200       0.000000       0.000000        16      15.0      16.0       0.450748   180.000    45.000    90.000    0     119.843643      -1.115760
    -90.00    -15.00      26.003710       0.000000       0.000000        16      15.0      16.0       0.450748   180.000    45.000    90.000    0     119.922462      -1.067740
    -90.00    -10.00      21.335800       0.000000       0.000000        16      15.0      16.0       0.450748   180.000    45.000    90.000    0     119.906372      -1.068310
    -90.00     -5.00      16.667900       0.000000       0.000000        16      15.0      16.0       0.450748   180.000    45.000    90.000    0     119.890282      -1.068870
    -90.00      0.00      12.000000       0.000000       0.000000        16      15.0      16.0       0.450748   180.000    45.000    90.000    0     119.874191      -1.069440
    -90.00      5.00       7.332100       0.000000       0.000000        16      15.0      16.0       0.450748   180.000    45.000    90.000    0     119.858101      -1.070000
    -90.00     10.00       2.664200       0.000000       0.000000        16      15.0      16.0       0.450748   180.000    45.000    90.000    0     119.842072      -1.070570
    -85.00    -15.00      26.003710       0.000000       0.000000        16      15.0      16.0       0.450748   180.000    45.000    90.000    0     119.920891      -1.022550
    -85.00    -10.00      21.335800       0.000000       0.000000        16      15.0      16.0       0.450748   180.000    45.000    90.000    0     119.904800      -1.023120
    -85.00     -5.00      16.667900       0.000000       0.000000        16      15.0      16.0       0.450748   180.000    45.000    90.000    0     119.888710      -1.023680
    -85.00      0.00      12.000000       0.000000       0.000000        16      15.0      16.0       0.450748   180.000    45.000    90.000    0     119.872620      -1.024250
    -85.00      5.00       7.332100       0.000000       0.000000        16      15.0      16.0       0.450748   180.000    45.000    90.000    0     119.856537      -1.024810
    -85.00     10.00       2.664200       0.000000       0.000000        16      15.0      16.0       0.450748   180.000    45.000    90.000    0     119.840500      -1.025380
    -80.00    -15.00      26.003710       0.052046       0.052046        16      15.0      16.0       0.450748   142.660    81.340    79.110    0     119.919319      -0.977360
    -80.00    -10.00      21.335800       0.038081       0.038081        16      15.0      16.0       0.450748   201.030    54.680    20.120    0     119.903236      -0.977920
    -80.00     -5.00      16.667900       0.062068       0.062068        16      15.0      16.0       0.450748    58.090    61.050    76.140    1     119.887154      -0.978490
    -80.00      0.00      12.000000       0.049848       0.049848        16      15.0      16.0       0.450748     7.480    38.740    -7.520    0     119.871063      -0.979050
    -80.00      5.00       7.332100       0.031432       0.031432        16      15.0      16.0       0.450748    60.360    34.840   100.610    1     119.854973      -0.979620
    -80.00     10.00       2.664200       0.030726       0.030726        16      15.0      16.0       0.450748    44.210    24.720    77.990    1     119.838928      -0.980190
    -75.00    -15.00      26.003710       0.079861       0.079861        16      15.0      16.0       0.450748   221.800    25.480    32.320    0     119.917763      -0.932170
    -75.00    -10.00      21.335800       0.097748       0.097748        16      15.0      16.0       0.450748   179.120    78.890    60.590    0     119.901672      -0.932730
    -75.00     -5.00      16.667900       0.069897       0.069897        16      15.0      16.0       0.450748   353.490    86.450   -29.230    0     119.885582      -0.933300
    -75.00      0.00      12.000000       0.090446       0.090446        16      15.0      16.0       0.450748   351.750    70.790     1.580    0     119.869492      -0.933860
    -75.00      5.00       7.332100       0.083964       0.083964        16      15.0      16.0       0.450748   348.750    75.990     0.390    0     119.853401      -0.934430
    -75.00     10.00       2.664200       0.088161       0.088161        16      15.0      16.0       0.450748   348.410    57.870   -12.170    0     119.837357      -0.934990
    -70.00    -15.00      26.003710       0.054258       0.054258        16      15.0      16.0       0.450748   201.700    57.190    37.570    0     119.916191      -0.886980
    -70.00    -10.00      21.335800       0.115457       0.115457        16      15.0      16.0       0.450748   178.510    82.370    54.970    0     119.900101      -0.887540
    -70.00     -5.00      16.667900       0.123951       0.123951        16      15.0      16.0       0.450748   346.000    78.730   -29.850    0     119.884010      -0.888110
    -70.00      0.00      12.000000       0.144807       0.144807        16      15.0      16.0       0.450748   342.040    65.420   -18.480    0     119.867928      -0.888670
    -70.00      5.00       7.332100       0.156670       0.156670        16      15.0      16.0       0.450748   338.180    58.330   -22.430    0     119.851837      -0.889240
    -70.00     10.00       2.664200       0.156033       0.156033        16      15.0      16.0       0.450748   340.110    54.590   -21.500    0     119.835793      -0.889800
    -65.00    -15.00      26.003710       0.044459       0.044459        16      15.0      16.0       0.450748   191.190    74.670    34.580    0     119.914619      -0.841790
    -65.00    -10.00      21.335800       0.116286       0.116286        16      15.0      16.0       0.450748   173.080    89.970    41.720    0     119.898537      -0.842350
    -65.00     -5.00      16.667900       0.151535       0.151535        16      15.0      16.0       0.450748   345.700    81.370   -26.110    0     119.882446      -0.842920
    -65.00      0.00      12.000000       0.181148       0.181148        16      15.0      16.0       0.450748   340.970    69.980   -19.130    0     119.866364      -0.843480
    -65.00      5.00       7.332100       0.206362       0.206362        16      15.0      16.0       0.450748   336.470    58.850   -23.460    0     119.850273      -0.844050
    -65.00     10.00       2.664200       0.206097       0.206097        16      15.0      16.0       0.450748   338.140    56.470   -22.370    0     119.834221      -0.844610
    -60.00    -15.00      26.003710       0.046630       0.046630        16      15.0      16.0       0.450748   186.000    76.100    17.330    0     119.913063      -0.796600
    -60.00    -10.00      21.335800       0.119268       0.119268        16      15.0      16.0       0.450748   350.160    86.210   -28.010    0     119.896973      -0.797160
    -60.00     -5.00      16.667900       0.167619       0.167619        16      15.0      16.0       0.450748   346.160    84.030   -19.900    0     119.880882      -0.797730
    -60.00      0.00      12.000000       0.203768       0.203768        16      15.0      16.0       0.450748   341.250    73.210   -14.800    0     119.864792      -0.798290
    -60.00      5.00       7.332100       0.232189       0.232189        16      15.0      16.0       0.450748   337.580    62.820   -20.110    0     119.848701      -0.798860
    -60.00     10.00       2.664200       0.236038       0.236038        16      15.0      16.0       0.450748   338.940    60.740   -19.030    0     119.832657      -0.799420
    -55.00    -15.00      26.003710       0.057545       0.057545        16      15.0      16.0       0.450748   183.970    69.270     8.010    0     119.911491      -0.751410
    -55.00    -10.00      21.335800       0.121344       0.121344        16      15.0      16.0       0.450748   170.620    87.500    14.670    0     119.895401      -0.751970
    -55.00     -5.00      16.667900       0.176541       0.176541        16      15.0      16.0       0.450748   346.350    87.170   -12.420    0     119.879311      -0.752540
    -55.00      0.00      12.000000       0.217890       0.217890        16      15.0      16.0       0.450748   341.750    78.100    -9.020    0     119.863228      -0.753100
    -55.00      5.00       7.332100       0.248831       0.248831        16      15.0      16.0       0.450748   338.630    67.600   -15.850    0     119.847137      -0.753670
    -55.00     10.00       2.664200       0.252597       0.252597        16      15.0      16.0       0.450748   340.480    67.120   -13.100    0     119.831093      -0.754230
    -50.00    -15.00      26.003710       0.073589       0.073589        16      15.0      16.0       0.450748   181.250    63.770     1.470    0     119.909920      -0.706210
    -50.00    -10.00      21.335800       0.129199       0.129199        16      15.0      16.0       0.450748   170.000    72.000    -0.930    0     119.893837      -0.706780
    -50.00     -5.00      16.667900       0.182411       0.182411        16      15.0      16.0       0.450748   345.310    89.260    -5.210    0     119.877747      -0.707340
    -50.00      0.00      12.000000       0.228368       0.228368        16      15.0      16.0       0.450748   341.620    80.880    -4.540    0     119.861656      -0.707910
    -50.00      5.00       7.332100       0.258154       0.258154        16      15.0      16.0       0.450748   340.000    74.330    -8.340    0     119.845612      -0.708470
    -50.00     10.00       2.664200       0.264068       0.264068        16      15.0      16.0       0.450748   341.540    74.170    -5.670    0     119.829521      -0.709040
    -45.00    -15.00      26.003710       0.078958       0.078958        16      15.0      16.0       0.450748   179.440    66.360    -6.080    0     119.908363      -0.661020
    -45.00    -10.00      21.335800       0.134196       0.134196        16      15.0      16.0       0.450748   167.280    70.680    -7.970    0     119.892273      -0.661590
    -45.00     -5.00      16.667900       0.185417       0.185417        16      15.0      16.0       0.450748   163.320    88.670    -1.330    0     119.876183      -0.662150
    -45.00      0.00      12.000000       0.235325       0.235325        16      15.0      16.0       0.450748   340.660    81.440    -1.660    0     119.860092      -0.662720
    -45.00      5.00       7.332100       0.265118       0.265118        16      15.0      16.0       0.450748   340.050    79.000    -1.980    0     119.844040      -0.663280
    -45.00     10.00       2.664200       0.272747       0.272747        16      15.0      16.0       0.450748   341.500    80.070     1.170    0     119.827950      -0.663850
    -40.00    -15.00      26.003710       0.075421       0.075421        16      15.0      16.0       0.450748   175.730    68.320   -15.790    0     119.906792      -0.615830
    -40.00    -10.00      21.335800       0.130024       0.130024        16      15.0      16.0       0.450748   166.650    72.800    -8.690    0     119.890701      -0.616400
    -40.00     -5.00      16.667900       0.184407       0.184407        16      15.0      16.0       0.450748   161.120    84.020    -7.790    0     119.874619      -0.616960
    -40.00      0.00      12.000000       0.235687       0.235687        16      15.0      16.0       0.450748   339.740    82.640     2.290    0     119.858528      -0.617530
    -40.00      5.00       7.332100       0.264106       0.264106        16      15.0      16.0       0.450748   339.890    82.330     3.700    0     119.842468      -0.618090
    -40.00     10.00       2.664200       0.275931       0.275931        16      15.0      16.0       0.450748   340.710    84.720     6.900    0     119.826378      -0.618660
    -35.00    -15.00      26.003710       0.066256       0.066256        16      15.0      16.0       0.450748   173.270    73.660   -26.100    0     119.905220      -0.570640
    -35.00    -10.00      21.335800       0.120247       0.120247        16      15.0      16.0       0.450748   165.640    78.430    -8.980    0     119.889137      -0.571210
    -35.00     -5.00      16.667900       0.180268       0.180268        16      15.0      16.0       0.450748   159.230    84.890   -11.180    0     119.873047      -0.571770
    -35.00      0.00      12.000000       0.230111       0.230111        16      15.0      16.0       0.450748   338.620    82.650     5.580    0     119.856956      -0.572340
    -35.00      5.00       7.332100       0.256778       0.256778        16      15.0      16.0       0.450748   339.530    83.010     7.260    0     119.840897      -0.572900
    -35.00     10.00       2.664200       0.271763       0.271763        16      15.0      16.0       0.450748   339.590    87.790    11.430    0     119.824806      -0.573470
    -30.00    -15.00      26.003710       0.060030       0.060030        16      15.0      16.0       0.450748   171.510    76.090   -38.770    0     119.903664      -0.525450
    -30.00    -10.00      21.335800       0.107660       0.107660        16      15.0      16.0       0.450748   162.790    83.140   -11.480    0     119.887573      -0.526020
    -30.00     -5.00      16.667900       0.170674       0.170674        16      15.0      16.0       0.450748   157.790    89.360   -10.010    0     119.871483      -0.526580
    -30.00      0.00      12.000000       0.216037       0.216037        16      15.0      16.0       0.450748   337.660    80.770     6.150    0     119.855400      -0.527150
    -30.00      5.00       7.332100       0.243328       0.243328        16      15.0      16.0       0.450748   338.740    83.810     9.780    0     119.839333      -0.527710
    -30.00     10.00       2.664200       0.258468       0.258468        16      15.0      16.0       0.450748   338.490    89.060    14.130    0     119.823242      -0.528280
    -25.00    -15.00      26.003710       0.051702       0.051702        16      15.0      16.0       0.450748   171.330    79.980   -50.150    0     119.902092      -0.480260
    -25.00    -10.00      21.335800       0.090091       0.090091        16      15.0      16.0       0.450748   159.290    83.880   -16.490    0     119.886002      -0.480820
    -25.00     -5.00      16.667900       0.152980       0.152980        16      15.0      16.0       0.450748   336.900    82.450     5.860    0     119.869919      -0.481390
    -25.00      0.00      12.000000       0.196219       0.196219        16      15.0      16.0       0.450748   336.970    73.590     2.040    0     119.853828      -0.481950
    -25.00      5.00       7.332100       0.223304       0.223304        16      15.0      16.0       0.450748   338.370    78.990     6.710    0     119.837761      -0.482520
    -25.00     10.00       2.664200       0.236132       0.236132        16      15.0      16.0       0.450748   338.060    86.580    13.100    0     119.821671      -0.483090
    -20.00    -15.00      26.003710       0.038577       0.038577        16      15.0      16.0       0.450748   168.270    81.900   -57.370    0     119.900528      -0.435070
    -20.00    -10.00      21.335800       0.072505       0.072505        16      15.0      16.0       0.450748   154.340    86.930   -22.330    0     119.884438      -0.435630
    -20.00     -5.00      16.667900       0.135610       0.135610        16      15.0      16.0       0.450748   334.520    70.270    -0.670    0     119.868347      -0.436200
    -20.00      0.00      12.000000       0.176028       0.176028        16      15.0      16.0       0.450748   335.450    63.150    -5.230    0     119.852257      -0.436760
    -20.00      5.00       7.332100       0.200783       0.200783        16      15.0      16.0       0.450748   336.830    60.470   -10.010    0     119.836189      -0.437330
    -20.00     10.00       2.664200       0.210052       0.210052        16      15.0      16.0       0.450748   333.330    50.620   -24.750    0     119.820099      -0.437900
    -15.00    -15.00      26.003710       0.024334       0.024334        16      15.0      16.0       0.450748   156.060    85.780   -71.930    0     119.898956      -0.389880
    -15.00    -10.00      21.335800       0.059063       0.059063        16      15.0      16.0       0.450748   328.120    82.130    22.190    0     119.882874      -0.390440
    -15.00     -5.00      16.667900       0.119431       0.119431        16      15.0      16.0       0.450748   330.530    57.810    -4.240    0     119.866791      -0.391010
    -15.00      0.00      12.000000       0.158012       0.158012        16      15.0      16.0       0.450748   332.210    54.580   -11.210    0     119.850700      -0.391570
    -15.00      5.00       7.332100       0.179190       0.179190        16      15.0      16.0       0.450748   327.380    41.540   -32.480    0     119.834618      -0.392140
    -15.00     10.00       2.664200       0.188729       0.188729        16      15.0      16.0       0.450748   320.780    38.660   -46.000    0     119.818527      -0.392700
    -10.00    -15.00      26.003710       0.025006       0.025006        16      15.0      16.0       0.450748   195.190    22.150   171.950    0     119.897392      -0.344690
    -10.00    -10.00      21.335800       0.057612       0.057612        16      15.0      16.0       0.450748   322.670    61.700    16.550    0     119.881310      -0.345250
    -10.00     -5.00      16.667900       0.103561       0.103561        16      15.0      16.0       0.450748   326.610    50.050    -0.430    0     119.865219      -0.345820
    -10.00      0.00      12.000000       0.140972       0.140972        16      15.0      16.0       0.450748   328.470    48.880   -13.000    0     119.849129      -0.346380
    -10.00      5.00       7.332100       0.161029       0.161029        16      15.0      16.0       0.450748   323.350    36.940   -34.630    0     119.833054      -0.346950
    -10.00     10.00       2.664200       0.167268       0.167268        16      15.0      16.0       0.450748   317.670    36.270   -47.230    0     119.816963      -0.347510
     -5.00    -15.00      26.003710       0.036660       0.036660        16      15.0      16.0       0.450748   182.280    39.500   167.280    0     119.895828      -0.299500
     -5.00    -10.00      21.335800       0.066718       0.066718        16      15.0      16.0       0.450748   207.230    61.620   154.380    0     119.879738      -0.300060
     -5.00     -5.00      16.667900       0.097252       0.097252        16      15.0      16.0       0.450748   323.230    44.330     2.370    0     119.863647      -0.300630
     -5.00      0.00      12.000000       0.118641       0.118641        16      15.0      16.0       0.450748   326.250    45.980    -8.350    0     119.847572      -0.301190
     -5.00      5.00       7.332100       0.146875       0.146875        16      15.0      16.0       0.450748   319.290    33.740   -34.170    0     119.831482      -0.301760
     -5.00     10.00       2.664200       0.145038       0.145038        16      15.0      16.0       0.450748   316.450    33.570   -44.460    0     119.815399      -0.302320
      0.00    -15.00      26.003710       0.047982       0.047982        16      15.0      16.0       0.450748   178.930    41.980   156.270    0     119.894257      -0.254300
      0.00    -10.00      21.335800       0.076019       0.076019        16      15.0      16.0       0.450748   197.520    49.630   160.290    0     119.878166      -0.254870
      0.00     -5.00      16.667900       0.092186       0.092186        16      15.0      16.0       0.450748   322.640    43.630    10.620    0     119.862091      -0.255430
      0.00      0.00      12.000000       0.107757       0.107757        16      15.0      16.0       0.450748   324.020    40.910    -1.960    0     119.846001      -0.256000
      0.00      5.00       7.332100       0.125869       0.125869        16      15.0      16.0       0.450748   320.230    32.210   -25.060    0     119.829910      -0.256570
      0.00     10.00       2.664200       0.125459       0.125459        16      15.0      16.0       0.450748   316.910    29.150   -39.170    0     119.813828      -0.257130
      5.00    -15.00      26.003710       0.052103       0.052103        16      15.0      16.0       0.450748   180.960    45.180   148.210    0     119.892693      -0.209110
      5.00    -10.00      21.335800       0.083545       0.083545        16      15.0      16.0       0.450748   195.550    45.830   158.790    0     119.876602      -0.209680
      5.00     -5.00      16.667900       0.088922       0.088922        16      15.0      16.0       0.450748   319.340    54.880    23.450    0     119.860519      -0.210240
      5.00      0.00      12.000000       0.093554       0.093554        16      15.0      16.0       0.450748   324.110    42.260     7.690    0     119.844429      -0.210810
      5.00      5.00       7.332100       0.105105       0.105105        16      15.0      16.0       0.450748   325.040    32.130   -12.460    0     119.828346      -0.211370
      5.00     10.00       2.664200       0.110741       0.110741        16      15.0      16.0       0.450748   318.110    23.050   -36.570    0     119.812263      -0.211940
     10.00    -15.00      26.003710       0.052514       0.052514        16      15.0      16.0       0.450748   185.780    44.880   140.440    0     119.891121      -0.163920
     10.00    -10.00      21.335800       0.083090       0.083090        16      15.0      16.0       0.450748   196.530    46.440   152.490    0     119.875038      -0.164490
     10.00     -5.00      16.667900       0.091240       0.091240        16      15.0      16.0       0.450748   313.760    67.130    32.520    0     119.858948      -0.165050
     10.00      0.00      12.000000       0.091151       0.091151        16      15.0      16.0       0.450748   323.490    48.450    11.520    0     119.842873      -0.165620
     10.00      5.00       7.332100       0.095397       0.095397        16      15.0      16.0       0.450748   331.840    37.290     2.470    0     119.826782      -0.166180
     10.00     10.00       2.664200       0.100434       0.100434        16      15.0      16.0       0.450748    89.510    79.430   -99.790    1     119.810692      -0.166750
     15.00    -15.00      26.003710       0.053923       0.053923        16      15.0      16.0       0.450748   192.140    44.720   134.460    0     119.889549      -0.118730
     15.00    -10.00      21.335800       0.088558       0.088558        16      15.0      16.0       0.450748   202.930    50.960   151.760    0     119.873466      -0.119300
     15.00     -5.00      16.667900       0.096953       0.096953        16      15.0      16.0       0.450748   210.380    54.270   160.790    0     119.857384      -0.119860
     15.00      0.00      12.000000       0.091192       0.091192        16      15.0      16.0       0.450748   321.520    61.360    22.420    0     119.841301      -0.120430
     15.00      5.00       7.332100       0.089006       0.089006        16      15.0      16.0       0.450748   330.940    55.940    23.850    0     119.825218      -0.120990
     15.00     10.00       2.664200       0.098084       0.098084        16      15.0      16.0       0.450748   217.870    35.280   176.480    0     119.809128      -0.121560
     20.00    -15.00      26.003710       0.057116       0.057116        16      15.0      16.0       0.450748   202.650    50.220   125.900    0     119.887978      -0.073540
     20.00    -10.00      21.335800       0.089035       0.089035        16      15.0      16.0       0.450748   319.230    63.900    36.390    0     119.871902      -0.074100
     20.00     -5.00      16.667900       0.098899       0.098899        16      15.0      16.0       0.450748   313.590    76.700    35.640    0     119.855812      -0.074670
     20.00      0.00      12.000000       0.092645       0.092645        16      15.0      16.0       0.450748   318.130    72.930    30.340    0     119.839737      -0.075240
     20.00      5.00       7.332100       0.088674       0.088674        16      15.0      16.0       0.450748   326.850    69.010    33.440    0     119.823647      -0.075800
     20.00     10.00       2.664200       0.099949       0.099949        16      15.0      16.0       0.450748   321.400    80.460    46.370    0     119.807564      -0.076370
     25.00    -15.00      26.003710       0.062010       0.062010        16      15.0      16.0       0.450748   213.520    56.640   119.890    0     119.886414      -0.028350
     25.00    -10.00      21.335800       0.086448       0.086448        16      15.0      16.0       0.450748   324.770    61.600    29.380    0     119.870331      -0.028910
     25.00     -5.00      16.667900       0.097898       0.097898        16      15.0      16.0       0.450748   316.060    76.460    27.940    0     119.854240      -0.029480
     25.00      0.00      12.000000       0.090138       0.090138        16      15.0      16.0       0.450748   316.260    81.310    29.280    0     119.838173      -0.030050
     25.00      5.00       7.332100       0.086914       0.086914        16      15.0      16.0       0.450748   324.770    77.550    34.010    0     119.822083      -0.030610
     25.00     10.00       2.664200       0.095953       0.095953        16      15.0      16.0       0.450748   325.960    79.020    43.860    0     119.806000      -0.031180
     30.00    -15.00      26.003710       0.068778       0.068778        16      15.0      16.0       0.450748   345.310    39.680    38.550    0     119.884850       0.016840
     30.00    -10.00      21.335800       0.083223       0.083223        16      15.0      16.0       0.450748   325.640    60.710    17.170    0     119.868759       0.016280
     30.00     -5.00      16.667900       0.095735       0.095735        16      15.0      16.0       0.450748   318.110    72.110    15.640    0     119.852669       0.015710
     30.00      0.00      12.000000       0.091632       0.091632        16      15.0      16.0       0.450748   133.880    87.820   -24.980    0     119.836601       0.015150
     30.00      5.00       7.332100       0.078348       0.078348        16      15.0      16.0       0.450748   321.940    88.940    27.750    0     119.820518       0.014580
     30.00     10.00       2.664200       0.086546       0.086546        16      15.0      16.0       0.450748   327.010    81.870    39.780    0     119.804428       0.014020
     35.00    -15.00      26.003710       0.070364       0.070364        16      15.0      16.0       0.450748   336.450    40.550    19.310    0     119.883278       0.062030
     35.00    -10.00      21.335800       0.081825       0.081825        16      15.0      16.0       0.450748   324.090    61.180     2.030    0     119.867188       0.061470
     35.00     -5.00      16.667900       0.091768       0.091768        16      15.0      16.0       0.450748   317.540    70.950    -2.320    0     119.851097       0.060900
     35.00      0.00      12.000000       0.086745       0.086745        16      15.0      16.0       0.450748   133.460    78.050   -19.100    0     119.835037       0.060340
     35.00      5.00       7.332100       0.078757       0.078757        16      15.0      16.0       0.450748   136.460    68.610   -14.590    0     119.818947       0.059770
     35.00     10.00       2.664200       0.075819       0.075819        16      15.0      16.0       0.450748   142.950    85.620   -28.970    0     119.802856       0.059210
     40.00    -15.00      26.003710       0.074653       0.074653        16      15.0      16.0       0.450748   330.540    44.990     1.630    0     119.881706       0.107230
     40.00    -10.00      21.335800       0.096539       0.096539        16      15.0      16.0       0.450748   321.420    47.310    -1.360    0     119.865623       0.106660
     40.00     -5.00      16.667900       0.091203       0.091203        16      15.0      16.0       0.450748   315.610    70.220   -18.690    0     119.849533       0.106090
     40.00      0.00      12.000000       0.080052       0.080052        16      15.0      16.0       0.450748   131.520    62.670   -25.360    1     119.833473       0.105530
     40.00      5.00       7.332100       0.081197       0.081197        16      15.0      16.0       0.450748   132.290    54.300   -20.900    1     119.817390       0.104960
     40.00     10.00       2.664200       0.069007       0.069007        16      15.0      16.0       0.450748   137.850    66.880   -18.640    0     119.801300       0.104400
     45.00    -15.00      26.003710       0.074205       0.074205        16      15.0      16.0       0.450748   206.500    77.120    90.750    0     119.880142       0.152420
     45.00    -10.00      21.335800       0.089413       0.089413        16      15.0      16.0       0.450748   338.490    84.800   -46.520    0     119.864052       0.151850
     45.00     -5.00      16.667900       0.084910       0.084910        16      15.0      16.0       0.450748   313.020    72.300   -34.820    0     119.847961       0.151280
     45.00      0.00      12.000000       0.064495       0.064495        16      15.0      16.0       0.450748   101.980    35.410   -76.710    1     119.831909       0.150720
     45.00      5.00       7.332100       0.072426       0.072426        16      15.0      16.0       0.450748   124.820    41.280   -36.270    1     119.815819       0.150150
     45.00     10.00       2.664200       0.057412       0.057412        16      15.0      16.0       0.450748   135.000    53.380   -17.320    0     119.799728       0.149590
     50.00    -15.00      26.003710       0.063291       0.063291        16      15.0      16.0       0.450748   199.220    80.010    79.230    0     119.878571       0.197610
     50.00    -10.00      21.335800       0.069450       0.069450        16      15.0      16.0       0.450748   340.050    84.190   -54.390    0     119.862480       0.197040
     50.00     -5.00      16.667900       0.059445       0.059445        16      15.0      16.0       0.450748   309.600    73.580   -43.860    1     119.846390       0.196470
     50.00      0.00      12.000000       0.040990       0.040990        16      15.0      16.0       0.450748    97.120    24.130   -85.210    1     119.830338       0.195910
     50.00      5.00       7.332100       0.048259       0.048259        16      15.0      16.0       0.450748   112.220    35.950   -56.570    1     119.814247       0.195340
     50.00     10.00       2.664200       0.034875       0.034875        16      15.0      16.0       0.450748   131.120    45.760   -23.010    1     119.798172       0.194780
