      xloc      yloc          depth         ave SR         max SR         #     start       end     max SR all       str       dip      rake flag
   -185.00    -15.00      26.003710       0.000000       0.000000        34      33.0      34.0       0.450748   180.000    45.000    90.000    0     119.952240      -1.926360
   -185.00    -10.00      21.335800       0.000000       0.000000        34      33.0      34.0       0.450748   180.000    45.000    90.000    0     119.936150      -1.926930
   -185.00     -5.00      16.667900       0.000000       0.000000        34      33.0      34.0       0.450748   180.000    45.000    90.000    0     119.920059      -1.927490
   -185.00      0.00      12.000000       0.000000       0.000000        34      33.0      34.0       0.450748   180.000    45.000    90.000    0     119.903961      -1.928060
   -185.00      5.00       7.332100       0.000000       0.000000        34      33.0      34.0       0.450748   180.000    45.000    90.000    0     119.887871      -1.928620
   -185.00     10.00       2.664200       0.000000       0.000000        34      33.0      34.0       0.450748   180.000    45.000    90.000    0     119.871780      -1.929190
   -180.00    -15.00      26.003710       0.000000       0.000000        34      33.0      34.0       0.450748   180.000    45.000    90.000    0     119.950684      -1.881170
   -180.00    -10.00      21.335800       0.000000       0.000000        34      33.0      34.0       0.450748   180.000    45.000    90.000    0     119.934578      -1.881740
   -180.00     -5.00      16.667900       0.000000       0.000000        34      33.0      34.0       0.450748   180.000    45.000    90.000    0     119.918488      -1.882300
   -180.00      0.00      12.000000       0.000000       0.000000        34      33.0      34.0       0.450748   180.000    45.000    90.000    0     119.902397      -1.882870
   -180.00      5.00       7.332100       0.000000       0.000000        34      33.0      34.0       0.450748   180.000    45.000    90.000    0     119.886299      -1.883430
   -180.00     10.00       2.664200       0.000000       0.000000        34      33.0      34.0       0.450748   180.000    45.000    90.000    0     119.870209      -1.884000
   -175.00    -15.00      26.003710       0.000000       0.000000        34      33.0      34.0       0.450748   180.000    45.000    90.000    0     119.949112      -1.835980
   -175.00    -10.00      21.335800       0.000000       0.000000        34      33.0      34.0       0.450748   180.000    45.000    90.000    0     119.933006      -1.836550
   -175.00     -5.00      16.667900       0.000000       0.000000        34      33.0      34.0       0.450748   180.000    45.000    90.000    0     119.916924      -1.837110
   -175.00      0.00      12.000000       0.000000       0.000000        34      33.0      34.0       0.450748   180.000    45.000    90.000    0     119.900833      -1.837680
   -175.00      5.00       7.332100       0.000000       0.000000        34      33.0      34.0       0.450748   180.000    45.000    90.000    0     119.884743      -1.838240
   -175.00     10.00       2.664200       0.000000       0.000000        34      33.0      34.0       0.450748   180.000    45.000    90.000    0     119.868637      -1.838810
   -170.00    -15.00      26.003710       0.013340       0.013340        34      33.0      34.0       0.450748   317.950    29.530    -7.810    0     119.947540      -1.790790
   -170.00    -10.00      21.335800       0.017718       0.017718        34      33.0      34.0       0.450748   180.990    85.150    90.400    0     119.931450      -1.791360
   -170.00     -5.00      16.667900       0.045361       0.045361        34      33.0      34.0       0.450748   103.810    31.430   141.600    1     119.915352      -1.791920
   -170.00      0.00      12.000000       0.026713       0.026713        34      33.0      34.0       0.450748    14.280    86.570   -56.300    0     119.899261      -1.792490
   -170.00      5.00       7.332100       0.022770       0.022770        34      33.0      34.0       0.450748   327.830    72.340   -73.180    0     119.883171      -1.793050
   -170.00     10.00       2.664200       0.028642       0.028642        34      33.0      34.0       0.450748   324.810    62.720   -55.620    0     119.867081      -1.793620
   -165.00    -15.00      26.003710       0.048834       0.048834        34      33.0      34.0       0.450748   206.420    82.000    71.910    0     119.945969      -1.745600
   -165.00    -10.00      21.335800       0.054106       0.054106        34      33.0      34.0       0.450748    78.290    23.010   105.060    1     119.929878      -1.746170
   -165.00     -5.00      16.667900       0.076505       0.076505        34      33.0      34.0       0.450748    57.890    16.740    82.710    1     119.913788      -1.746730
   -165.00      0.00      12.000000       0.077100       0.077100        34      33.0      34.0       0.450748    81.380    13.400   126.380    1     119.897690      -1.747300
   -165.00      5.00       7.332100       0.067597       0.067597        34      33.0      34.0       0.450748   353.310    71.460   -37.760    0     119.881599      -1.747860
   -165.00     10.00       2.664200       0.066303       0.066303        34      33.0      34.0       0.450748   343.450    69.720   -42.100    0     119.865509      -1.748430
   -160.00    -15.00      26.003710       0.053601       0.053601        34      33.0      34.0       0.450748   218.260    73.370    60.000    0     119.944397      -1.700410
   -160.00    -10.00      21.335800       0.078467       0.078467        34      33.0      34.0       0.450748    34.740    29.570    46.420    0     119.928307      -1.700980
   -160.00     -5.00      16.667900       0.106460       0.106460        34      33.0      34.0       0.450748    16.820    26.760    27.710    0     119.912216      -1.701540
   -160.00      0.00      12.000000       0.113472       0.113472        34      33.0      34.0       0.450748    -2.650    31.360    11.300    0     119.896133      -1.702110
   -160.00      5.00       7.332100       0.114362       0.114362        34      33.0      34.0       0.450748   354.830    64.020   -24.380    0     119.880028      -1.702670
   -160.00     10.00       2.664200       0.107017       0.107017        34      33.0      34.0       0.450748   353.890    71.530   -29.950    0     119.863937      -1.703240
   -155.00    -15.00      26.003710       0.051844       0.051844        34      33.0      34.0       0.450748    96.280    32.770   136.410    1     119.942841      -1.655220
   -155.00    -10.00      21.335800       0.095538       0.095538        34      33.0      34.0       0.450748    21.850    43.400    24.390    0     119.926743      -1.655790
   -155.00     -5.00      16.667900       0.127808       0.127808        34      33.0      34.0       0.450748    12.300    37.890    15.470    0     119.910652      -1.656350
   -155.00      0.00      12.000000       0.139430       0.139430        34      33.0      34.0       0.450748   359.840    43.980     3.040    0     119.894562      -1.656920
   -155.00      5.00       7.332100       0.150993       0.150993        34      33.0      34.0       0.450748   355.390    56.620   -12.700    0     119.878471      -1.657480
   -155.00     10.00       2.664200       0.145551       0.145551        34      33.0      34.0       0.450748   356.900    68.290   -21.510    0     119.862373      -1.658050
   -150.00    -15.00      26.003710       0.063445       0.063445        34      33.0      34.0       0.450748    16.950    53.190    11.530    0     119.941269      -1.610030
   -150.00    -10.00      21.335800       0.108992       0.108992        34      33.0      34.0       0.450748    19.650    51.300    19.610    0     119.925179      -1.610590
   -150.00     -5.00      16.667900       0.147129       0.147129        34      33.0      34.0       0.450748    13.510    44.110    13.580    0     119.909081      -1.611160
   -150.00      0.00      12.000000       0.158098       0.158098        34      33.0      34.0       0.450748     4.720    48.880     5.500    0     119.892990      -1.611730
   -150.00      5.00       7.332100       0.174098       0.174098        34      33.0      34.0       0.450748   359.200    58.860    -8.920    0     119.876900      -1.612290
   -150.00     10.00       2.664200       0.176237       0.176237        34      33.0      34.0       0.450748   359.010    65.560   -15.170    0     119.860809      -1.612860
   -145.00    -15.00      26.003710       0.072888       0.072888        34      33.0      34.0       0.450748    18.470    57.270    13.140    0     119.939697      -1.564840
   -145.00    -10.00      21.335800       0.121367       0.121367        34      33.0      34.0       0.450748    19.340    55.350    18.380    0     119.923607      -1.565400
   -145.00     -5.00      16.667900       0.161139       0.161139        34      33.0      34.0       0.450748    16.330    49.380    15.500    0     119.907516      -1.565970
   -145.00      0.00      12.000000       0.170788       0.170788        34      33.0      34.0       0.450748     8.780    53.500     7.750    0     119.891418      -1.566530
   -145.00      5.00       7.332100       0.183488       0.183488        34      33.0      34.0       0.450748     4.230    68.000    -9.850    0     119.875328      -1.567100
   -145.00     10.00       2.664200       0.193685       0.193685        34      33.0      34.0       0.450748     3.450    72.440   -17.420    0     119.859238      -1.567660
   -140.00    -15.00      26.003710       0.076386       0.076386        34      33.0      34.0       0.450748    20.120    63.490    17.740    0     119.938133      -1.519650
   -140.00    -10.00      21.335800       0.130075       0.130075        34      33.0      34.0       0.450748    21.020    57.250    19.730    0     119.922043      -1.520210
   -140.00     -5.00      16.667900       0.168618       0.168618        34      33.0      34.0       0.450748    19.010    54.070    17.650    0     119.905952      -1.520780
   -140.00      0.00      12.000000       0.176360       0.176360        34      33.0      34.0       0.450748    12.280    59.250     8.650    0     119.889862      -1.521340
   -140.00      5.00       7.332100       0.187311       0.187311        34      33.0      34.0       0.450748     8.250    75.930   -10.520    0     119.873772      -1.521910
   -140.00     10.00       2.664200       0.200828       0.200828        34      33.0      34.0       0.450748     9.160    83.590   -24.170    0     119.857681      -1.522470
   -135.00    -15.00      26.003710       0.074855       0.074855        34      33.0      34.0       0.450748    21.510    68.770    23.290    0     119.936562      -1.474460
   -135.00    -10.00      21.335800       0.131486       0.131486        34      33.0      34.0       0.450748    22.700    60.800    21.500    0     119.920471      -1.475020
   -135.00     -5.00      16.667900       0.170889       0.170889        34      33.0      34.0       0.450748    21.810    59.120    19.930    0     119.904381      -1.475590
   -135.00      0.00      12.000000       0.178084       0.178084        34      33.0      34.0       0.450748    16.010    63.620    11.190    0     119.888290      -1.476150
   -135.00      5.00       7.332100       0.185217       0.185217        34      33.0      34.0       0.450748    11.400    80.570    -8.610    0     119.872200      -1.476720
   -135.00     10.00       2.664200       0.199442       0.199442        34      33.0      34.0       0.450748   193.380    89.290    27.460    0     119.856110      -1.477280
   -130.00    -15.00      26.003710       0.071099       0.071099        34      33.0      34.0       0.450748    23.040    73.020    27.790    0     119.934998      -1.429270
   -130.00    -10.00      21.335800       0.130390       0.130390        34      33.0      34.0       0.450748    26.200    64.640    26.110    0     119.918907      -1.429830
   -130.00     -5.00      16.667900       0.168643       0.168643        34      33.0      34.0       0.450748    24.920    64.000    23.080    0     119.902809      -1.430400
   -130.00      0.00      12.000000       0.174354       0.174354        34      33.0      34.0       0.450748    19.280    68.220    13.120    0     119.886719      -1.430960
   -130.00      5.00       7.332100       0.175492       0.175492        34      33.0      34.0       0.450748    14.140    84.100    -7.390    0     119.870628      -1.431530
   -130.00     10.00       2.664200       0.189947       0.189947        34      33.0      34.0       0.450748   196.400    85.060    28.710    0     119.854538      -1.432090
   -125.00    -15.00      26.003710       0.064229       0.064229        34      33.0      34.0       0.450748    24.570    79.430    28.180    0     119.933434      -1.384080
   -125.00    -10.00      21.335800       0.126228       0.126228        34      33.0      34.0       0.450748    29.630    69.410    30.520    0     119.917343      -1.384640
   -125.00     -5.00      16.667900       0.161017       0.161017        34      33.0      34.0       0.450748    27.440    69.960    26.490    0     119.901253      -1.385210
   -125.00      0.00      12.000000       0.165098       0.165098        34      33.0      34.0       0.450748    22.220    71.760    15.180    0     119.885162      -1.385770
   -125.00      5.00       7.332100       0.159030       0.159030        34      33.0      34.0       0.450748    16.720    86.250    -6.780    0     119.869072      -1.386340
   -125.00     10.00       2.664200       0.172348       0.172348        34      33.0      34.0       0.450748   198.880    82.800    29.150    0     119.852982      -1.386900
   -120.00    -15.00      26.003710       0.058386       0.058386        34      33.0      34.0       0.450748    28.400    86.270    30.430    0     119.931862      -1.338890
   -120.00    -10.00      21.335800       0.119372       0.119372        34      33.0      34.0       0.450748    33.470    74.510    34.610    0     119.915771      -1.339450
   -120.00     -5.00      16.667900       0.151755       0.151755        34      33.0      34.0       0.450748    31.320    75.020    31.380    0     119.899681      -1.340020
   -120.00      0.00      12.000000       0.148593       0.148593        34      33.0      34.0       0.450748    25.570    74.070    16.440    0     119.883591      -1.340580
   -120.00      5.00       7.332100       0.136952       0.136952        34      33.0      34.0       0.450748    19.960    87.430    -7.970    0     119.867500      -1.341150
   -120.00     10.00       2.664200       0.147768       0.147768        34      33.0      34.0       0.450748   201.690    81.680    30.090    0     119.851410      -1.341710
   -115.00    -15.00      26.003710       0.057695       0.057695        34      33.0      34.0       0.450748    45.760    79.660    52.570    1     119.930290      -1.293690
   -115.00    -10.00      21.335800       0.112110       0.112110        34      33.0      34.0       0.450748    38.480    79.090    40.070    0     119.914200      -1.294260
   -115.00     -5.00      16.667900       0.140416       0.140416        34      33.0      34.0       0.450748    36.190    78.190    36.390    0     119.898109      -1.294830
   -115.00      0.00      12.000000       0.125429       0.125429        34      33.0      34.0       0.450748    30.140    75.360    18.380    0     119.882019      -1.295390
   -115.00      5.00       7.332100       0.110140       0.110140        34      33.0      34.0       0.450748    23.840    85.310   -10.970    0     119.865929      -1.295960
   -115.00     10.00       2.664200       0.117877       0.117877        34      33.0      34.0       0.450748   204.950    82.810    31.860    0     119.849838      -1.296520
   -110.00    -15.00      26.003710       0.063710       0.063710        34      33.0      34.0       0.450748    72.150    75.090    78.110    1     119.928726      -1.248500
   -110.00    -10.00      21.335800       0.106738       0.106738        34      33.0      34.0       0.450748   307.070    43.700   166.780    1     119.912643      -1.249070
   -110.00     -5.00      16.667900       0.125926       0.125926        34      33.0      34.0       0.450748    41.700    81.020    40.500    0     119.896553      -1.249630
   -110.00      0.00      12.000000       0.099975       0.099975        34      33.0      34.0       0.450748    37.140    74.160    19.660    0     119.880463      -1.250200
   -110.00      5.00       7.332100       0.083492       0.083492        34      33.0      34.0       0.450748    29.850    82.120   -18.840    0     119.864372      -1.250760
   -110.00     10.00       2.664200       0.088275       0.088275        34      33.0      34.0       0.450748   209.940    86.130    36.460    0     119.848282      -1.251330
   -105.00    -15.00      26.003710       0.064289       0.064289        34      33.0      34.0       0.450748    80.980    78.250    79.590    1     119.927162      -1.203310
   -105.00    -10.00      21.335800       0.096664       0.096664        34      33.0      34.0       0.450748   316.680    39.840   169.900    0     119.911072      -1.203880
   -105.00     -5.00      16.667900       0.103304       0.103304        34      33.0      34.0       0.450748   311.740    48.780   172.050    1     119.894981      -1.204440
   -105.00      0.00      12.000000       0.077725       0.077725        34      33.0      34.0       0.450748   311.950    75.010   158.930    1     119.878891      -1.205010
   -105.00      5.00       7.332100       0.066131       0.066131        34      33.0      34.0       0.450748   137.390    60.080  -169.040    0     119.862801      -1.205570
   -105.00     10.00       2.664200       0.066982       0.066982        34      33.0      34.0       0.450748    38.500    87.760   -46.580    0     119.846710      -1.206140
   -100.00    -15.00      26.003710       0.060117       0.060117        34      33.0      34.0       0.450748   318.660    13.350   137.380    0     119.925591      -1.158120
   -100.00    -10.00      21.335800       0.088224       0.088224        34      33.0      34.0       0.450748   327.040    36.450   172.560    0     119.909500      -1.158690
   -100.00     -5.00      16.667900       0.079949       0.079949        34      33.0      34.0       0.450748   321.450    48.040   175.890    0     119.893410      -1.159250
   -100.00      0.00      12.000000       0.065016       0.065016        34      33.0      34.0       0.450748   328.850    86.570   151.750    0     119.877319      -1.159820
   -100.00      5.00       7.332100       0.062835       0.062835        34      33.0      34.0       0.450748   156.410    50.090  -167.700    0     119.861229      -1.160380
   -100.00     10.00       2.664200       0.059754       0.059754        34      33.0      34.0       0.450748   154.480    34.220  -166.420    0     119.845207      -1.160950
    -95.00    -15.00      26.003710       0.054336       0.054336        34      33.0      34.0       0.450748   355.770    15.320   165.710    0     119.924026      -1.112930
    -95.00    -10.00      21.335800       0.066766       0.066766        34      33.0      34.0       0.450748   341.810    41.550  -179.230    0     119.907944      -1.113500
    -95.00     -5.00      16.667900       0.058430       0.058430        34      33.0      34.0       0.450748   168.200    89.770  -144.060    0     119.891853      -1.114060
    -95.00      0.00      12.000000       0.064649       0.064649        34      33.0      34.0       0.450748   168.240    76.720  -148.060    0     119.875763      -1.114630
    -95.00      5.00       7.332100       0.064624       0.064624        34      33.0      34.0       0.450748   171.520    49.580  -167.340    0     119.859673      -1.115190
    -95.00     10.00       2.664200       0.059462       0.059462        34      33.0      34.0       0.450748   172.600    35.260  -165.480    0     119.843643      -1.115760
    -90.00    -15.00      26.003710       0.050578       0.050578        34      33.0      34.0       0.450748    23.560    31.190  -164.860    0     119.922462      -1.067740
    -90.00    -10.00      21.335800       0.049652       0.049652        34      33.0      34.0       0.450748     2.690    53.200  -166.390    0     119.906372      -1.068310
    -90.00     -5.00      16.667900       0.063092       0.063092        34      33.0      34.0       0.450748   187.160    77.270  -140.210    0     119.890282      -1.068870
    -90.00      0.00      12.000000       0.065907       0.065907        34      33.0      34.0       0.450748   182.380    68.590  -150.690    0     119.874191      -1.069440
    -90.00      5.00       7.332100       0.060760       0.060760        34      33.0      34.0       0.450748   180.760    53.430  -167.360    0     119.858101      -1.070000
    -90.00     10.00       2.664200       0.054869       0.054869        34      33.0      34.0       0.450748   182.180    40.750  -172.230    0     119.842072      -1.070570
    -85.00    -15.00      26.003710       0.053325       0.053325        34      33.0      34.0       0.450748    36.480    44.100  -151.020    0     119.920891      -1.022550
    -85.00    -10.00      21.335800       0.052928       0.052928        34      33.0      34.0       0.450748    22.990    59.880  -156.870    0     119.904800      -1.023120
    -85.00     -5.00      16.667900       0.062822       0.062822        34      33.0      34.0       0.450748   197.580    77.430  -142.060    0     119.888710      -1.023680
    -85.00      0.00      12.000000       0.057534       0.057534        34      33.0      34.0       0.450748   186.520    78.560  -144.570    0     119.872620      -1.024250
    -85.00      5.00       7.332100       0.047275       0.047275        34      33.0      34.0       0.450748   176.410    81.480  -143.770    0     119.856537      -1.024810
    -85.00     10.00       2.664200       0.041681       0.041681        34      33.0      34.0       0.450748   188.750    41.500   174.540    0     119.840500      -1.025380
    -80.00    -15.00      26.003710       0.055532       0.055532        34      33.0      34.0       0.450748    48.390    50.120  -139.870    1     119.919319      -0.977360
    -80.00    -10.00      21.335800       0.056505       0.056505        34      33.0      34.0       0.450748   219.070    68.810  -146.970    0     119.903236      -0.977920
    -80.00     -5.00      16.667900       0.056371       0.056371        34      33.0      34.0       0.450748   207.350    86.300  -129.040    0     119.887154      -0.978490
    -80.00      0.00      12.000000       0.046903       0.046903        34      33.0      34.0       0.450748    12.980    89.380   121.420    0     119.871063      -0.979050
    -80.00      5.00       7.332100       0.043153       0.043153        34      33.0      34.0       0.450748   332.400    74.440   105.750    0     119.854973      -0.979620
    -80.00     10.00       2.664200       0.027022       0.027022        34      33.0      34.0       0.450748   173.960    23.840   122.910    0     119.838928      -0.980190
    -75.00    -15.00      26.003710       0.036813       0.036813        34      33.0      34.0       0.450748    86.920    30.130   -84.050    1     119.917763      -0.932170
    -75.00    -10.00      21.335800       0.024604       0.024604        34      33.0      34.0       0.450748   123.450    61.790   -31.180    1     119.901672      -0.932730
    -75.00     -5.00      16.667900       0.021893       0.021893        34      33.0      34.0       0.450748   147.810    10.300     6.760    0     119.885582      -0.933300
    -75.00      0.00      12.000000       0.019455       0.019455        34      33.0      34.0       0.450748   222.210    85.190  -106.120    0     119.869492      -0.933860
    -75.00      5.00       7.332100       0.022985       0.022985        34      33.0      34.0       0.450748   140.310    23.780   124.040    0     119.853401      -0.934430
    -75.00     10.00       2.664200       0.009487       0.009487        34      33.0      34.0       0.450748   318.780    61.930    36.490    0     119.837357      -0.934990
    -70.00    -15.00      26.003710       0.000000       0.000000        34      33.0      34.0       0.450748   180.000    45.000    90.000    0     119.916191      -0.886980
    -70.00    -10.00      21.335800       0.000000       0.000000        34      33.0      34.0       0.450748   180.000    45.000    90.000    0     119.900101      -0.887540
    -70.00     -5.00      16.667900       0.000000       0.000000        34      33.0      34.0       0.450748   180.000    45.000    90.000    0     119.884010      -0.888110
    -70.00      0.00      12.000000       0.000000       0.000000        34      33.0      34.0       0.450748   180.000    45.000    90.000    0     119.867928      -0.888670
    -70.00      5.00       7.332100       0.000000       0.000000        34      33.0      34.0       0.450748   180.000    45.000    90.000    0     119.851837      -0.889240
    -70.00     10.00       2.664200       0.000000       0.000000        34      33.0      34.0       0.450748   180.000    45.000    90.000    0     119.835793      -0.889800
    -65.00    -15.00      26.003710       0.000000       0.000000        34      33.0      34.0       0.450748   180.000    45.000    90.000    0     119.914619      -0.841790
    -65.00    -10.00      21.335800       0.000000       0.000000        34      33.0      34.0       0.450748   180.000    45.000    90.000    0     119.898537      -0.842350
    -65.00     -5.00      16.667900       0.000000       0.000000        34      33.0      34.0       0.450748   180.000    45.000    90.000    0     119.882446      -0.842920
    -65.00      0.00      12.000000       0.000000       0.000000        34      33.0      34.0       0.450748   180.000    45.000    90.000    0     119.866364      -0.843480
    -65.00      5.00       7.332100       0.000000       0.000000        34      33.0      34.0       0.450748   180.000    45.000    90.000    0     119.850273      -0.844050
    -65.00     10.00       2.664200       0.000000       0.000000        34      33.0      34.0       0.450748   180.000    45.000    90.000    0     119.834221      -0.844610
    -60.00    -15.00      26.003710       0.000000       0.000000        34      33.0      34.0       0.450748   180.000    45.000    90.000    0     119.913063      -0.796600
    -60.00    -10.00      21.335800       0.000000       0.000000        34      33.0      34.0       0.450748   180.000    45.000    90.000    0     119.896973      -0.797160
    -60.00     -5.00      16.667900       0.000000       0.000000        34      33.0      34.0       0.450748   180.000    45.000    90.000    0     119.880882      -0.797730
    -60.00      0.00      12.000000       0.000000       0.000000        34      33.0      34.0       0.450748   180.000    45.000    90.000    0     119.864792      -0.798290
    -60.00      5.00       7.332100       0.000000       0.000000        34      33.0      34.0       0.450748   180.000    45.000    90.000    0     119.848701      -0.798860
    -60.00     10.00       2.664200       0.000000       0.000000        34      33.0      34.0       0.450748   180.000    45.000    90.000    0     119.832657      -0.799420
    -55.00    -15.00      26.003710       0.000000       0.000000        34      33.0      34.0       0.450748   180.000    45.000    90.000    0     119.911491      -0.751410
    -55.00    -10.00      21.335800       0.000000       0.000000        34      33.0      34.0       0.450748   180.000    45.000    90.000    0     119.895401      -0.751970
    -55.00     -5.00      16.667900       0.000000       0.000000        34      33.0      34.0       0.450748   180.000    45.000    90.000    0     119.879311      -0.752540
    -55.00      0.00      12.000000       0.000000       0.000000        34      33.0      34.0       0.450748   180.000    45.000    90.000    0     119.863228      -0.753100
    -55.00      5.00       7.332100       0.000000       0.000000        34      33.0      34.0       0.450748   180.000    45.000    90.000    0     119.847137      -0.753670
    -55.00     10.00       2.664200       0.000000       0.000000        34      33.0      34.0       0.450748   180.000    45.000    90.000    0     119.831093      -0.754230
    -50.00    -15.00      26.003710       0.000000       0.000000        34      33.0      34.0       0.450748   180.000    45.000    90.000    0     119.909920      -0.706210
    -50.00    -10.00      21.335800       0.000000       0.000000        34      33.0      34.0       0.450748   180.000    45.000    90.000    0     119.893837      -0.706780
    -50.00     -5.00      16.667900       0.000000       0.000000        34      33.0      34.0       0.450748   180.000    45.000    90.000    0     119.877747      -0.707340
    -50.00      0.00      12.000000       0.000000       0.000000        34      33.0      34.0       0.450748   180.000    45.000    90.000    0     119.861656      -0.707910
    -50.00      5.00       7.332100       0.000000       0.000000        34      33.0      34.0       0.450748   180.000    45.000    90.000    0     119.845612      -0.708470
    -50.00     10.00       2.664200       0.000000       0.000000        34      33.0      34.0       0.450748   180.000    45.000    90.000    0     119.829521      -0.709040
    -45.00    -15.00      26.003710       0.000000       0.000000        34      33.0      34.0       0.450748   180.000    45.000    90.000    0     119.908363      -0.661020
    -45.00    -10.00      21.335800       0.000000       0.000000        34      33.0      34.0       0.450748   180.000    45.000    90.000    0     119.892273      -0.661590
    -45.00     -5.00      16.667900       0.000000       0.000000        34      33.0      34.0       0.450748   180.000    45.000    90.000    0     119.876183      -0.662150
    -45.00      0.00      12.000000       0.000000       0.000000        34      33.0      34.0       0.450748   180.000    45.000    90.000    0     119.860092      -0.662720
    -45.00      5.00       7.332100       0.000000       0.000000        34      33.0      34.0       0.450748   180.000    45.000    90.000    0     119.844040      -0.663280
    -45.00     10.00       2.664200       0.000000       0.000000        34      33.0      34.0       0.450748   180.000    45.000    90.000    0     119.827950      -0.663850
    -40.00    -15.00      26.003710       0.000000       0.000000        34      33.0      34.0       0.450748   180.000    45.000    90.000    0     119.906792      -0.615830
    -40.00    -10.00      21.335800       0.000000       0.000000        34      33.0      34.0       0.450748   180.000    45.000    90.000    0     119.890701      -0.616400
    -40.00     -5.00      16.667900       0.000000       0.000000        34      33.0      34.0       0.450748   180.000    45.000    90.000    0     119.874619      -0.616960
    -40.00      0.00      12.000000       0.000000       0.000000        34      33.0      34.0       0.450748   180.000    45.000    90.000    0     119.858528      -0.617530
    -40.00      5.00       7.332100       0.000000       0.000000        34      33.0      34.0       0.450748   180.000    45.000    90.000    0     119.842468      -0.618090
    -40.00     10.00       2.664200       0.000000       0.000000        34      33.0      34.0       0.450748   180.000    45.000    90.000    0     119.826378      -0.618660
    -35.00    -15.00      26.003710       0.000000       0.000000        34      33.0      34.0       0.450748   180.000    45.000    90.000    0     119.905220      -0.570640
    -35.00    -10.00      21.335800       0.000000       0.000000        34      33.0      34.0       0.450748   180.000    45.000    90.000    0     119.889137      -0.571210
    -35.00     -5.00      16.667900       0.000000       0.000000        34      33.0      34.0       0.450748   180.000    45.000    90.000    0     119.873047      -0.571770
    -35.00      0.00      12.000000       0.000000       0.000000        34      33.0      34.0       0.450748   180.000    45.000    90.000    0     119.856956      -0.572340
    -35.00      5.00       7.332100       0.000000       0.000000        34      33.0      34.0       0.450748   180.000    45.000    90.000    0     119.840897      -0.572900
    -35.00     10.00       2.664200       0.000000       0.000000        34      33.0      34.0       0.450748   180.000    45.000    90.000    0     119.824806      -0.573470
    -30.00    -15.00      26.003710       0.000000       0.000000        34      33.0      34.0       0.450748   180.000    45.000    90.000    0     119.903664      -0.525450
    -30.00    -10.00      21.335800       0.000000       0.000000        34      33.0      34.0       0.450748   180.000    45.000    90.000    0     119.887573      -0.526020
    -30.00     -5.00      16.667900       0.000000       0.000000        34      33.0      34.0       0.450748   180.000    45.000    90.000    0     119.871483      -0.526580
    -30.00      0.00      12.000000       0.000000       0.000000        34      33.0      34.0       0.450748   180.000    45.000    90.000    0     119.855400      -0.527150
    -30.00      5.00       7.332100       0.000000       0.000000        34      33.0      34.0       0.450748   180.000    45.000    90.000    0     119.839333      -0.527710
    -30.00     10.00       2.664200       0.000000       0.000000        34      33.0      34.0       0.450748   180.000    45.000    90.000    0     119.823242      -0.528280
    -25.00    -15.00      26.003710       0.000000       0.000000        34      33.0      34.0       0.450748   180.000    45.000    90.000    0     119.902092      -0.480260
    -25.00    -10.00      21.335800       0.000000       0.000000        34      33.0      34.0       0.450748   180.000    45.000    90.000    0     119.886002      -0.480820
    -25.00     -5.00      16.667900       0.000000       0.000000        34      33.0      34.0       0.450748   180.000    45.000    90.000    0     119.869919      -0.481390
    -25.00      0.00      12.000000       0.000000       0.000000        34      33.0      34.0       0.450748   180.000    45.000    90.000    0     119.853828      -0.481950
    -25.00      5.00       7.332100       0.000000       0.000000        34      33.0      34.0       0.450748   180.000    45.000    90.000    0     119.837761      -0.482520
    -25.00     10.00       2.664200       0.000000       0.000000        34      33.0      34.0       0.450748   180.000    45.000    90.000    0     119.821671      -0.483090
    -20.00    -15.00      26.003710       0.000000       0.000000        34      33.0      34.0       0.450748   180.000    45.000    90.000    0     119.900528      -0.435070
    -20.00    -10.00      21.335800       0.000000       0.000000        34      33.0      34.0       0.450748   180.000    45.000    90.000    0     119.884438      -0.435630
    -20.00     -5.00      16.667900       0.000000       0.000000        34      33.0      34.0       0.450748   180.000    45.000    90.000    0     119.868347      -0.436200
    -20.00      0.00      12.000000       0.000000       0.000000        34      33.0      34.0       0.450748   180.000    45.000    90.000    0     119.852257      -0.436760
    -20.00      5.00       7.332100       0.000000       0.000000        34      33.0      34.0       0.450748   180.000    45.000    90.000    0     119.836189      -0.437330
    -20.00     10.00       2.664200       0.000000       0.000000        34      33.0      34.0       0.450748   180.000    45.000    90.000    0     119.820099      -0.437900
    -15.00    -15.00      26.003710       0.000000       0.000000        34      33.0      34.0       0.450748   180.000    45.000    90.000    0     119.898956      -0.389880
    -15.00    -10.00      21.335800       0.000000       0.000000        34      33.0      34.0       0.450748   180.000    45.000    90.000    0     119.882874      -0.390440
    -15.00     -5.00      16.667900       0.000000       0.000000        34      33.0      34.0       0.450748   180.000    45.000    90.000    0     119.866791      -0.391010
    -15.00      0.00      12.000000       0.000000       0.000000        34      33.0      34.0       0.450748   180.000    45.000    90.000    0     119.850700      -0.391570
    -15.00      5.00       7.332100       0.000000       0.000000        34      33.0      34.0       0.450748   180.000    45.000    90.000    0     119.834618      -0.392140
    -15.00     10.00       2.664200       0.000000       0.000000        34      33.0      34.0       0.450748   180.000    45.000    90.000    0     119.818527      -0.392700
    -10.00    -15.00      26.003710       0.000000       0.000000        34      33.0      34.0       0.450748   180.000    45.000    90.000    0     119.897392      -0.344690
    -10.00    -10.00      21.335800       0.000000       0.000000        34      33.0      34.0       0.450748   180.000    45.000    90.000    0     119.881310      -0.345250
    -10.00     -5.00      16.667900       0.000000       0.000000        34      33.0      34.0       0.450748   180.000    45.000    90.000    0     119.865219      -0.345820
    -10.00      0.00      12.000000       0.000000       0.000000        34      33.0      34.0       0.450748   180.000    45.000    90.000    0     119.849129      -0.346380
    -10.00      5.00       7.332100       0.000000       0.000000        34      33.0      34.0       0.450748   180.000    45.000    90.000    0     119.833054      -0.346950
    -10.00     10.00       2.664200       0.000000       0.000000        34      33.0      34.0       0.450748   180.000    45.000    90.000    0     119.816963      -0.347510
     -5.00    -15.00      26.003710       0.000000       0.000000        34      33.0      34.0       0.450748   180.000    45.000    90.000    0     119.895828      -0.299500
     -5.00    -10.00      21.335800       0.000000       0.000000        34      33.0      34.0       0.450748   180.000    45.000    90.000    0     119.879738      -0.300060
     -5.00     -5.00      16.667900       0.000000       0.000000        34      33.0      34.0       0.450748   180.000    45.000    90.000    0     119.863647      -0.300630
     -5.00      0.00      12.000000       0.000000       0.000000        34      33.0      34.0       0.450748   180.000    45.000    90.000    0     119.847572      -0.301190
     -5.00      5.00       7.332100       0.000000       0.000000        34      33.0      34.0       0.450748   180.000    45.000    90.000    0     119.831482      -0.301760
     -5.00     10.00       2.664200       0.000000       0.000000        34      33.0      34.0       0.450748   180.000    45.000    90.000    0     119.815399      -0.302320
      0.00    -15.00      26.003710       0.000000       0.000000        34      33.0      34.0       0.450748   180.000    45.000    90.000    0     119.894257      -0.254300
      0.00    -10.00      21.335800       0.000000       0.000000        34      33.0      34.0       0.450748   180.000    45.000    90.000    0     119.878166      -0.254870
      0.00     -5.00      16.667900       0.000000       0.000000        34      33.0      34.0       0.450748   180.000    45.000    90.000    0     119.862091      -0.255430
      0.00      0.00      12.000000       0.000000       0.000000        34      33.0      34.0       0.450748   180.000    45.000    90.000    0     119.846001      -0.256000
      0.00      5.00       7.332100       0.000000       0.000000        34      33.0      34.0       0.450748   180.000    45.000    90.000    0     119.829910      -0.256570
      0.00     10.00       2.664200       0.000000       0.000000        34      33.0      34.0       0.450748   180.000    45.000    90.000    0     119.813828      -0.257130
      5.00    -15.00      26.003710       0.000000       0.000000        34      33.0      34.0       0.450748   180.000    45.000    90.000    0     119.892693      -0.209110
      5.00    -10.00      21.335800       0.000000       0.000000        34      33.0      34.0       0.450748   180.000    45.000    90.000    0     119.876602      -0.209680
      5.00     -5.00      16.667900       0.000000       0.000000        34      33.0      34.0       0.450748   180.000    45.000    90.000    0     119.860519      -0.210240
      5.00      0.00      12.000000       0.000000       0.000000        34      33.0      34.0       0.450748   180.000    45.000    90.000    0     119.844429      -0.210810
      5.00      5.00       7.332100       0.000000       0.000000        34      33.0      34.0       0.450748   180.000    45.000    90.000    0     119.828346      -0.211370
      5.00     10.00       2.664200       0.000000       0.000000        34      33.0      34.0       0.450748   180.000    45.000    90.000    0     119.812263      -0.211940
     10.00    -15.00      26.003710       0.000000       0.000000        34      33.0      34.0       0.450748   180.000    45.000    90.000    0     119.891121      -0.163920
     10.00    -10.00      21.335800       0.000000       0.000000        34      33.0      34.0       0.450748   180.000    45.000    90.000    0     119.875038      -0.164490
     10.00     -5.00      16.667900       0.000000       0.000000        34      33.0      34.0       0.450748   180.000    45.000    90.000    0     119.858948      -0.165050
     10.00      0.00      12.000000       0.000000       0.000000        34      33.0      34.0       0.450748   180.000    45.000    90.000    0     119.842873      -0.165620
     10.00      5.00       7.332100       0.000000       0.000000        34      33.0      34.0       0.450748   180.000    45.000    90.000    0     119.826782      -0.166180
     10.00     10.00       2.664200       0.000000       0.000000        34      33.0      34.0       0.450748   180.000    45.000    90.000    0     119.810692      -0.166750
     15.00    -15.00      26.003710       0.000000       0.000000        34      33.0      34.0       0.450748   180.000    45.000    90.000    0     119.889549      -0.118730
     15.00    -10.00      21.335800       0.000000       0.000000        34      33.0      34.0       0.450748   180.000    45.000    90.000    0     119.873466      -0.119300
     15.00     -5.00      16.667900       0.000000       0.000000        34      33.0      34.0       0.450748   180.000    45.000    90.000    0     119.857384      -0.119860
     15.00      0.00      12.000000       0.000000       0.000000        34      33.0      34.0       0.450748   180.000    45.000    90.000    0     119.841301      -0.120430
     15.00      5.00       7.332100       0.000000       0.000000        34      33.0      34.0       0.450748   180.000    45.000    90.000    0     119.825218      -0.120990
     15.00     10.00       2.664200       0.000000       0.000000        34      33.0      34.0       0.450748   180.000    45.000    90.000    0     119.809128      -0.121560
     20.00    -15.00      26.003710       0.000000       0.000000        34      33.0      34.0       0.450748   180.000    45.000    90.000    0     119.887978      -0.073540
     20.00    -10.00      21.335800       0.000000       0.000000        34      33.0      34.0       0.450748   180.000    45.000    90.000    0     119.871902      -0.074100
     20.00     -5.00      16.667900       0.000000       0.000000        34      33.0      34.0       0.450748   180.000    45.000    90.000    0     119.855812      -0.074670
     20.00      0.00      12.000000       0.000000       0.000000        34      33.0      34.0       0.450748   180.000    45.000    90.000    0     119.839737      -0.075240
     20.00      5.00       7.332100       0.000000       0.000000        34      33.0      34.0       0.450748   180.000    45.000    90.000    0     119.823647      -0.075800
     20.00     10.00       2.664200       0.000000       0.000000        34      33.0      34.0       0.450748   180.000    45.000    90.000    0     119.807564      -0.076370
     25.00    -15.00      26.003710       0.000000       0.000000        34      33.0      34.0       0.450748   180.000    45.000    90.000    0     119.886414      -0.028350
     25.00    -10.00      21.335800       0.000000       0.000000        34      33.0      34.0       0.450748   180.000    45.000    90.000    0     119.870331      -0.028910
     25.00     -5.00      16.667900       0.000000       0.000000        34      33.0      34.0       0.450748   180.000    45.000    90.000    0     119.854240      -0.029480
     25.00      0.00      12.000000       0.000000       0.000000        34      33.0      34.0       0.450748   180.000    45.000    90.000    0     119.838173      -0.030050
     25.00      5.00       7.332100       0.000000       0.000000        34      33.0      34.0       0.450748   180.000    45.000    90.000    0     119.822083      -0.030610
     25.00     10.00       2.664200       0.000000       0.000000        34      33.0      34.0       0.450748   180.000    45.000    90.000    0     119.806000      -0.031180
     30.00    -15.00      26.003710       0.000000       0.000000        34      33.0      34.0       0.450748   180.000    45.000    90.000    0     119.884850       0.016840
     30.00    -10.00      21.335800       0.000000       0.000000        34      33.0      34.0       0.450748   180.000    45.000    90.000    0     119.868759       0.016280
     30.00     -5.00      16.667900       0.000000       0.000000        34      33.0      34.0       0.450748   180.000    45.000    90.000    0     119.852669       0.015710
     30.00      0.00      12.000000       0.000000       0.000000        34      33.0      34.0       0.450748   180.000    45.000    90.000    0     119.836601       0.015150
     30.00      5.00       7.332100       0.000000       0.000000        34      33.0      34.0       0.450748   180.000    45.000    90.000    0     119.820518       0.014580
     30.00     10.00       2.664200       0.000000       0.000000        34      33.0      34.0       0.450748   180.000    45.000    90.000    0     119.804428       0.014020
     35.00    -15.00      26.003710       0.000000       0.000000        34      33.0      34.0       0.450748   180.000    45.000    90.000    0     119.883278       0.062030
     35.00    -10.00      21.335800       0.000000       0.000000        34      33.0      34.0       0.450748   180.000    45.000    90.000    0     119.867188       0.061470
     35.00     -5.00      16.667900       0.000000       0.000000        34      33.0      34.0       0.450748   180.000    45.000    90.000    0     119.851097       0.060900
     35.00      0.00      12.000000       0.000000       0.000000        34      33.0      34.0       0.450748   180.000    45.000    90.000    0     119.835037       0.060340
     35.00      5.00       7.332100       0.000000       0.000000        34      33.0      34.0       0.450748   180.000    45.000    90.000    0     119.818947       0.059770
     35.00     10.00       2.664200       0.000000       0.000000        34      33.0      34.0       0.450748   180.000    45.000    90.000    0     119.802856       0.059210
     40.00    -15.00      26.003710       0.000000       0.000000        34      33.0      34.0       0.450748   180.000    45.000    90.000    0     119.881706       0.107230
     40.00    -10.00      21.335800       0.000000       0.000000        34      33.0      34.0       0.450748   180.000    45.000    90.000    0     119.865623       0.106660
     40.00     -5.00      16.667900       0.000000       0.000000        34      33.0      34.0       0.450748   180.000    45.000    90.000    0     119.849533       0.106090
     40.00      0.00      12.000000       0.000000       0.000000        34      33.0      34.0       0.450748   180.000    45.000    90.000    0     119.833473       0.105530
     40.00      5.00       7.332100       0.000000       0.000000        34      33.0      34.0       0.450748   180.000    45.000    90.000    0     119.817390       0.104960
     40.00     10.00       2.664200       0.000000       0.000000        34      33.0      34.0       0.450748   180.000    45.000    90.000    0     119.801300       0.104400
     45.00    -15.00      26.003710       0.000000       0.000000        34      33.0      34.0       0.450748   180.000    45.000    90.000    0     119.880142       0.152420
     45.00    -10.00      21.335800       0.000000       0.000000        34      33.0      34.0       0.450748   180.000    45.000    90.000    0     119.864052       0.151850
     45.00     -5.00      16.667900       0.000000       0.000000        34      33.0      34.0       0.450748   180.000    45.000    90.000    0     119.847961       0.151280
     45.00      0.00      12.000000       0.000000       0.000000        34      33.0      34.0       0.450748   180.000    45.000    90.000    0     119.831909       0.150720
     45.00      5.00       7.332100       0.000000       0.000000        34      33.0      34.0       0.450748   180.000    45.000    90.000    0     119.815819       0.150150
     45.00     10.00       2.664200       0.000000       0.000000        34      33.0      34.0       0.450748   180.000    45.000    90.000    0     119.799728       0.149590
     50.00    -15.00      26.003710       0.000000       0.000000        34      33.0      34.0       0.450748   180.000    45.000    90.000    0     119.878571       0.197610
     50.00    -10.00      21.335800       0.000000       0.000000        34      33.0      34.0       0.450748   180.000    45.000    90.000    0     119.862480       0.197040
     50.00     -5.00      16.667900       0.000000       0.000000        34      33.0      34.0       0.450748   180.000    45.000    90.000    0     119.846390       0.196470
     50.00      0.00      12.000000       0.000000       0.000000        34      33.0      34.0       0.450748   180.000    45.000    90.000    0     119.830338       0.195910
     50.00      5.00       7.332100       0.000000       0.000000        34      33.0      34.0       0.450748   180.000    45.000    90.000    0     119.814247       0.195340
     50.00     10.00       2.664200       0.000000       0.000000        34      33.0      34.0       0.450748   180.000    45.000    90.000    0     119.798172       0.194780
