      xloc      yloc          depth         ave SR         max SR         #     start       end     max SR all       str       dip      rake flag
   -185.00    -15.00      26.003710       0.000000       0.000000        25      24.0      25.0       0.450748   180.000    45.000    90.000    0     119.952240      -1.926360
   -185.00    -10.00      21.335800       0.000000       0.000000        25      24.0      25.0       0.450748   180.000    45.000    90.000    0     119.936150      -1.926930
   -185.00     -5.00      16.667900       0.000000       0.000000        25      24.0      25.0       0.450748   180.000    45.000    90.000    0     119.920059      -1.927490
   -185.00      0.00      12.000000       0.000000       0.000000        25      24.0      25.0       0.450748   180.000    45.000    90.000    0     119.903961      -1.928060
   -185.00      5.00       7.332100       0.000000       0.000000        25      24.0      25.0       0.450748   180.000    45.000    90.000    0     119.887871      -1.928620
   -185.00     10.00       2.664200       0.000000       0.000000        25      24.0      25.0       0.450748   180.000    45.000    90.000    0     119.871780      -1.929190
   -180.00    -15.00      26.003710       0.000000       0.000000        25      24.0      25.0       0.450748   180.000    45.000    90.000    0     119.950684      -1.881170
   -180.00    -10.00      21.335800       0.000000       0.000000        25      24.0      25.0       0.450748   180.000    45.000    90.000    0     119.934578      -1.881740
   -180.00     -5.00      16.667900       0.000000       0.000000        25      24.0      25.0       0.450748   180.000    45.000    90.000    0     119.918488      -1.882300
   -180.00      0.00      12.000000       0.000000       0.000000        25      24.0      25.0       0.450748   180.000    45.000    90.000    0     119.902397      -1.882870
   -180.00      5.00       7.332100       0.000000       0.000000        25      24.0      25.0       0.450748   180.000    45.000    90.000    0     119.886299      -1.883430
   -180.00     10.00       2.664200       0.000000       0.000000        25      24.0      25.0       0.450748   180.000    45.000    90.000    0     119.870209      -1.884000
   -175.00    -15.00      26.003710       0.000000       0.000000        25      24.0      25.0       0.450748   180.000    45.000    90.000    0     119.949112      -1.835980
   -175.00    -10.00      21.335800       0.000000       0.000000        25      24.0      25.0       0.450748   180.000    45.000    90.000    0     119.933006      -1.836550
   -175.00     -5.00      16.667900       0.000000       0.000000        25      24.0      25.0       0.450748   180.000    45.000    90.000    0     119.916924      -1.837110
   -175.00      0.00      12.000000       0.000000       0.000000        25      24.0      25.0       0.450748   180.000    45.000    90.000    0     119.900833      -1.837680
   -175.00      5.00       7.332100       0.000000       0.000000        25      24.0      25.0       0.450748   180.000    45.000    90.000    0     119.884743      -1.838240
   -175.00     10.00       2.664200       0.000000       0.000000        25      24.0      25.0       0.450748   180.000    45.000    90.000    0     119.868637      -1.838810
   -170.00    -15.00      26.003710       0.000000       0.000000        25      24.0      25.0       0.450748   180.000    45.000    90.000    0     119.947540      -1.790790
   -170.00    -10.00      21.335800       0.000000       0.000000        25      24.0      25.0       0.450748   180.000    45.000    90.000    0     119.931450      -1.791360
   -170.00     -5.00      16.667900       0.000000       0.000000        25      24.0      25.0       0.450748   180.000    45.000    90.000    0     119.915352      -1.791920
   -170.00      0.00      12.000000       0.000000       0.000000        25      24.0      25.0       0.450748   180.000    45.000    90.000    0     119.899261      -1.792490
   -170.00      5.00       7.332100       0.000000       0.000000        25      24.0      25.0       0.450748   180.000    45.000    90.000    0     119.883171      -1.793050
   -170.00     10.00       2.664200       0.000000       0.000000        25      24.0      25.0       0.450748   180.000    45.000    90.000    0     119.867081      -1.793620
   -165.00    -15.00      26.003710       0.000000       0.000000        25      24.0      25.0       0.450748   180.000    45.000    90.000    0     119.945969      -1.745600
   -165.00    -10.00      21.335800       0.000000       0.000000        25      24.0      25.0       0.450748   180.000    45.000    90.000    0     119.929878      -1.746170
   -165.00     -5.00      16.667900       0.000000       0.000000        25      24.0      25.0       0.450748   180.000    45.000    90.000    0     119.913788      -1.746730
   -165.00      0.00      12.000000       0.000000       0.000000        25      24.0      25.0       0.450748   180.000    45.000    90.000    0     119.897690      -1.747300
   -165.00      5.00       7.332100       0.000000       0.000000        25      24.0      25.0       0.450748   180.000    45.000    90.000    0     119.881599      -1.747860
   -165.00     10.00       2.664200       0.000000       0.000000        25      24.0      25.0       0.450748   180.000    45.000    90.000    0     119.865509      -1.748430
   -160.00    -15.00      26.003710       0.000000       0.000000        25      24.0      25.0       0.450748   180.000    45.000    90.000    0     119.944397      -1.700410
   -160.00    -10.00      21.335800       0.000000       0.000000        25      24.0      25.0       0.450748   180.000    45.000    90.000    0     119.928307      -1.700980
   -160.00     -5.00      16.667900       0.000000       0.000000        25      24.0      25.0       0.450748   180.000    45.000    90.000    0     119.912216      -1.701540
   -160.00      0.00      12.000000       0.000000       0.000000        25      24.0      25.0       0.450748   180.000    45.000    90.000    0     119.896133      -1.702110
   -160.00      5.00       7.332100       0.000000       0.000000        25      24.0      25.0       0.450748   180.000    45.000    90.000    0     119.880028      -1.702670
   -160.00     10.00       2.664200       0.000000       0.000000        25      24.0      25.0       0.450748   180.000    45.000    90.000    0     119.863937      -1.703240
   -155.00    -15.00      26.003710       0.000000       0.000000        25      24.0      25.0       0.450748   180.000    45.000    90.000    0     119.942841      -1.655220
   -155.00    -10.00      21.335800       0.000000       0.000000        25      24.0      25.0       0.450748   180.000    45.000    90.000    0     119.926743      -1.655790
   -155.00     -5.00      16.667900       0.000000       0.000000        25      24.0      25.0       0.450748   180.000    45.000    90.000    0     119.910652      -1.656350
   -155.00      0.00      12.000000       0.000000       0.000000        25      24.0      25.0       0.450748   180.000    45.000    90.000    0     119.894562      -1.656920
   -155.00      5.00       7.332100       0.000000       0.000000        25      24.0      25.0       0.450748   180.000    45.000    90.000    0     119.878471      -1.657480
   -155.00     10.00       2.664200       0.000000       0.000000        25      24.0      25.0       0.450748   180.000    45.000    90.000    0     119.862373      -1.658050
   -150.00    -15.00      26.003710       0.000000       0.000000        25      24.0      25.0       0.450748   180.000    45.000    90.000    0     119.941269      -1.610030
   -150.00    -10.00      21.335800       0.000000       0.000000        25      24.0      25.0       0.450748   180.000    45.000    90.000    0     119.925179      -1.610590
   -150.00     -5.00      16.667900       0.000000       0.000000        25      24.0      25.0       0.450748   180.000    45.000    90.000    0     119.909081      -1.611160
   -150.00      0.00      12.000000       0.000000       0.000000        25      24.0      25.0       0.450748   180.000    45.000    90.000    0     119.892990      -1.611730
   -150.00      5.00       7.332100       0.000000       0.000000        25      24.0      25.0       0.450748   180.000    45.000    90.000    0     119.876900      -1.612290
   -150.00     10.00       2.664200       0.000000       0.000000        25      24.0      25.0       0.450748   180.000    45.000    90.000    0     119.860809      -1.612860
   -145.00    -15.00      26.003710       0.000000       0.000000        25      24.0      25.0       0.450748   180.000    45.000    90.000    0     119.939697      -1.564840
   -145.00    -10.00      21.335800       0.000000       0.000000        25      24.0      25.0       0.450748   180.000    45.000    90.000    0     119.923607      -1.565400
   -145.00     -5.00      16.667900       0.000000       0.000000        25      24.0      25.0       0.450748   180.000    45.000    90.000    0     119.907516      -1.565970
   -145.00      0.00      12.000000       0.000000       0.000000        25      24.0      25.0       0.450748   180.000    45.000    90.000    0     119.891418      -1.566530
   -145.00      5.00       7.332100       0.000000       0.000000        25      24.0      25.0       0.450748   180.000    45.000    90.000    0     119.875328      -1.567100
   -145.00     10.00       2.664200       0.000000       0.000000        25      24.0      25.0       0.450748   180.000    45.000    90.000    0     119.859238      -1.567660
   -140.00    -15.00      26.003710       0.000000       0.000000        25      24.0      25.0       0.450748   180.000    45.000    90.000    0     119.938133      -1.519650
   -140.00    -10.00      21.335800       0.000000       0.000000        25      24.0      25.0       0.450748   180.000    45.000    90.000    0     119.922043      -1.520210
   -140.00     -5.00      16.667900       0.000000       0.000000        25      24.0      25.0       0.450748   180.000    45.000    90.000    0     119.905952      -1.520780
   -140.00      0.00      12.000000       0.000000       0.000000        25      24.0      25.0       0.450748   180.000    45.000    90.000    0     119.889862      -1.521340
   -140.00      5.00       7.332100       0.000000       0.000000        25      24.0      25.0       0.450748   180.000    45.000    90.000    0     119.873772      -1.521910
   -140.00     10.00       2.664200       0.000000       0.000000        25      24.0      25.0       0.450748   180.000    45.000    90.000    0     119.857681      -1.522470
   -135.00    -15.00      26.003710       0.000000       0.000000        25      24.0      25.0       0.450748   180.000    45.000    90.000    0     119.936562      -1.474460
   -135.00    -10.00      21.335800       0.000000       0.000000        25      24.0      25.0       0.450748   180.000    45.000    90.000    0     119.920471      -1.475020
   -135.00     -5.00      16.667900       0.000000       0.000000        25      24.0      25.0       0.450748   180.000    45.000    90.000    0     119.904381      -1.475590
   -135.00      0.00      12.000000       0.000000       0.000000        25      24.0      25.0       0.450748   180.000    45.000    90.000    0     119.888290      -1.476150
   -135.00      5.00       7.332100       0.000000       0.000000        25      24.0      25.0       0.450748   180.000    45.000    90.000    0     119.872200      -1.476720
   -135.00     10.00       2.664200       0.000000       0.000000        25      24.0      25.0       0.450748   180.000    45.000    90.000    0     119.856110      -1.477280
   -130.00    -15.00      26.003710       0.000000       0.000000        25      24.0      25.0       0.450748   180.000    45.000    90.000    0     119.934998      -1.429270
   -130.00    -10.00      21.335800       0.000000       0.000000        25      24.0      25.0       0.450748   180.000    45.000    90.000    0     119.918907      -1.429830
   -130.00     -5.00      16.667900       0.000000       0.000000        25      24.0      25.0       0.450748   180.000    45.000    90.000    0     119.902809      -1.430400
   -130.00      0.00      12.000000       0.000000       0.000000        25      24.0      25.0       0.450748   180.000    45.000    90.000    0     119.886719      -1.430960
   -130.00      5.00       7.332100       0.000000       0.000000        25      24.0      25.0       0.450748   180.000    45.000    90.000    0     119.870628      -1.431530
   -130.00     10.00       2.664200       0.000000       0.000000        25      24.0      25.0       0.450748   180.000    45.000    90.000    0     119.854538      -1.432090
   -125.00    -15.00      26.003710       0.023071       0.023071        25      24.0      25.0       0.450748   200.550    88.470   -72.780    0     119.933434      -1.384080
   -125.00    -10.00      21.335800       0.039341       0.039341        25      24.0      25.0       0.450748   132.890    39.250   -22.120    1     119.917343      -1.384640
   -125.00     -5.00      16.667900       0.032628       0.032628        25      24.0      25.0       0.450748   308.600    70.630   -17.230    1     119.901253      -1.385210
   -125.00      0.00      12.000000       0.032456       0.032456        25      24.0      25.0       0.450748   169.400    66.990    77.910    0     119.885162      -1.385770
   -125.00      5.00       7.332100       0.031705       0.031705        25      24.0      25.0       0.450748   153.480    59.720    21.310    0     119.869072      -1.386340
   -125.00     10.00       2.664200       0.028757       0.028757        25      24.0      25.0       0.450748   151.060    67.080     4.240    0     119.852982      -1.386900
   -120.00    -15.00      26.003710       0.038273       0.038273        25      24.0      25.0       0.450748   327.960    61.540   -27.420    0     119.931862      -1.338890
   -120.00    -10.00      21.335800       0.063634       0.063634        25      24.0      25.0       0.450748   144.930    61.860    -0.370    0     119.915771      -1.339450
   -120.00     -5.00      16.667900       0.084207       0.084207        25      24.0      25.0       0.450748   134.750    68.930   -13.580    0     119.899681      -1.340020
   -120.00      0.00      12.000000       0.068552       0.068552        25      24.0      25.0       0.450748   137.500    85.980   -12.670    0     119.883591      -1.340580
   -120.00      5.00       7.332100       0.069021       0.069021        25      24.0      25.0       0.450748   146.940    62.760    13.510    0     119.867500      -1.341150
   -120.00     10.00       2.664200       0.076359       0.076359        25      24.0      25.0       0.450748   147.040    70.510     0.270    0     119.851410      -1.341710
   -115.00    -15.00      26.003710       0.062863       0.062863        25      24.0      25.0       0.450748   326.740    66.200   -30.640    0     119.930290      -1.293690
   -115.00    -10.00      21.335800       0.089907       0.089907        25      24.0      25.0       0.450748   148.200    77.950    -1.950    0     119.914200      -1.294260
   -115.00     -5.00      16.667900       0.126469       0.126469        25      24.0      25.0       0.450748   140.110    72.920   -17.510    0     119.898109      -1.294830
   -115.00      0.00      12.000000       0.122079       0.122079        25      24.0      25.0       0.450748   142.200    80.580   -22.930    0     119.882019      -1.295390
   -115.00      5.00       7.332100       0.121204       0.121204        25      24.0      25.0       0.450748   144.310    74.190   -12.220    0     119.865929      -1.295960
   -115.00     10.00       2.664200       0.129177       0.129177        25      24.0      25.0       0.450748   144.980    71.020    -9.730    0     119.849838      -1.296520
   -110.00    -15.00      26.003710       0.073051       0.073051        25      24.0      25.0       0.450748   328.020    73.430   -32.020    0     119.928726      -1.248500
   -110.00    -10.00      21.335800       0.117208       0.117208        25      24.0      25.0       0.450748   150.700    78.030    -1.270    0     119.912643      -1.249070
   -110.00     -5.00      16.667900       0.160303       0.160303        25      24.0      25.0       0.450748   144.650    74.240   -17.950    0     119.896553      -1.249630
   -110.00      0.00      12.000000       0.169874       0.169874        25      24.0      25.0       0.450748   144.060    72.450   -20.910    0     119.880463      -1.250200
   -110.00      5.00       7.332100       0.172248       0.172248        25      24.0      25.0       0.450748   144.610    69.070   -15.120    0     119.864372      -1.250760
   -110.00     10.00       2.664200       0.177596       0.177596        25      24.0      25.0       0.450748   145.250    67.500   -12.910    0     119.848282      -1.251330
   -105.00    -15.00      26.003710       0.080305       0.080305        25      24.0      25.0       0.450748   331.740    85.040   -28.940    0     119.927162      -1.203310
   -105.00    -10.00      21.335800       0.138099       0.138099        25      24.0      25.0       0.450748   152.360    75.210    -2.170    0     119.911072      -1.203880
   -105.00     -5.00      16.667900       0.182927       0.182927        25      24.0      25.0       0.450748   148.370    73.530   -16.530    0     119.894981      -1.204440
   -105.00      0.00      12.000000       0.201516       0.201516        25      24.0      25.0       0.450748   147.370    71.310   -20.940    0     119.878891      -1.205010
   -105.00      5.00       7.332100       0.207754       0.207754        25      24.0      25.0       0.450748   146.550    67.430   -17.030    0     119.862801      -1.205570
   -105.00     10.00       2.664200       0.212450       0.212450        25      24.0      25.0       0.450748   147.020    65.440   -14.600    0     119.846710      -1.206140
   -100.00    -15.00      26.003710       0.089256       0.089256        25      24.0      25.0       0.450748   156.150    86.820    22.410    0     119.925591      -1.158120
   -100.00    -10.00      21.335800       0.149604       0.149604        25      24.0      25.0       0.450748   154.880    74.270    -1.470    0     119.909500      -1.158690
   -100.00     -5.00      16.667900       0.194601       0.194601        25      24.0      25.0       0.450748   152.460    71.500   -13.760    0     119.893410      -1.159250
   -100.00      0.00      12.000000       0.217164       0.217164        25      24.0      25.0       0.450748   151.460    72.370   -20.270    0     119.877319      -1.159820
   -100.00      5.00       7.332100       0.226454       0.226454        25      24.0      25.0       0.450748   149.740    67.480   -18.170    0     119.861229      -1.160380
   -100.00     10.00       2.664200       0.232976       0.232976        25      24.0      25.0       0.450748   149.960    64.440   -15.470    0     119.845207      -1.160950
    -95.00    -15.00      26.003710       0.095502       0.095502        25      24.0      25.0       0.450748   336.540    88.360   -22.890    0     119.924026      -1.112930
    -95.00    -10.00      21.335800       0.156326       0.156326        25      24.0      25.0       0.450748   158.030    75.640     0.340    0     119.907944      -1.113500
    -95.00     -5.00      16.667900       0.197007       0.197007        25      24.0      25.0       0.450748   157.060    72.660   -11.190    0     119.891853      -1.114060
    -95.00      0.00      12.000000       0.219204       0.219204        25      24.0      25.0       0.450748   156.230    74.470   -17.590    0     119.875763      -1.114630
    -95.00      5.00       7.332100       0.231054       0.231054        25      24.0      25.0       0.450748   154.450    69.510   -18.660    0     119.859673      -1.115190
    -95.00     10.00       2.664200       0.239921       0.239921        25      24.0      25.0       0.450748   154.210    65.440   -15.750    0     119.843643      -1.115760
    -90.00    -15.00      26.003710       0.100362       0.100362        25      24.0      25.0       0.450748   336.490    83.000   -26.680    0     119.922462      -1.067740
    -90.00    -10.00      21.335800       0.159274       0.159274        25      24.0      25.0       0.450748   161.680    78.340     2.540    0     119.906372      -1.068310
    -90.00     -5.00      16.667900       0.197182       0.197182        25      24.0      25.0       0.450748   161.770    75.440    -7.990    0     119.890282      -1.068870
    -90.00      0.00      12.000000       0.215365       0.215365        25      24.0      25.0       0.450748   161.590    76.730   -12.400    0     119.874191      -1.069440
    -90.00      5.00       7.332100       0.227624       0.227624        25      24.0      25.0       0.450748   160.440    72.750   -16.080    0     119.858101      -1.070000
    -90.00     10.00       2.664200       0.238121       0.238121        25      24.0      25.0       0.450748   159.570    67.770   -14.090    0     119.842072      -1.070570
    -85.00    -15.00      26.003710       0.102299       0.102299        25      24.0      25.0       0.450748   339.170    81.200   -28.160    0     119.920891      -1.022550
    -85.00    -10.00      21.335800       0.161280       0.161280        25      24.0      25.0       0.450748   165.610    81.970     5.760    0     119.904800      -1.023120
    -85.00     -5.00      16.667900       0.197300       0.197300        25      24.0      25.0       0.450748   166.450    79.920    -3.250    0     119.888710      -1.023680
    -85.00      0.00      12.000000       0.213678       0.213678        25      24.0      25.0       0.450748   166.870    79.840    -6.190    0     119.872620      -1.024250
    -85.00      5.00       7.332100       0.225424       0.225424        25      24.0      25.0       0.450748   166.630    76.880   -10.020    0     119.856537      -1.024810
    -85.00     10.00       2.664200       0.233809       0.233809        25      24.0      25.0       0.450748   165.510    71.800    -9.490    0     119.840500      -1.025380
    -80.00    -15.00      26.003710       0.104182       0.104182        25      24.0      25.0       0.450748   342.520    78.960   -28.310    0     119.919319      -0.977360
    -80.00    -10.00      21.335800       0.163919       0.163919        25      24.0      25.0       0.450748   168.680    87.380     9.940    0     119.903236      -0.977920
    -80.00     -5.00      16.667900       0.201921       0.201921        25      24.0      25.0       0.450748   170.660    83.480     3.860    0     119.887154      -0.978490
    -80.00      0.00      12.000000       0.216876       0.216876        25      24.0      25.0       0.450748   172.040    82.140     1.770    0     119.871063      -0.979050
    -80.00      5.00       7.332100       0.226819       0.226819        25      24.0      25.0       0.450748   172.120    82.380    -0.320    0     119.854973      -0.979620
    -80.00     10.00       2.664200       0.233110       0.233110        25      24.0      25.0       0.450748   171.140    78.110    -1.400    0     119.838928      -0.980190
    -75.00    -15.00      26.003710       0.108677       0.108677        25      24.0      25.0       0.450748   345.470    72.530   -25.540    0     119.917763      -0.932170
    -75.00    -10.00      21.335800       0.171647       0.171647        25      24.0      25.0       0.450748   350.720    86.150   -15.170    0     119.901672      -0.932730
    -75.00     -5.00      16.667900       0.210261       0.210261        25      24.0      25.0       0.450748   173.950    88.310    11.400    0     119.885582      -0.933300
    -75.00      0.00      12.000000       0.226504       0.226504        25      24.0      25.0       0.450748   176.440    83.940     9.270    0     119.869492      -0.933860
    -75.00      5.00       7.332100       0.235589       0.235589        25      24.0      25.0       0.450748   176.140    86.550     9.330    0     119.853401      -0.934430
    -75.00     10.00       2.664200       0.240101       0.240101        25      24.0      25.0       0.450748   175.240    84.640     8.150    0     119.837357      -0.934990
    -70.00    -15.00      26.003710       0.108327       0.108327        25      24.0      25.0       0.450748   349.660    69.680   -21.370    0     119.916191      -0.886980
    -70.00    -10.00      21.335800       0.178210       0.178210        25      24.0      25.0       0.450748   353.350    82.880   -18.480    0     119.900101      -0.887540
    -70.00     -5.00      16.667900       0.219221       0.219221        25      24.0      25.0       0.450748   356.840    89.590   -16.840    0     119.884010      -0.888110
    -70.00      0.00      12.000000       0.238625       0.238625        25      24.0      25.0       0.450748   179.950    85.720    16.160    0     119.867928      -0.888670
    -70.00      5.00       7.332100       0.246293       0.246293        25      24.0      25.0       0.450748   179.300    88.420    17.360    0     119.851837      -0.889240
    -70.00     10.00       2.664200       0.251277       0.251277        25      24.0      25.0       0.450748   177.870    89.190    16.190    0     119.835793      -0.889800
    -65.00    -15.00      26.003710       0.099557       0.099557        25      24.0      25.0       0.450748   353.980    70.150   -15.680    0     119.914619      -0.841790
    -65.00    -10.00      21.335800       0.179084       0.179084        25      24.0      25.0       0.450748   357.350    83.460   -20.090    0     119.898537      -0.842350
    -65.00     -5.00      16.667900       0.225555       0.225555        25      24.0      25.0       0.450748     0.130    89.200   -21.330    0     119.882446      -0.842920
    -65.00      0.00      12.000000       0.249419       0.249419        25      24.0      25.0       0.450748   182.360    87.910    22.940    0     119.866364      -0.843480
    -65.00      5.00       7.332100       0.255690       0.255690        25      24.0      25.0       0.450748   182.230    88.400    23.900    0     119.850273      -0.844050
    -65.00     10.00       2.664200       0.259972       0.259972        25      24.0      25.0       0.450748   359.950    88.760   -22.080    0     119.834221      -0.844610
    -60.00    -15.00      26.003710       0.085411       0.085411        25      24.0      25.0       0.450748   358.630    76.460    -6.900    0     119.913063      -0.796600
    -60.00    -10.00      21.335800       0.173798       0.173798        25      24.0      25.0       0.450748     0.430    83.360   -19.770    0     119.896973      -0.797160
    -60.00     -5.00      16.667900       0.225107       0.225107        25      24.0      25.0       0.450748     2.650    87.910   -23.370    0     119.880882      -0.797730
    -60.00      0.00      12.000000       0.252121       0.252121        25      24.0      25.0       0.450748   184.740    88.290    27.520    0     119.864792      -0.798290
    -60.00      5.00       7.332100       0.257536       0.257536        25      24.0      25.0       0.450748   184.610    88.440    28.350    0     119.848701      -0.798860
    -60.00     10.00       2.664200       0.259650       0.259650        25      24.0      25.0       0.450748     1.500    87.430   -26.040    0     119.832657      -0.799420
    -55.00    -15.00      26.003710       0.075027       0.075027        25      24.0      25.0       0.450748   182.540    89.000   -11.850    0     119.911491      -0.751410
    -55.00    -10.00      21.335800       0.157012       0.157012        25      24.0      25.0       0.450748     4.490    85.290   -14.380    0     119.895401      -0.751970
    -55.00     -5.00      16.667900       0.215500       0.215500        25      24.0      25.0       0.450748     4.920    86.070   -24.780    0     119.879311      -0.752540
    -55.00      0.00      12.000000       0.245674       0.245674        25      24.0      25.0       0.450748   186.280    89.790    31.710    0     119.863228      -0.753100
    -55.00      5.00       7.332100       0.247686       0.247686        25      24.0      25.0       0.450748   186.000    89.300    31.330    0     119.847137      -0.753670
    -55.00     10.00       2.664200       0.247953       0.247953        25      24.0      25.0       0.450748     2.550    86.150   -28.890    0     119.831093      -0.754230
    -50.00    -15.00      26.003710       0.075916       0.075916        25      24.0      25.0       0.450748   184.680    82.330   -27.390    0     119.909920      -0.706210
    -50.00    -10.00      21.335800       0.136297       0.136297        25      24.0      25.0       0.450748     8.830    88.580    -4.220    0     119.893837      -0.706780
    -50.00     -5.00      16.667900       0.193584       0.193584        25      24.0      25.0       0.450748     7.540    84.720   -24.950    0     119.877747      -0.707340
    -50.00      0.00      12.000000       0.226477       0.226477        25      24.0      25.0       0.450748     7.320    87.660   -34.860    0     119.861656      -0.707910
    -50.00      5.00       7.332100       0.225119       0.225119        25      24.0      25.0       0.450748     6.370    88.700   -33.330    0     119.845612      -0.708470
    -50.00     10.00       2.664200       0.222953       0.222953        25      24.0      25.0       0.450748     2.930    84.390   -30.680    0     119.829521      -0.709040
    -45.00    -15.00      26.003710       0.079456       0.079456        25      24.0      25.0       0.450748    19.230    86.900    52.540    0     119.908363      -0.661020
    -45.00    -10.00      21.335800       0.116910       0.116910        25      24.0      25.0       0.450748    13.750    89.090    10.250    0     119.892273      -0.661590
    -45.00     -5.00      16.667900       0.157209       0.157209        25      24.0      25.0       0.450748    11.120    83.960   -22.400    0     119.876183      -0.662150
    -45.00      0.00      12.000000       0.187644       0.187644        25      24.0      25.0       0.450748     9.260    87.530   -35.540    0     119.860092      -0.662720
    -45.00      5.00       7.332100       0.187471       0.187471        25      24.0      25.0       0.450748     6.320    87.140   -33.870    0     119.844040      -0.663280
    -45.00     10.00       2.664200       0.183704       0.183704        25      24.0      25.0       0.450748     2.380    82.010   -30.950    0     119.827950      -0.663850
    -40.00    -15.00      26.003710       0.090742       0.090742        25      24.0      25.0       0.450748    42.420    79.600    78.190    0     119.906792      -0.615830
    -40.00    -10.00      21.335800       0.098210       0.098210        25      24.0      25.0       0.450748    22.630    79.480    28.720    0     119.890701      -0.616400
    -40.00     -5.00      16.667900       0.111848       0.111848        25      24.0      25.0       0.450748    14.110    79.260   -16.190    0     119.874619      -0.616960
    -40.00      0.00      12.000000       0.133725       0.133725        25      24.0      25.0       0.450748     9.480    85.990   -33.870    0     119.858528      -0.617530
    -40.00      5.00       7.332100       0.136955       0.136955        25      24.0      25.0       0.450748     4.040    83.650   -32.160    0     119.842468      -0.618090
    -40.00     10.00       2.664200       0.132969       0.132969        25      24.0      25.0       0.450748   359.700    77.740   -28.760    0     119.826378      -0.618660
    -35.00    -15.00      26.003710       0.075619       0.075619        25      24.0      25.0       0.450748    41.770    79.790    76.050    0     119.905220      -0.570640
    -35.00    -10.00      21.335800       0.065488       0.065488        25      24.0      25.0       0.450748    30.070    69.390    32.510    0     119.889137      -0.571210
    -35.00     -5.00      16.667900       0.063035       0.063035        25      24.0      25.0       0.450748    15.790    61.370    -0.410    0     119.873047      -0.571770
    -35.00      0.00      12.000000       0.070351       0.070351        25      24.0      25.0       0.450748     6.660    85.060   -27.330    0     119.856956      -0.572340
    -35.00      5.00       7.332100       0.077231       0.077231        25      24.0      25.0       0.450748   359.620    80.710   -24.290    0     119.840897      -0.572900
    -35.00     10.00       2.664200       0.077756       0.077756        25      24.0      25.0       0.450748   354.490    71.360   -23.670    0     119.824806      -0.573470
    -30.00    -15.00      26.003710       0.017881       0.017881        25      24.0      25.0       0.450748   187.810    81.630   -77.480    0     119.903664      -0.525450
    -30.00    -10.00      21.335800       0.038619       0.038619        25      24.0      25.0       0.450748     3.340    15.330    13.570    0     119.887573      -0.526020
    -30.00     -5.00      16.667900       0.015557       0.015557        25      24.0      25.0       0.450748     3.500    74.720     4.100    0     119.871483      -0.526580
    -30.00      0.00      12.000000       0.018693       0.018693        25      24.0      25.0       0.450748     6.960    78.360    24.610    0     119.855400      -0.527150
    -30.00      5.00       7.332100       0.021094       0.021094        25      24.0      25.0       0.450748   182.830    81.870     6.480    0     119.839333      -0.527710
    -30.00     10.00       2.664200       0.023930       0.023930        25      24.0      25.0       0.450748   345.590    64.980   -24.530    0     119.823242      -0.528280
    -25.00    -15.00      26.003710       0.016113       0.016113        25      24.0      25.0       0.450748    84.120    81.680   -88.820    1     119.902092      -0.480260
    -25.00    -10.00      21.335800       0.000000       0.000000        25      24.0      25.0       0.450748   180.000    45.000    90.000    0     119.886002      -0.480820
    -25.00     -5.00      16.667900       0.000000       0.000000        25      24.0      25.0       0.450748   180.000    45.000    90.000    0     119.869919      -0.481390
    -25.00      0.00      12.000000       0.000000       0.000000        25      24.0      25.0       0.450748   180.000    45.000    90.000    0     119.853828      -0.481950
    -25.00      5.00       7.332100       0.000000       0.000000        25      24.0      25.0       0.450748   180.000    45.000    90.000    0     119.837761      -0.482520
    -25.00     10.00       2.664200       0.000000       0.000000        25      24.0      25.0       0.450748   180.000    45.000    90.000    0     119.821671      -0.483090
    -20.00    -15.00      26.003710       0.000000       0.000000        25      24.0      25.0       0.450748   180.000    45.000    90.000    0     119.900528      -0.435070
    -20.00    -10.00      21.335800       0.000000       0.000000        25      24.0      25.0       0.450748   180.000    45.000    90.000    0     119.884438      -0.435630
    -20.00     -5.00      16.667900       0.000000       0.000000        25      24.0      25.0       0.450748   180.000    45.000    90.000    0     119.868347      -0.436200
    -20.00      0.00      12.000000       0.000000       0.000000        25      24.0      25.0       0.450748   180.000    45.000    90.000    0     119.852257      -0.436760
    -20.00      5.00       7.332100       0.000000       0.000000        25      24.0      25.0       0.450748   180.000    45.000    90.000    0     119.836189      -0.437330
    -20.00     10.00       2.664200       0.000000       0.000000        25      24.0      25.0       0.450748   180.000    45.000    90.000    0     119.820099      -0.437900
    -15.00    -15.00      26.003710       0.000000       0.000000        25      24.0      25.0       0.450748   180.000    45.000    90.000    0     119.898956      -0.389880
    -15.00    -10.00      21.335800       0.000000       0.000000        25      24.0      25.0       0.450748   180.000    45.000    90.000    0     119.882874      -0.390440
    -15.00     -5.00      16.667900       0.000000       0.000000        25      24.0      25.0       0.450748   180.000    45.000    90.000    0     119.866791      -0.391010
    -15.00      0.00      12.000000       0.000000       0.000000        25      24.0      25.0       0.450748   180.000    45.000    90.000    0     119.850700      -0.391570
    -15.00      5.00       7.332100       0.000000       0.000000        25      24.0      25.0       0.450748   180.000    45.000    90.000    0     119.834618      -0.392140
    -15.00     10.00       2.664200       0.000000       0.000000        25      24.0      25.0       0.450748   180.000    45.000    90.000    0     119.818527      -0.392700
    -10.00    -15.00      26.003710       0.000000       0.000000        25      24.0      25.0       0.450748   180.000    45.000    90.000    0     119.897392      -0.344690
    -10.00    -10.00      21.335800       0.000000       0.000000        25      24.0      25.0       0.450748   180.000    45.000    90.000    0     119.881310      -0.345250
    -10.00     -5.00      16.667900       0.000000       0.000000        25      24.0      25.0       0.450748   180.000    45.000    90.000    0     119.865219      -0.345820
    -10.00      0.00      12.000000       0.000000       0.000000        25      24.0      25.0       0.450748   180.000    45.000    90.000    0     119.849129      -0.346380
    -10.00      5.00       7.332100       0.000000       0.000000        25      24.0      25.0       0.450748   180.000    45.000    90.000    0     119.833054      -0.346950
    -10.00     10.00       2.664200       0.000000       0.000000        25      24.0      25.0       0.450748   180.000    45.000    90.000    0     119.816963      -0.347510
     -5.00    -15.00      26.003710       0.000000       0.000000        25      24.0      25.0       0.450748   180.000    45.000    90.000    0     119.895828      -0.299500
     -5.00    -10.00      21.335800       0.000000       0.000000        25      24.0      25.0       0.450748   180.000    45.000    90.000    0     119.879738      -0.300060
     -5.00     -5.00      16.667900       0.000000       0.000000        25      24.0      25.0       0.450748   180.000    45.000    90.000    0     119.863647      -0.300630
     -5.00      0.00      12.000000       0.000000       0.000000        25      24.0      25.0       0.450748   180.000    45.000    90.000    0     119.847572      -0.301190
     -5.00      5.00       7.332100       0.000000       0.000000        25      24.0      25.0       0.450748   180.000    45.000    90.000    0     119.831482      -0.301760
     -5.00     10.00       2.664200       0.000000       0.000000        25      24.0      25.0       0.450748   180.000    45.000    90.000    0     119.815399      -0.302320
      0.00    -15.00      26.003710       0.000000       0.000000        25      24.0      25.0       0.450748   180.000    45.000    90.000    0     119.894257      -0.254300
      0.00    -10.00      21.335800       0.000000       0.000000        25      24.0      25.0       0.450748   180.000    45.000    90.000    0     119.878166      -0.254870
      0.00     -5.00      16.667900       0.000000       0.000000        25      24.0      25.0       0.450748   180.000    45.000    90.000    0     119.862091      -0.255430
      0.00      0.00      12.000000       0.000000       0.000000        25      24.0      25.0       0.450748   180.000    45.000    90.000    0     119.846001      -0.256000
      0.00      5.00       7.332100       0.000000       0.000000        25      24.0      25.0       0.450748   180.000    45.000    90.000    0     119.829910      -0.256570
      0.00     10.00       2.664200       0.000000       0.000000        25      24.0      25.0       0.450748   180.000    45.000    90.000    0     119.813828      -0.257130
      5.00    -15.00      26.003710       0.000000       0.000000        25      24.0      25.0       0.450748   180.000    45.000    90.000    0     119.892693      -0.209110
      5.00    -10.00      21.335800       0.000000       0.000000        25      24.0      25.0       0.450748   180.000    45.000    90.000    0     119.876602      -0.209680
      5.00     -5.00      16.667900       0.000000       0.000000        25      24.0      25.0       0.450748   180.000    45.000    90.000    0     119.860519      -0.210240
      5.00      0.00      12.000000       0.000000       0.000000        25      24.0      25.0       0.450748   180.000    45.000    90.000    0     119.844429      -0.210810
      5.00      5.00       7.332100       0.000000       0.000000        25      24.0      25.0       0.450748   180.000    45.000    90.000    0     119.828346      -0.211370
      5.00     10.00       2.664200       0.000000       0.000000        25      24.0      25.0       0.450748   180.000    45.000    90.000    0     119.812263      -0.211940
     10.00    -15.00      26.003710       0.000000       0.000000        25      24.0      25.0       0.450748   180.000    45.000    90.000    0     119.891121      -0.163920
     10.00    -10.00      21.335800       0.000000       0.000000        25      24.0      25.0       0.450748   180.000    45.000    90.000    0     119.875038      -0.164490
     10.00     -5.00      16.667900       0.000000       0.000000        25      24.0      25.0       0.450748   180.000    45.000    90.000    0     119.858948      -0.165050
     10.00      0.00      12.000000       0.000000       0.000000        25      24.0      25.0       0.450748   180.000    45.000    90.000    0     119.842873      -0.165620
     10.00      5.00       7.332100       0.000000       0.000000        25      24.0      25.0       0.450748   180.000    45.000    90.000    0     119.826782      -0.166180
     10.00     10.00       2.664200       0.000000       0.000000        25      24.0      25.0       0.450748   180.000    45.000    90.000    0     119.810692      -0.166750
     15.00    -15.00      26.003710       0.000000       0.000000        25      24.0      25.0       0.450748   180.000    45.000    90.000    0     119.889549      -0.118730
     15.00    -10.00      21.335800       0.000000       0.000000        25      24.0      25.0       0.450748   180.000    45.000    90.000    0     119.873466      -0.119300
     15.00     -5.00      16.667900       0.000000       0.000000        25      24.0      25.0       0.450748   180.000    45.000    90.000    0     119.857384      -0.119860
     15.00      0.00      12.000000       0.000000       0.000000        25      24.0      25.0       0.450748   180.000    45.000    90.000    0     119.841301      -0.120430
     15.00      5.00       7.332100       0.000000       0.000000        25      24.0      25.0       0.450748   180.000    45.000    90.000    0     119.825218      -0.120990
     15.00     10.00       2.664200       0.000000       0.000000        25      24.0      25.0       0.450748   180.000    45.000    90.000    0     119.809128      -0.121560
     20.00    -15.00      26.003710       0.000000       0.000000        25      24.0      25.0       0.450748   180.000    45.000    90.000    0     119.887978      -0.073540
     20.00    -10.00      21.335800       0.000000       0.000000        25      24.0      25.0       0.450748   180.000    45.000    90.000    0     119.871902      -0.074100
     20.00     -5.00      16.667900       0.000000       0.000000        25      24.0      25.0       0.450748   180.000    45.000    90.000    0     119.855812      -0.074670
     20.00      0.00      12.000000       0.000000       0.000000        25      24.0      25.0       0.450748   180.000    45.000    90.000    0     119.839737      -0.075240
     20.00      5.00       7.332100       0.000000       0.000000        25      24.0      25.0       0.450748   180.000    45.000    90.000    0     119.823647      -0.075800
     20.00     10.00       2.664200       0.000000       0.000000        25      24.0      25.0       0.450748   180.000    45.000    90.000    0     119.807564      -0.076370
     25.00    -15.00      26.003710       0.011209       0.011209        25      24.0      25.0       0.450748    84.280    37.340    86.420    1     119.886414      -0.028350
     25.00    -10.00      21.335800       0.000000       0.000000        25      24.0      25.0       0.450748   180.000    45.000    90.000    0     119.870331      -0.028910
     25.00     -5.00      16.667900       0.000000       0.000000        25      24.0      25.0       0.450748   180.000    45.000    90.000    0     119.854240      -0.029480
     25.00      0.00      12.000000       0.000000       0.000000        25      24.0      25.0       0.450748   180.000    45.000    90.000    0     119.838173      -0.030050
     25.00      5.00       7.332100       0.000000       0.000000        25      24.0      25.0       0.450748   180.000    45.000    90.000    0     119.822083      -0.030610
     25.00     10.00       2.664200       0.000000       0.000000        25      24.0      25.0       0.450748   180.000    45.000    90.000    0     119.806000      -0.031180
     30.00    -15.00      26.003710       0.045833       0.045833        25      24.0      25.0       0.450748    70.890     2.940    93.750    1     119.884850       0.016840
     30.00    -10.00      21.335800       0.019598       0.019598        25      24.0      25.0       0.450748   307.560    37.960   -11.030    1     119.868759       0.016280
     30.00     -5.00      16.667900       0.022870       0.022870        25      24.0      25.0       0.450748   317.110    83.160   -46.510    0     119.852669       0.015710
     30.00      0.00      12.000000       0.025739       0.025739        25      24.0      25.0       0.450748   327.710    82.410    -2.520    0     119.836601       0.015150
     30.00      5.00       7.332100       0.024769       0.024769        25      24.0      25.0       0.450748   160.790    51.740     9.760    0     119.820518       0.014580
     30.00     10.00       2.664200       0.025301       0.025301        25      24.0      25.0       0.450748   158.000    65.190    13.670    0     119.804428       0.014020
     35.00    -15.00      26.003710       0.087566       0.087566        25      24.0      25.0       0.450748   106.310    20.440   135.650    1     119.883278       0.062030
     35.00    -10.00      21.335800       0.083426       0.083426        25      24.0      25.0       0.450748    98.580     9.400   137.210    1     119.867188       0.061470
     35.00     -5.00      16.667900       0.033255       0.033255        25      24.0      25.0       0.450748   171.130    86.600    35.060    0     119.851097       0.060900
     35.00      0.00      12.000000       0.056925       0.056925        25      24.0      25.0       0.450748   155.850    80.360     0.460    0     119.835037       0.060340
     35.00      5.00       7.332100       0.064461       0.064461        25      24.0      25.0       0.450748   323.490    71.130   -32.100    0     119.818947       0.059770
     35.00     10.00       2.664200       0.064165       0.064165        25      24.0      25.0       0.450748   328.260    82.830   -23.560    0     119.802856       0.059210
     40.00    -15.00      26.003710       0.078967       0.078967        25      24.0      25.0       0.450748   111.470    19.340   151.040    1     119.881706       0.107230
     40.00    -10.00      21.335800       0.092716       0.092716        25      24.0      25.0       0.450748   111.520    16.960   151.200    1     119.865623       0.106660
     40.00     -5.00      16.667900       0.051427       0.051427        25      24.0      25.0       0.450748   212.630    72.060    72.750    0     119.849533       0.106090
     40.00      0.00      12.000000       0.066102       0.066102        25      24.0      25.0       0.450748   332.340    63.480   -25.840    0     119.833473       0.105530
     40.00      5.00       7.332100       0.085514       0.085514        25      24.0      25.0       0.450748   323.320    62.680   -33.820    0     119.817390       0.104960
     40.00     10.00       2.664200       0.081516       0.081516        25      24.0      25.0       0.450748   324.910    67.300   -30.130    0     119.801300       0.104400
     45.00    -15.00      26.003710       0.050297       0.050297        25      24.0      25.0       0.450748   214.140    87.820    77.260    0     119.880142       0.152420
     45.00    -10.00      21.335800       0.067083       0.067083        25      24.0      25.0       0.450748   117.090    28.870   155.930    1     119.864052       0.151850
     45.00     -5.00      16.667900       0.056753       0.056753        25      24.0      25.0       0.450748    88.000    30.420   129.000    1     119.847961       0.151280
     45.00      0.00      12.000000       0.068845       0.068845        25      24.0      25.0       0.450748   208.510    83.180    88.760    0     119.831909       0.150720
     45.00      5.00       7.332100       0.078580       0.078580        25      24.0      25.0       0.450748   324.940    59.680   -32.710    0     119.815819       0.150150
     45.00     10.00       2.664200       0.072030       0.072030        25      24.0      25.0       0.450748   325.870    60.830   -27.800    0     119.799728       0.149590
     50.00    -15.00      26.003710       0.027915       0.027915        25      24.0      25.0       0.450748   352.070    89.000  -116.480    0     119.878571       0.197610
     50.00    -10.00      21.335800       0.037329       0.037329        25      24.0      25.0       0.450748   123.930    55.040   144.570    1     119.862480       0.197040
     50.00     -5.00      16.667900       0.035573       0.035573        25      24.0      25.0       0.450748    90.050    32.590   122.540    1     119.846390       0.196470
     50.00      0.00      12.000000       0.054031       0.054031        25      24.0      25.0       0.450748   203.390    84.010    82.910    0     119.830338       0.195910
     50.00      5.00       7.332100       0.052588       0.052588        25      24.0      25.0       0.450748   327.410    58.750   -33.820    0     119.814247       0.195340
     50.00     10.00       2.664200       0.044141       0.044141        25      24.0      25.0       0.450748   326.250    55.760   -25.610    0     119.798172       0.194780
