      xloc      yloc          depth         ave SR         max SR         #     start       end     max SR all       str       dip      rake flag
   -185.00    -15.00      26.003710       0.000000       0.000000        21      20.0      21.0       0.450748   180.000    45.000    90.000    0     119.952240      -1.926360
   -185.00    -10.00      21.335800       0.000000       0.000000        21      20.0      21.0       0.450748   180.000    45.000    90.000    0     119.936150      -1.926930
   -185.00     -5.00      16.667900       0.000000       0.000000        21      20.0      21.0       0.450748   180.000    45.000    90.000    0     119.920059      -1.927490
   -185.00      0.00      12.000000       0.000000       0.000000        21      20.0      21.0       0.450748   180.000    45.000    90.000    0     119.903961      -1.928060
   -185.00      5.00       7.332100       0.000000       0.000000        21      20.0      21.0       0.450748   180.000    45.000    90.000    0     119.887871      -1.928620
   -185.00     10.00       2.664200       0.000000       0.000000        21      20.0      21.0       0.450748   180.000    45.000    90.000    0     119.871780      -1.929190
   -180.00    -15.00      26.003710       0.000000       0.000000        21      20.0      21.0       0.450748   180.000    45.000    90.000    0     119.950684      -1.881170
   -180.00    -10.00      21.335800       0.000000       0.000000        21      20.0      21.0       0.450748   180.000    45.000    90.000    0     119.934578      -1.881740
   -180.00     -5.00      16.667900       0.000000       0.000000        21      20.0      21.0       0.450748   180.000    45.000    90.000    0     119.918488      -1.882300
   -180.00      0.00      12.000000       0.000000       0.000000        21      20.0      21.0       0.450748   180.000    45.000    90.000    0     119.902397      -1.882870
   -180.00      5.00       7.332100       0.000000       0.000000        21      20.0      21.0       0.450748   180.000    45.000    90.000    0     119.886299      -1.883430
   -180.00     10.00       2.664200       0.000000       0.000000        21      20.0      21.0       0.450748   180.000    45.000    90.000    0     119.870209      -1.884000
   -175.00    -15.00      26.003710       0.000000       0.000000        21      20.0      21.0       0.450748   180.000    45.000    90.000    0     119.949112      -1.835980
   -175.00    -10.00      21.335800       0.000000       0.000000        21      20.0      21.0       0.450748   180.000    45.000    90.000    0     119.933006      -1.836550
   -175.00     -5.00      16.667900       0.000000       0.000000        21      20.0      21.0       0.450748   180.000    45.000    90.000    0     119.916924      -1.837110
   -175.00      0.00      12.000000       0.000000       0.000000        21      20.0      21.0       0.450748   180.000    45.000    90.000    0     119.900833      -1.837680
   -175.00      5.00       7.332100       0.000000       0.000000        21      20.0      21.0       0.450748   180.000    45.000    90.000    0     119.884743      -1.838240
   -175.00     10.00       2.664200       0.000000       0.000000        21      20.0      21.0       0.450748   180.000    45.000    90.000    0     119.868637      -1.838810
   -170.00    -15.00      26.003710       0.000000       0.000000        21      20.0      21.0       0.450748   180.000    45.000    90.000    0     119.947540      -1.790790
   -170.00    -10.00      21.335800       0.000000       0.000000        21      20.0      21.0       0.450748   180.000    45.000    90.000    0     119.931450      -1.791360
   -170.00     -5.00      16.667900       0.000000       0.000000        21      20.0      21.0       0.450748   180.000    45.000    90.000    0     119.915352      -1.791920
   -170.00      0.00      12.000000       0.000000       0.000000        21      20.0      21.0       0.450748   180.000    45.000    90.000    0     119.899261      -1.792490
   -170.00      5.00       7.332100       0.000000       0.000000        21      20.0      21.0       0.450748   180.000    45.000    90.000    0     119.883171      -1.793050
   -170.00     10.00       2.664200       0.000000       0.000000        21      20.0      21.0       0.450748   180.000    45.000    90.000    0     119.867081      -1.793620
   -165.00    -15.00      26.003710       0.000000       0.000000        21      20.0      21.0       0.450748   180.000    45.000    90.000    0     119.945969      -1.745600
   -165.00    -10.00      21.335800       0.000000       0.000000        21      20.0      21.0       0.450748   180.000    45.000    90.000    0     119.929878      -1.746170
   -165.00     -5.00      16.667900       0.000000       0.000000        21      20.0      21.0       0.450748   180.000    45.000    90.000    0     119.913788      -1.746730
   -165.00      0.00      12.000000       0.000000       0.000000        21      20.0      21.0       0.450748   180.000    45.000    90.000    0     119.897690      -1.747300
   -165.00      5.00       7.332100       0.000000       0.000000        21      20.0      21.0       0.450748   180.000    45.000    90.000    0     119.881599      -1.747860
   -165.00     10.00       2.664200       0.000000       0.000000        21      20.0      21.0       0.450748   180.000    45.000    90.000    0     119.865509      -1.748430
   -160.00    -15.00      26.003710       0.000000       0.000000        21      20.0      21.0       0.450748   180.000    45.000    90.000    0     119.944397      -1.700410
   -160.00    -10.00      21.335800       0.000000       0.000000        21      20.0      21.0       0.450748   180.000    45.000    90.000    0     119.928307      -1.700980
   -160.00     -5.00      16.667900       0.000000       0.000000        21      20.0      21.0       0.450748   180.000    45.000    90.000    0     119.912216      -1.701540
   -160.00      0.00      12.000000       0.000000       0.000000        21      20.0      21.0       0.450748   180.000    45.000    90.000    0     119.896133      -1.702110
   -160.00      5.00       7.332100       0.000000       0.000000        21      20.0      21.0       0.450748   180.000    45.000    90.000    0     119.880028      -1.702670
   -160.00     10.00       2.664200       0.000000       0.000000        21      20.0      21.0       0.450748   180.000    45.000    90.000    0     119.863937      -1.703240
   -155.00    -15.00      26.003710       0.000000       0.000000        21      20.0      21.0       0.450748   180.000    45.000    90.000    0     119.942841      -1.655220
   -155.00    -10.00      21.335800       0.000000       0.000000        21      20.0      21.0       0.450748   180.000    45.000    90.000    0     119.926743      -1.655790
   -155.00     -5.00      16.667900       0.000000       0.000000        21      20.0      21.0       0.450748   180.000    45.000    90.000    0     119.910652      -1.656350
   -155.00      0.00      12.000000       0.000000       0.000000        21      20.0      21.0       0.450748   180.000    45.000    90.000    0     119.894562      -1.656920
   -155.00      5.00       7.332100       0.000000       0.000000        21      20.0      21.0       0.450748   180.000    45.000    90.000    0     119.878471      -1.657480
   -155.00     10.00       2.664200       0.000000       0.000000        21      20.0      21.0       0.450748   180.000    45.000    90.000    0     119.862373      -1.658050
   -150.00    -15.00      26.003710       0.000000       0.000000        21      20.0      21.0       0.450748   180.000    45.000    90.000    0     119.941269      -1.610030
   -150.00    -10.00      21.335800       0.000000       0.000000        21      20.0      21.0       0.450748   180.000    45.000    90.000    0     119.925179      -1.610590
   -150.00     -5.00      16.667900       0.000000       0.000000        21      20.0      21.0       0.450748   180.000    45.000    90.000    0     119.909081      -1.611160
   -150.00      0.00      12.000000       0.000000       0.000000        21      20.0      21.0       0.450748   180.000    45.000    90.000    0     119.892990      -1.611730
   -150.00      5.00       7.332100       0.000000       0.000000        21      20.0      21.0       0.450748   180.000    45.000    90.000    0     119.876900      -1.612290
   -150.00     10.00       2.664200       0.000000       0.000000        21      20.0      21.0       0.450748   180.000    45.000    90.000    0     119.860809      -1.612860
   -145.00    -15.00      26.003710       0.000000       0.000000        21      20.0      21.0       0.450748   180.000    45.000    90.000    0     119.939697      -1.564840
   -145.00    -10.00      21.335800       0.000000       0.000000        21      20.0      21.0       0.450748   180.000    45.000    90.000    0     119.923607      -1.565400
   -145.00     -5.00      16.667900       0.000000       0.000000        21      20.0      21.0       0.450748   180.000    45.000    90.000    0     119.907516      -1.565970
   -145.00      0.00      12.000000       0.000000       0.000000        21      20.0      21.0       0.450748   180.000    45.000    90.000    0     119.891418      -1.566530
   -145.00      5.00       7.332100       0.000000       0.000000        21      20.0      21.0       0.450748   180.000    45.000    90.000    0     119.875328      -1.567100
   -145.00     10.00       2.664200       0.000000       0.000000        21      20.0      21.0       0.450748   180.000    45.000    90.000    0     119.859238      -1.567660
   -140.00    -15.00      26.003710       0.000000       0.000000        21      20.0      21.0       0.450748   180.000    45.000    90.000    0     119.938133      -1.519650
   -140.00    -10.00      21.335800       0.000000       0.000000        21      20.0      21.0       0.450748   180.000    45.000    90.000    0     119.922043      -1.520210
   -140.00     -5.00      16.667900       0.000000       0.000000        21      20.0      21.0       0.450748   180.000    45.000    90.000    0     119.905952      -1.520780
   -140.00      0.00      12.000000       0.000000       0.000000        21      20.0      21.0       0.450748   180.000    45.000    90.000    0     119.889862      -1.521340
   -140.00      5.00       7.332100       0.000000       0.000000        21      20.0      21.0       0.450748   180.000    45.000    90.000    0     119.873772      -1.521910
   -140.00     10.00       2.664200       0.000000       0.000000        21      20.0      21.0       0.450748   180.000    45.000    90.000    0     119.857681      -1.522470
   -135.00    -15.00      26.003710       0.000000       0.000000        21      20.0      21.0       0.450748   180.000    45.000    90.000    0     119.936562      -1.474460
   -135.00    -10.00      21.335800       0.000000       0.000000        21      20.0      21.0       0.450748   180.000    45.000    90.000    0     119.920471      -1.475020
   -135.00     -5.00      16.667900       0.000000       0.000000        21      20.0      21.0       0.450748   180.000    45.000    90.000    0     119.904381      -1.475590
   -135.00      0.00      12.000000       0.000000       0.000000        21      20.0      21.0       0.450748   180.000    45.000    90.000    0     119.888290      -1.476150
   -135.00      5.00       7.332100       0.000000       0.000000        21      20.0      21.0       0.450748   180.000    45.000    90.000    0     119.872200      -1.476720
   -135.00     10.00       2.664200       0.000000       0.000000        21      20.0      21.0       0.450748   180.000    45.000    90.000    0     119.856110      -1.477280
   -130.00    -15.00      26.003710       0.000000       0.000000        21      20.0      21.0       0.450748   180.000    45.000    90.000    0     119.934998      -1.429270
   -130.00    -10.00      21.335800       0.000000       0.000000        21      20.0      21.0       0.450748   180.000    45.000    90.000    0     119.918907      -1.429830
   -130.00     -5.00      16.667900       0.000000       0.000000        21      20.0      21.0       0.450748   180.000    45.000    90.000    0     119.902809      -1.430400
   -130.00      0.00      12.000000       0.000000       0.000000        21      20.0      21.0       0.450748   180.000    45.000    90.000    0     119.886719      -1.430960
   -130.00      5.00       7.332100       0.000000       0.000000        21      20.0      21.0       0.450748   180.000    45.000    90.000    0     119.870628      -1.431530
   -130.00     10.00       2.664200       0.000000       0.000000        21      20.0      21.0       0.450748   180.000    45.000    90.000    0     119.854538      -1.432090
   -125.00    -15.00      26.003710       0.000000       0.000000        21      20.0      21.0       0.450748   180.000    45.000    90.000    0     119.933434      -1.384080
   -125.00    -10.00      21.335800       0.000000       0.000000        21      20.0      21.0       0.450748   180.000    45.000    90.000    0     119.917343      -1.384640
   -125.00     -5.00      16.667900       0.000000       0.000000        21      20.0      21.0       0.450748   180.000    45.000    90.000    0     119.901253      -1.385210
   -125.00      0.00      12.000000       0.000000       0.000000        21      20.0      21.0       0.450748   180.000    45.000    90.000    0     119.885162      -1.385770
   -125.00      5.00       7.332100       0.000000       0.000000        21      20.0      21.0       0.450748   180.000    45.000    90.000    0     119.869072      -1.386340
   -125.00     10.00       2.664200       0.000000       0.000000        21      20.0      21.0       0.450748   180.000    45.000    90.000    0     119.852982      -1.386900
   -120.00    -15.00      26.003710       0.000000       0.000000        21      20.0      21.0       0.450748   180.000    45.000    90.000    0     119.931862      -1.338890
   -120.00    -10.00      21.335800       0.000000       0.000000        21      20.0      21.0       0.450748   180.000    45.000    90.000    0     119.915771      -1.339450
   -120.00     -5.00      16.667900       0.000000       0.000000        21      20.0      21.0       0.450748   180.000    45.000    90.000    0     119.899681      -1.340020
   -120.00      0.00      12.000000       0.000000       0.000000        21      20.0      21.0       0.450748   180.000    45.000    90.000    0     119.883591      -1.340580
   -120.00      5.00       7.332100       0.000000       0.000000        21      20.0      21.0       0.450748   180.000    45.000    90.000    0     119.867500      -1.341150
   -120.00     10.00       2.664200       0.000000       0.000000        21      20.0      21.0       0.450748   180.000    45.000    90.000    0     119.851410      -1.341710
   -115.00    -15.00      26.003710       0.000000       0.000000        21      20.0      21.0       0.450748   180.000    45.000    90.000    0     119.930290      -1.293690
   -115.00    -10.00      21.335800       0.000000       0.000000        21      20.0      21.0       0.450748   180.000    45.000    90.000    0     119.914200      -1.294260
   -115.00     -5.00      16.667900       0.000000       0.000000        21      20.0      21.0       0.450748   180.000    45.000    90.000    0     119.898109      -1.294830
   -115.00      0.00      12.000000       0.000000       0.000000        21      20.0      21.0       0.450748   180.000    45.000    90.000    0     119.882019      -1.295390
   -115.00      5.00       7.332100       0.000000       0.000000        21      20.0      21.0       0.450748   180.000    45.000    90.000    0     119.865929      -1.295960
   -115.00     10.00       2.664200       0.000000       0.000000        21      20.0      21.0       0.450748   180.000    45.000    90.000    0     119.849838      -1.296520
   -110.00    -15.00      26.003710       0.000000       0.000000        21      20.0      21.0       0.450748   180.000    45.000    90.000    0     119.928726      -1.248500
   -110.00    -10.00      21.335800       0.000000       0.000000        21      20.0      21.0       0.450748   180.000    45.000    90.000    0     119.912643      -1.249070
   -110.00     -5.00      16.667900       0.000000       0.000000        21      20.0      21.0       0.450748   180.000    45.000    90.000    0     119.896553      -1.249630
   -110.00      0.00      12.000000       0.000000       0.000000        21      20.0      21.0       0.450748   180.000    45.000    90.000    0     119.880463      -1.250200
   -110.00      5.00       7.332100       0.000000       0.000000        21      20.0      21.0       0.450748   180.000    45.000    90.000    0     119.864372      -1.250760
   -110.00     10.00       2.664200       0.000000       0.000000        21      20.0      21.0       0.450748   180.000    45.000    90.000    0     119.848282      -1.251330
   -105.00    -15.00      26.003710       0.021583       0.021583        21      20.0      21.0       0.450748    61.050    32.410    30.810    1     119.927162      -1.203310
   -105.00    -10.00      21.335800       0.046933       0.046933        21      20.0      21.0       0.450748    48.330    27.240    30.490    1     119.911072      -1.203880
   -105.00     -5.00      16.667900       0.031495       0.031495        21      20.0      21.0       0.450748   183.930    81.840    29.710    0     119.894981      -1.204440
   -105.00      0.00      12.000000       0.044012       0.044012        21      20.0      21.0       0.450748   172.540    10.190     9.510    0     119.878891      -1.205010
   -105.00      5.00       7.332100       0.045237       0.045237        21      20.0      21.0       0.450748   153.090    23.590   -12.990    0     119.862801      -1.205570
   -105.00     10.00       2.664200       0.046268       0.046268        21      20.0      21.0       0.450748   142.770    41.580   -31.840    0     119.846710      -1.206140
   -100.00    -15.00      26.003710       0.064943       0.064943        21      20.0      21.0       0.450748    48.430    42.170    48.400    1     119.925591      -1.158120
   -100.00    -10.00      21.335800       0.091395       0.091395        21      20.0      21.0       0.450748    43.310    47.850    40.700    1     119.909500      -1.158690
   -100.00     -5.00      16.667900       0.059178       0.059178        21      20.0      21.0       0.450748    20.680    77.320    21.610    0     119.893410      -1.159250
   -100.00      0.00      12.000000       0.066809       0.066809        21      20.0      21.0       0.450748   185.250    70.160   -31.000    0     119.877319      -1.159820
   -100.00      5.00       7.332100       0.092664       0.092664        21      20.0      21.0       0.450748   163.920    38.570   -36.640    0     119.861229      -1.160380
   -100.00     10.00       2.664200       0.097067       0.097067        21      20.0      21.0       0.450748   154.290    42.780   -39.350    0     119.845207      -1.160950
    -95.00    -15.00      26.003710       0.071554       0.071554        21      20.0      21.0       0.450748    40.940    49.580    46.930    0     119.924026      -1.112930
    -95.00    -10.00      21.335800       0.106722       0.106722        21      20.0      21.0       0.450748    38.160    55.380    41.600    0     119.907944      -1.113500
    -95.00     -5.00      16.667900       0.089879       0.089879        21      20.0      21.0       0.450748    22.200    74.960    13.070    0     119.891853      -1.114060
    -95.00      0.00      12.000000       0.097953       0.097953        21      20.0      21.0       0.450748   191.480    80.600   -12.300    0     119.875763      -1.114630
    -95.00      5.00       7.332100       0.109915       0.109915        21      20.0      21.0       0.450748   180.200    53.320   -20.410    0     119.859673      -1.115190
    -95.00     10.00       2.664200       0.115902       0.115902        21      20.0      21.0       0.450748   169.930    51.070   -30.230    0     119.843643      -1.115760
    -90.00    -15.00      26.003710       0.075406       0.075406        21      20.0      21.0       0.450748    40.060    50.690    48.140    0     119.922462      -1.067740
    -90.00    -10.00      21.335800       0.110034       0.110034        21      20.0      21.0       0.450748    32.490    58.310    36.000    0     119.906372      -1.068310
    -90.00     -5.00      16.667900       0.116606       0.116606        21      20.0      21.0       0.450748    19.310    82.150     0.120    0     119.890282      -1.068870
    -90.00      0.00      12.000000       0.134289       0.134289        21      20.0      21.0       0.450748    13.590    89.750    -4.940    0     119.874191      -1.069440
    -90.00      5.00       7.332100       0.151036       0.151036        21      20.0      21.0       0.450748     4.490    84.560   -23.240    0     119.858101      -1.070000
    -90.00     10.00       2.664200       0.148728       0.148728        21      20.0      21.0       0.450748   182.820    88.980    11.650    0     119.842072      -1.070570
    -85.00    -15.00      26.003710       0.075815       0.075815        21      20.0      21.0       0.450748    41.440    48.090    51.390    0     119.920891      -1.022550
    -85.00    -10.00      21.335800       0.111895       0.111895        21      20.0      21.0       0.450748    20.620    89.620    -7.130    0     119.904800      -1.023120
    -85.00     -5.00      16.667900       0.149529       0.149529        21      20.0      21.0       0.450748   197.890    89.400    14.880    0     119.888710      -1.023680
    -85.00      0.00      12.000000       0.171916       0.171916        21      20.0      21.0       0.450748    13.070    87.790   -13.790    0     119.872620      -1.024250
    -85.00      5.00       7.332100       0.196318       0.196318        21      20.0      21.0       0.450748     5.610    82.580   -24.900    0     119.856537      -1.024810
    -85.00     10.00       2.664200       0.197899       0.197899        21      20.0      21.0       0.450748     3.920    83.810   -19.050    0     119.840500      -1.025380
    -80.00    -15.00      26.003710       0.074447       0.074447        21      20.0      21.0       0.450748    51.030    39.970    67.370    1     119.919319      -0.977360
    -80.00    -10.00      21.335800       0.128353       0.128353        21      20.0      21.0       0.450748   205.130    75.830    29.760    0     119.903236      -0.977920
    -80.00     -5.00      16.667900       0.182872       0.182872        21      20.0      21.0       0.450748   197.330    86.100    23.010    0     119.887154      -0.978490
    -80.00      0.00      12.000000       0.207877       0.207877        21      20.0      21.0       0.450748    11.710    86.380   -20.540    0     119.871063      -0.979050
    -80.00      5.00       7.332100       0.235017       0.235017        21      20.0      21.0       0.450748     6.300    82.630   -24.690    0     119.854973      -0.979620
    -80.00     10.00       2.664200       0.242943       0.242943        21      20.0      21.0       0.450748     4.300    81.950   -21.520    0     119.838928      -0.980190
    -75.00    -15.00      26.003710       0.073430       0.073430        21      20.0      21.0       0.450748    83.710    34.610   118.090    1     119.917763      -0.932170
    -75.00    -10.00      21.335800       0.137797       0.137797        21      20.0      21.0       0.450748   203.140    79.520    31.810    0     119.901672      -0.932730
    -75.00     -5.00      16.667900       0.203930       0.203930        21      20.0      21.0       0.450748   195.520    87.220    26.140    0     119.885582      -0.933300
    -75.00      0.00      12.000000       0.239954       0.239954        21      20.0      21.0       0.450748     9.520    84.140   -25.590    0     119.869492      -0.933860
    -75.00      5.00       7.332100       0.263528       0.263528        21      20.0      21.0       0.450748     5.480    81.120   -24.180    0     119.853401      -0.934430
    -75.00     10.00       2.664200       0.278354       0.278354        21      20.0      21.0       0.450748     3.560    80.020   -22.570    0     119.837357      -0.934990
    -70.00    -15.00      26.003710       0.081403       0.081403        21      20.0      21.0       0.450748   214.430    72.230    55.900    0     119.916191      -0.886980
    -70.00    -10.00      21.335800       0.145604       0.145604        21      20.0      21.0       0.450748   198.940    87.230    32.740    0     119.900101      -0.887540
    -70.00     -5.00      16.667900       0.212196       0.212196        21      20.0      21.0       0.450748   193.320    89.330    26.820    0     119.884010      -0.888110
    -70.00      0.00      12.000000       0.261543       0.261543        21      20.0      21.0       0.450748     7.260    82.560   -27.370    0     119.867928      -0.888670
    -70.00      5.00       7.332100       0.282399       0.282399        21      20.0      21.0       0.450748     3.650    79.220   -22.870    0     119.851837      -0.889240
    -70.00     10.00       2.664200       0.301768       0.301768        21      20.0      21.0       0.450748     1.850    77.460   -22.300    0     119.835793      -0.889800
    -65.00    -15.00      26.003710       0.087223       0.087223        21      20.0      21.0       0.450748   209.360    80.280    57.660    0     119.914619      -0.841790
    -65.00    -10.00      21.335800       0.149857       0.149857        21      20.0      21.0       0.450748    13.020    84.780   -31.520    0     119.898537      -0.842350
    -65.00     -5.00      16.667900       0.212637       0.212637        21      20.0      21.0       0.450748     9.460    85.310   -26.550    0     119.882446      -0.842920
    -65.00      0.00      12.000000       0.268926       0.268926        21      20.0      21.0       0.450748     4.470    81.360   -27.110    0     119.866364      -0.843480
    -65.00      5.00       7.332100       0.296794       0.296794        21      20.0      21.0       0.450748     0.460    74.900   -22.180    0     119.850273      -0.844050
    -65.00     10.00       2.664200       0.314831       0.314831        21      20.0      21.0       0.450748   359.460    74.010   -21.100    0     119.834221      -0.844610
    -60.00    -15.00      26.003710       0.093330       0.093330        21      20.0      21.0       0.450748   212.330    82.060    66.550    0     119.913063      -0.796600
    -60.00    -10.00      21.335800       0.153392       0.153392        21      20.0      21.0       0.450748     5.920    76.000   -28.410    0     119.896973      -0.797160
    -60.00     -5.00      16.667900       0.209267       0.209267        21      20.0      21.0       0.450748     4.580    78.590   -24.240    0     119.880882      -0.797730
    -60.00      0.00      12.000000       0.266090       0.266090        21      20.0      21.0       0.450748     0.880    77.920   -25.170    0     119.864792      -0.798290
    -60.00      5.00       7.332100       0.303138       0.303138        21      20.0      21.0       0.450748   357.380    70.710   -20.740    0     119.848701      -0.798860
    -60.00     10.00       2.664200       0.318833       0.318833        21      20.0      21.0       0.450748   356.900    70.320   -19.170    0     119.832657      -0.799420
    -55.00    -15.00      26.003710       0.096607       0.096607        21      20.0      21.0       0.450748    60.910     8.360   103.090    1     119.911491      -0.751410
    -55.00    -10.00      21.335800       0.156542       0.156542        21      20.0      21.0       0.450748   357.810    64.930   -22.670    0     119.895401      -0.751970
    -55.00     -5.00      16.667900       0.208893       0.208893        21      20.0      21.0       0.450748   358.980    70.740   -21.970    0     119.879311      -0.752540
    -55.00      0.00      12.000000       0.255068       0.255068        21      20.0      21.0       0.450748   357.310    73.830   -20.880    0     119.863228      -0.753100
    -55.00      5.00       7.332100       0.296829       0.296829        21      20.0      21.0       0.450748   355.000    68.050   -17.730    0     119.847137      -0.753670
    -55.00     10.00       2.664200       0.311910       0.311910        21      20.0      21.0       0.450748   354.680    67.720   -16.470    0     119.831093      -0.754230
    -50.00    -15.00      26.003710       0.100519       0.100519        21      20.0      21.0       0.450748   -18.550    25.670     0.550    0     119.909920      -0.706210
    -50.00    -10.00      21.335800       0.159345       0.159345        21      20.0      21.0       0.450748   351.340    56.380   -19.120    0     119.893837      -0.706780
    -50.00     -5.00      16.667900       0.207079       0.207079        21      20.0      21.0       0.450748   353.540    64.080   -19.730    0     119.877747      -0.707340
    -50.00      0.00      12.000000       0.243158       0.243158        21      20.0      21.0       0.450748   353.550    69.310   -16.980    0     119.861656      -0.707910
    -50.00      5.00       7.332100       0.279644       0.279644        21      20.0      21.0       0.450748   353.220    67.300   -13.440    0     119.845612      -0.708470
    -50.00     10.00       2.664200       0.296946       0.296946        21      20.0      21.0       0.450748   352.690    66.140   -13.290    0     119.829521      -0.709040
    -45.00    -15.00      26.003710       0.100421       0.100421        21      20.0      21.0       0.450748   338.580    37.340   -12.750    0     119.908363      -0.661020
    -45.00    -10.00      21.335800       0.160725       0.160725        21      20.0      21.0       0.450748   346.310    51.280   -18.340    0     119.892273      -0.661590
    -45.00     -5.00      16.667900       0.200885       0.200885        21      20.0      21.0       0.450748   349.150    59.980   -18.210    0     119.876183      -0.662150
    -45.00      0.00      12.000000       0.237302       0.237302        21      20.0      21.0       0.450748   348.880    62.850   -15.930    0     119.860092      -0.662720
    -45.00      5.00       7.332100       0.258811       0.258811        21      20.0      21.0       0.450748   351.520    67.240    -8.170    0     119.844040      -0.663280
    -45.00     10.00       2.664200       0.274217       0.274217        21      20.0      21.0       0.450748   351.190    67.010    -8.400    0     119.827950      -0.663850
    -40.00    -15.00      26.003710       0.098536       0.098536        21      20.0      21.0       0.450748   335.960    41.520   -17.680    0     119.906792      -0.615830
    -40.00    -10.00      21.335800       0.156060       0.156060        21      20.0      21.0       0.450748   342.830    49.710   -19.560    0     119.890701      -0.616400
    -40.00     -5.00      16.667900       0.194192       0.194192        21      20.0      21.0       0.450748   344.980    56.310   -17.570    0     119.874619      -0.616960
    -40.00      0.00      12.000000       0.225824       0.225824        21      20.0      21.0       0.450748   345.390    59.220   -14.870    0     119.858528      -0.617530
    -40.00      5.00       7.332100       0.237010       0.237010        21      20.0      21.0       0.450748   349.430    70.750    -0.910    0     119.842468      -0.618090
    -40.00     10.00       2.664200       0.247581       0.247581        21      20.0      21.0       0.450748   349.430    74.690     1.740    0     119.826378      -0.618660
    -35.00    -15.00      26.003710       0.085801       0.085801        21      20.0      21.0       0.450748   335.910    51.010   -22.920    0     119.905220      -0.570640
    -35.00    -10.00      21.335800       0.141343       0.141343        21      20.0      21.0       0.450748   340.980    51.060   -19.460    0     119.889137      -0.571210
    -35.00     -5.00      16.667900       0.184158       0.184158        21      20.0      21.0       0.450748   341.420    52.780   -18.090    0     119.873047      -0.571770
    -35.00      0.00      12.000000       0.210670       0.210670        21      20.0      21.0       0.450748   341.590    56.240   -16.170    0     119.856956      -0.572340
    -35.00      5.00       7.332100       0.217950       0.217950        21      20.0      21.0       0.450748   343.910    87.030    16.780    0     119.840897      -0.572900
    -35.00     10.00       2.664200       0.230104       0.230104        21      20.0      21.0       0.450748   161.850    84.390   -24.470    0     119.824806      -0.573470
    -30.00    -15.00      26.003710       0.073322       0.073322        21      20.0      21.0       0.450748   337.760    63.470   -30.450    0     119.903664      -0.525450
    -30.00    -10.00      21.335800       0.122766       0.122766        21      20.0      21.0       0.450748   339.360    53.310   -18.850    0     119.887573      -0.526020
    -30.00     -5.00      16.667900       0.168532       0.168532        21      20.0      21.0       0.450748   336.730    48.790   -22.400    0     119.871483      -0.526580
    -30.00      0.00      12.000000       0.186480       0.186480        21      20.0      21.0       0.450748   338.820    55.230   -16.110    0     119.855400      -0.527150
    -30.00      5.00       7.332100       0.214906       0.214906        21      20.0      21.0       0.450748   150.130    73.850   -40.350    0     119.839333      -0.527710
    -30.00     10.00       2.664200       0.222899       0.222899        21      20.0      21.0       0.450748   152.680    73.960   -38.170    0     119.823242      -0.528280
    -25.00    -15.00      26.003710       0.062683       0.062683        21      20.0      21.0       0.450748   339.190    69.380   -35.540    0     119.902092      -0.480260
    -25.00    -10.00      21.335800       0.103271       0.103271        21      20.0      21.0       0.450748   336.660    55.410   -19.180    0     119.886002      -0.480820
    -25.00     -5.00      16.667900       0.142383       0.142383        21      20.0      21.0       0.450748   330.010    43.150   -31.500    0     119.869919      -0.481390
    -25.00      0.00      12.000000       0.161002       0.161002        21      20.0      21.0       0.450748   144.660    72.710   -42.730    0     119.853828      -0.481950
    -25.00      5.00       7.332100       0.200384       0.200384        21      20.0      21.0       0.450748   145.000    69.780   -44.560    0     119.837761      -0.482520
    -25.00     10.00       2.664200       0.204258       0.204258        21      20.0      21.0       0.450748   147.490    70.380   -42.400    0     119.821671      -0.483090
    -20.00    -15.00      26.003710       0.047805       0.047805        21      20.0      21.0       0.450748   342.560    79.080   -45.420    0     119.900528      -0.435070
    -20.00    -10.00      21.335800       0.084950       0.084950        21      20.0      21.0       0.450748   329.420    54.970   -28.950    0     119.884438      -0.435630
    -20.00     -5.00      16.667900       0.113020       0.113020        21      20.0      21.0       0.450748   102.080    59.880   -98.590    1     119.868347      -0.436200
    -20.00      0.00      12.000000       0.127642       0.127642        21      20.0      21.0       0.450748   142.760    72.380   -43.170    0     119.852257      -0.436760
    -20.00      5.00       7.332100       0.161657       0.161657        21      20.0      21.0       0.450748   142.230    68.320   -45.830    0     119.836189      -0.437330
    -20.00     10.00       2.664200       0.164263       0.164263        21      20.0      21.0       0.450748   144.220    69.050   -44.220    0     119.820099      -0.437900
    -15.00    -15.00      26.003710       0.037432       0.037432        21      20.0      21.0       0.450748   318.890    71.700   -82.910    0     119.898956      -0.389880
    -15.00    -10.00      21.335800       0.073071       0.073071        21      20.0      21.0       0.450748    90.050    43.890  -114.120    1     119.882874      -0.390440
    -15.00     -5.00      16.667900       0.080860       0.080860        21      20.0      21.0       0.450748   114.120    52.900   -75.960    1     119.866791      -0.391010
    -15.00      0.00      12.000000       0.074285       0.074285        21      20.0      21.0       0.450748   146.500    78.920   -36.410    0     119.850700      -0.391570
    -15.00      5.00       7.332100       0.096161       0.096161        21      20.0      21.0       0.450748   142.380    69.760   -46.290    0     119.834618      -0.392140
    -15.00     10.00       2.664200       0.100997       0.100997        21      20.0      21.0       0.450748   143.120    70.940   -45.390    0     119.818527      -0.392700
    -10.00    -15.00      26.003710       0.051622       0.051622        21      20.0      21.0       0.450748   138.250    20.580   -88.300    0     119.897392      -0.344690
    -10.00    -10.00      21.335800       0.085365       0.085365        21      20.0      21.0       0.450748   100.940    31.450   -98.150    1     119.881310      -0.345250
    -10.00     -5.00      16.667900       0.046649       0.046649        21      20.0      21.0       0.450748    95.640    28.980   -98.670    1     119.865219      -0.345820
    -10.00      0.00      12.000000       0.029953       0.029953        21      20.0      21.0       0.450748   145.040    40.200   -10.190    0     119.849129      -0.346380
    -10.00      5.00       7.332100       0.034218       0.034218        21      20.0      21.0       0.450748    37.630    18.150    32.590    0     119.833054      -0.346950
    -10.00     10.00       2.664200       0.036194       0.036194        21      20.0      21.0       0.450748   146.770    88.430   -46.970    0     119.816963      -0.347510
     -5.00    -15.00      26.003710       0.033071       0.033071        21      20.0      21.0       0.450748   171.460    30.620   -56.880    0     119.895828      -0.299500
     -5.00    -10.00      21.335800       0.070516       0.070516        21      20.0      21.0       0.450748   113.200    29.830   -62.100    1     119.879738      -0.300060
     -5.00     -5.00      16.667900       0.000000       0.000000        21      20.0      21.0       0.450748   180.000    45.000    90.000    0     119.863647      -0.300630
     -5.00      0.00      12.000000       0.000000       0.000000        21      20.0      21.0       0.450748   180.000    45.000    90.000    0     119.847572      -0.301190
     -5.00      5.00       7.332100       0.000000       0.000000        21      20.0      21.0       0.450748   180.000    45.000    90.000    0     119.831482      -0.301760
     -5.00     10.00       2.664200       0.009771       0.009771        21      20.0      21.0       0.450748   208.120    58.780   114.110    0     119.815399      -0.302320
      0.00    -15.00      26.003710       0.022759       0.022759        21      20.0      21.0       0.450748    46.170    40.180  -112.140    1     119.894257      -0.254300
      0.00    -10.00      21.335800       0.047923       0.047923        21      20.0      21.0       0.450748   104.700    29.120   -84.320    1     119.878166      -0.254870
      0.00     -5.00      16.667900       0.000000       0.000000        21      20.0      21.0       0.450748   180.000    45.000    90.000    0     119.862091      -0.255430
      0.00      0.00      12.000000       0.000000       0.000000        21      20.0      21.0       0.450748   180.000    45.000    90.000    0     119.846001      -0.256000
      0.00      5.00       7.332100       0.000000       0.000000        21      20.0      21.0       0.450748   180.000    45.000    90.000    0     119.829910      -0.256570
      0.00     10.00       2.664200       0.011097       0.011097        21      20.0      21.0       0.450748   139.530    66.920    52.220    0     119.813828      -0.257130
      5.00    -15.00      26.003710       0.024641       0.024641        21      20.0      21.0       0.450748    81.210    57.410   -91.950    1     119.892693      -0.209110
      5.00    -10.00      21.335800       0.051691       0.051691        21      20.0      21.0       0.450748    61.310    76.800  -116.090    1     119.876602      -0.209680
      5.00     -5.00      16.667900       0.000000       0.000000        21      20.0      21.0       0.450748   180.000    45.000    90.000    0     119.860519      -0.210240
      5.00      0.00      12.000000       0.000000       0.000000        21      20.0      21.0       0.450748   180.000    45.000    90.000    0     119.844429      -0.210810
      5.00      5.00       7.332100       0.000000       0.000000        21      20.0      21.0       0.450748   180.000    45.000    90.000    0     119.828346      -0.211370
      5.00     10.00       2.664200       0.016269       0.016269        21      20.0      21.0       0.450748   161.720    32.760    31.230    0     119.812263      -0.211940
     10.00    -15.00      26.003710       0.035752       0.035752        21      20.0      21.0       0.450748   348.360    85.170    62.770    0     119.891121      -0.163920
     10.00    -10.00      21.335800       0.037616       0.037616        21      20.0      21.0       0.450748   358.620    76.570    51.220    0     119.875038      -0.164490
     10.00     -5.00      16.667900       0.037083       0.037083        21      20.0      21.0       0.450748   355.760    84.890    72.240    0     119.858948      -0.165050
     10.00      0.00      12.000000       0.025773       0.025773        21      20.0      21.0       0.450748   348.830    81.560    62.030    0     119.842873      -0.165620
     10.00      5.00       7.332100       0.027809       0.027809        21      20.0      21.0       0.450748   216.990    46.620  -176.340    0     119.826782      -0.166180
     10.00     10.00       2.664200       0.034417       0.034417        21      20.0      21.0       0.450748   141.990    45.210    20.390    0     119.810692      -0.166750
     15.00    -15.00      26.003710       0.083413       0.083413        21      20.0      21.0       0.450748    20.360    78.120    73.910    0     119.889549      -0.118730
     15.00    -10.00      21.335800       0.092723       0.092723        21      20.0      21.0       0.450748    22.830    72.860    69.160    0     119.873466      -0.119300
     15.00     -5.00      16.667900       0.082643       0.082643        21      20.0      21.0       0.450748    16.280    71.490    69.420    0     119.857384      -0.119860
     15.00      0.00      12.000000       0.070380       0.070380        21      20.0      21.0       0.450748   150.040    65.020   -19.200    0     119.841301      -0.120430
     15.00      5.00       7.332100       0.071102       0.071102        21      20.0      21.0       0.450748   143.450    48.030     4.030    0     119.825218      -0.120990
     15.00     10.00       2.664200       0.075656       0.075656        21      20.0      21.0       0.450748   147.630    44.210    15.590    0     119.809128      -0.121560
     20.00    -15.00      26.003710       0.101103       0.101103        21      20.0      21.0       0.450748    16.870    79.670    71.760    0     119.887978      -0.073540
     20.00    -10.00      21.335800       0.105925       0.105925        21      20.0      21.0       0.450748    13.500    74.440    66.280    0     119.871902      -0.074100
     20.00     -5.00      16.667900       0.094368       0.094368        21      20.0      21.0       0.450748     4.180    72.430    57.570    0     119.855812      -0.074670
     20.00      0.00      12.000000       0.100208       0.100208        21      20.0      21.0       0.450748   152.140    68.720    -3.590    0     119.839737      -0.075240
     20.00      5.00       7.332100       0.108961       0.108961        21      20.0      21.0       0.450748   149.230    66.540     5.310    0     119.823647      -0.075800
     20.00     10.00       2.664200       0.108979       0.108979        21      20.0      21.0       0.450748   149.750    63.830    13.050    0     119.807564      -0.076370
     25.00    -15.00      26.003710       0.101264       0.101264        21      20.0      21.0       0.450748     9.600    79.900    67.770    0     119.886414      -0.028350
     25.00    -10.00      21.335800       0.106455       0.106455        21      20.0      21.0       0.450748     2.970    75.980    58.310    0     119.870331      -0.028910
     25.00     -5.00      16.667900       0.105745       0.105745        21      20.0      21.0       0.450748   158.850    85.250   -14.520    0     119.854240      -0.029480
     25.00      0.00      12.000000       0.126302       0.126302        21      20.0      21.0       0.450748   152.660    77.600     7.410    0     119.838173      -0.030050
     25.00      5.00       7.332100       0.139109       0.139109        21      20.0      21.0       0.450748   151.160    78.130    12.230    0     119.822083      -0.030610
     25.00     10.00       2.664200       0.143224       0.143224        21      20.0      21.0       0.450748   150.920    76.360    18.280    0     119.806000      -0.031180
     30.00    -15.00      26.003710       0.089717       0.089717        21      20.0      21.0       0.450748   358.710    81.570    58.110    0     119.884850       0.016840
     30.00    -10.00      21.335800       0.099414       0.099414        21      20.0      21.0       0.450748   353.380    76.790    46.830    0     119.868759       0.016280
     30.00     -5.00      16.667900       0.116372       0.116372        21      20.0      21.0       0.450748   155.250    87.060    -3.970    0     119.852669       0.015710
     30.00      0.00      12.000000       0.144044       0.144044        21      20.0      21.0       0.450748   152.360    83.910    14.090    0     119.836601       0.015150
     30.00      5.00       7.332100       0.161173       0.161173        21      20.0      21.0       0.450748   151.620    84.040    17.070    0     119.820518       0.014580
     30.00     10.00       2.664200       0.170769       0.170769        21      20.0      21.0       0.450748   151.150    83.500    23.350    0     119.804428       0.014020
     35.00    -15.00      26.003710       0.076537       0.076537        21      20.0      21.0       0.450748   351.630    79.270    48.580    0     119.883278       0.062030
     35.00    -10.00      21.335800       0.093093       0.093093        21      20.0      21.0       0.450748   341.860    78.750    29.800    0     119.867188       0.061470
     35.00     -5.00      16.667900       0.121984       0.121984        21      20.0      21.0       0.450748   331.920    86.420    -1.590    0     119.851097       0.060900
     35.00      0.00      12.000000       0.152315       0.152315        21      20.0      21.0       0.450748   331.390    89.600   -17.400    0     119.835037       0.060340
     35.00      5.00       7.332100       0.169299       0.169299        21      20.0      21.0       0.450748   151.170    88.920    20.400    0     119.818947       0.059770
     35.00     10.00       2.664200       0.182812       0.182812        21      20.0      21.0       0.450748   151.080    87.480    26.840    0     119.802856       0.059210
     40.00    -15.00      26.003710       0.064669       0.064669        21      20.0      21.0       0.450748   351.260    64.550    37.800    0     119.881706       0.107230
     40.00    -10.00      21.335800       0.093879       0.093879        21      20.0      21.0       0.450748   337.130    67.690    22.220    0     119.865623       0.106660
     40.00     -5.00      16.667900       0.120013       0.120013        21      20.0      21.0       0.450748   328.000    78.970    -5.070    0     119.849533       0.106090
     40.00      0.00      12.000000       0.147829       0.147829        21      20.0      21.0       0.450748   329.510    82.910   -17.130    0     119.833473       0.105530
     40.00      5.00       7.332100       0.163032       0.163032        21      20.0      21.0       0.450748   329.590    85.140   -21.800    0     119.817390       0.104960
     40.00     10.00       2.664200       0.175158       0.175158        21      20.0      21.0       0.450748   330.480    89.470   -29.570    0     119.801300       0.104400
     45.00    -15.00      26.003710       0.063574       0.063574        21      20.0      21.0       0.450748   356.030    40.590    28.620    0     119.880142       0.152420
     45.00    -10.00      21.335800       0.090542       0.090542        21      20.0      21.0       0.450748   333.150    53.040    11.140    0     119.864052       0.151850
     45.00     -5.00      16.667900       0.108168       0.108168        21      20.0      21.0       0.450748   323.850    73.400   -10.230    0     119.847961       0.151280
     45.00      0.00      12.000000       0.127136       0.127136        21      20.0      21.0       0.450748   327.170    79.710   -18.710    0     119.831909       0.150720
     45.00      5.00       7.332100       0.140165       0.140165        21      20.0      21.0       0.450748   327.570    81.480   -25.560    0     119.815819       0.150150
     45.00     10.00       2.664200       0.144324       0.144324        21      20.0      21.0       0.450748   329.060    86.130   -32.030    0     119.799728       0.149590
     50.00    -15.00      26.003710       0.052946       0.052946        21      20.0      21.0       0.450748     4.130    24.020    32.820    0     119.878571       0.197610
     50.00    -10.00      21.335800       0.069462       0.069462        21      20.0      21.0       0.450748   327.740    40.480     0.970    0     119.862480       0.197040
     50.00     -5.00      16.667900       0.071835       0.071835        21      20.0      21.0       0.450748   318.910    65.060   -12.490    0     119.846390       0.196470
     50.00      0.00      12.000000       0.083681       0.083681        21      20.0      21.0       0.450748   323.480    76.070   -21.530    0     119.830338       0.195910
     50.00      5.00       7.332100       0.086851       0.086851        21      20.0      21.0       0.450748   325.600    79.170   -29.950    0     119.814247       0.195340
     50.00     10.00       2.664200       0.085869       0.085869        21      20.0      21.0       0.450748   327.560    83.570   -35.140    0     119.798172       0.194780
