      xloc      yloc          depth         ave SR         max SR         #     start       end     max SR all       str       dip      rake flag
   -185.00    -15.00      26.003710       0.000000       0.000000        17      16.0      17.0       0.395763   180.000    45.000    90.000    0     119.952240      -1.926360
   -185.00    -10.00      21.335800       0.000000       0.000000        17      16.0      17.0       0.395763   180.000    45.000    90.000    0     119.936150      -1.926930
   -185.00     -5.00      16.667900       0.000000       0.000000        17      16.0      17.0       0.395763   180.000    45.000    90.000    0     119.920059      -1.927490
   -185.00      0.00      12.000000       0.000000       0.000000        17      16.0      17.0       0.395763   180.000    45.000    90.000    0     119.903961      -1.928060
   -185.00      5.00       7.332100       0.000000       0.000000        17      16.0      17.0       0.395763   180.000    45.000    90.000    0     119.887871      -1.928620
   -185.00     10.00       2.664200       0.000000       0.000000        17      16.0      17.0       0.395763   180.000    45.000    90.000    0     119.871780      -1.929190
   -180.00    -15.00      26.003710       0.000000       0.000000        17      16.0      17.0       0.395763   180.000    45.000    90.000    0     119.950684      -1.881170
   -180.00    -10.00      21.335800       0.000000       0.000000        17      16.0      17.0       0.395763   180.000    45.000    90.000    0     119.934578      -1.881740
   -180.00     -5.00      16.667900       0.000000       0.000000        17      16.0      17.0       0.395763   180.000    45.000    90.000    0     119.918488      -1.882300
   -180.00      0.00      12.000000       0.000000       0.000000        17      16.0      17.0       0.395763   180.000    45.000    90.000    0     119.902397      -1.882870
   -180.00      5.00       7.332100       0.000000       0.000000        17      16.0      17.0       0.395763   180.000    45.000    90.000    0     119.886299      -1.883430
   -180.00     10.00       2.664200       0.000000       0.000000        17      16.0      17.0       0.395763   180.000    45.000    90.000    0     119.870209      -1.884000
   -175.00    -15.00      26.003710       0.000000       0.000000        17      16.0      17.0       0.395763   180.000    45.000    90.000    0     119.949112      -1.835980
   -175.00    -10.00      21.335800       0.000000       0.000000        17      16.0      17.0       0.395763   180.000    45.000    90.000    0     119.933006      -1.836550
   -175.00     -5.00      16.667900       0.000000       0.000000        17      16.0      17.0       0.395763   180.000    45.000    90.000    0     119.916924      -1.837110
   -175.00      0.00      12.000000       0.000000       0.000000        17      16.0      17.0       0.395763   180.000    45.000    90.000    0     119.900833      -1.837680
   -175.00      5.00       7.332100       0.000000       0.000000        17      16.0      17.0       0.395763   180.000    45.000    90.000    0     119.884743      -1.838240
   -175.00     10.00       2.664200       0.000000       0.000000        17      16.0      17.0       0.395763   180.000    45.000    90.000    0     119.868637      -1.838810
   -170.00    -15.00      26.003710       0.000000       0.000000        17      16.0      17.0       0.395763   180.000    45.000    90.000    0     119.947540      -1.790790
   -170.00    -10.00      21.335800       0.000000       0.000000        17      16.0      17.0       0.395763   180.000    45.000    90.000    0     119.931450      -1.791360
   -170.00     -5.00      16.667900       0.000000       0.000000        17      16.0      17.0       0.395763   180.000    45.000    90.000    0     119.915352      -1.791920
   -170.00      0.00      12.000000       0.000000       0.000000        17      16.0      17.0       0.395763   180.000    45.000    90.000    0     119.899261      -1.792490
   -170.00      5.00       7.332100       0.000000       0.000000        17      16.0      17.0       0.395763   180.000    45.000    90.000    0     119.883171      -1.793050
   -170.00     10.00       2.664200       0.000000       0.000000        17      16.0      17.0       0.395763   180.000    45.000    90.000    0     119.867081      -1.793620
   -165.00    -15.00      26.003710       0.000000       0.000000        17      16.0      17.0       0.395763   180.000    45.000    90.000    0     119.945969      -1.745600
   -165.00    -10.00      21.335800       0.000000       0.000000        17      16.0      17.0       0.395763   180.000    45.000    90.000    0     119.929878      -1.746170
   -165.00     -5.00      16.667900       0.000000       0.000000        17      16.0      17.0       0.395763   180.000    45.000    90.000    0     119.913788      -1.746730
   -165.00      0.00      12.000000       0.000000       0.000000        17      16.0      17.0       0.395763   180.000    45.000    90.000    0     119.897690      -1.747300
   -165.00      5.00       7.332100       0.000000       0.000000        17      16.0      17.0       0.395763   180.000    45.000    90.000    0     119.881599      -1.747860
   -165.00     10.00       2.664200       0.000000       0.000000        17      16.0      17.0       0.395763   180.000    45.000    90.000    0     119.865509      -1.748430
   -160.00    -15.00      26.003710       0.000000       0.000000        17      16.0      17.0       0.395763   180.000    45.000    90.000    0     119.944397      -1.700410
   -160.00    -10.00      21.335800       0.000000       0.000000        17      16.0      17.0       0.395763   180.000    45.000    90.000    0     119.928307      -1.700980
   -160.00     -5.00      16.667900       0.000000       0.000000        17      16.0      17.0       0.395763   180.000    45.000    90.000    0     119.912216      -1.701540
   -160.00      0.00      12.000000       0.000000       0.000000        17      16.0      17.0       0.395763   180.000    45.000    90.000    0     119.896133      -1.702110
   -160.00      5.00       7.332100       0.000000       0.000000        17      16.0      17.0       0.395763   180.000    45.000    90.000    0     119.880028      -1.702670
   -160.00     10.00       2.664200       0.000000       0.000000        17      16.0      17.0       0.395763   180.000    45.000    90.000    0     119.863937      -1.703240
   -155.00    -15.00      26.003710       0.000000       0.000000        17      16.0      17.0       0.395763   180.000    45.000    90.000    0     119.942841      -1.655220
   -155.00    -10.00      21.335800       0.000000       0.000000        17      16.0      17.0       0.395763   180.000    45.000    90.000    0     119.926743      -1.655790
   -155.00     -5.00      16.667900       0.000000       0.000000        17      16.0      17.0       0.395763   180.000    45.000    90.000    0     119.910652      -1.656350
   -155.00      0.00      12.000000       0.000000       0.000000        17      16.0      17.0       0.395763   180.000    45.000    90.000    0     119.894562      -1.656920
   -155.00      5.00       7.332100       0.000000       0.000000        17      16.0      17.0       0.395763   180.000    45.000    90.000    0     119.878471      -1.657480
   -155.00     10.00       2.664200       0.000000       0.000000        17      16.0      17.0       0.395763   180.000    45.000    90.000    0     119.862373      -1.658050
   -150.00    -15.00      26.003710       0.000000       0.000000        17      16.0      17.0       0.395763   180.000    45.000    90.000    0     119.941269      -1.610030
   -150.00    -10.00      21.335800       0.000000       0.000000        17      16.0      17.0       0.395763   180.000    45.000    90.000    0     119.925179      -1.610590
   -150.00     -5.00      16.667900       0.000000       0.000000        17      16.0      17.0       0.395763   180.000    45.000    90.000    0     119.909081      -1.611160
   -150.00      0.00      12.000000       0.000000       0.000000        17      16.0      17.0       0.395763   180.000    45.000    90.000    0     119.892990      -1.611730
   -150.00      5.00       7.332100       0.000000       0.000000        17      16.0      17.0       0.395763   180.000    45.000    90.000    0     119.876900      -1.612290
   -150.00     10.00       2.664200       0.000000       0.000000        17      16.0      17.0       0.395763   180.000    45.000    90.000    0     119.860809      -1.612860
   -145.00    -15.00      26.003710       0.000000       0.000000        17      16.0      17.0       0.395763   180.000    45.000    90.000    0     119.939697      -1.564840
   -145.00    -10.00      21.335800       0.000000       0.000000        17      16.0      17.0       0.395763   180.000    45.000    90.000    0     119.923607      -1.565400
   -145.00     -5.00      16.667900       0.000000       0.000000        17      16.0      17.0       0.395763   180.000    45.000    90.000    0     119.907516      -1.565970
   -145.00      0.00      12.000000       0.000000       0.000000        17      16.0      17.0       0.395763   180.000    45.000    90.000    0     119.891418      -1.566530
   -145.00      5.00       7.332100       0.000000       0.000000        17      16.0      17.0       0.395763   180.000    45.000    90.000    0     119.875328      -1.567100
   -145.00     10.00       2.664200       0.000000       0.000000        17      16.0      17.0       0.395763   180.000    45.000    90.000    0     119.859238      -1.567660
   -140.00    -15.00      26.003710       0.000000       0.000000        17      16.0      17.0       0.395763   180.000    45.000    90.000    0     119.938133      -1.519650
   -140.00    -10.00      21.335800       0.000000       0.000000        17      16.0      17.0       0.395763   180.000    45.000    90.000    0     119.922043      -1.520210
   -140.00     -5.00      16.667900       0.000000       0.000000        17      16.0      17.0       0.395763   180.000    45.000    90.000    0     119.905952      -1.520780
   -140.00      0.00      12.000000       0.000000       0.000000        17      16.0      17.0       0.395763   180.000    45.000    90.000    0     119.889862      -1.521340
   -140.00      5.00       7.332100       0.000000       0.000000        17      16.0      17.0       0.395763   180.000    45.000    90.000    0     119.873772      -1.521910
   -140.00     10.00       2.664200       0.000000       0.000000        17      16.0      17.0       0.395763   180.000    45.000    90.000    0     119.857681      -1.522470
   -135.00    -15.00      26.003710       0.000000       0.000000        17      16.0      17.0       0.395763   180.000    45.000    90.000    0     119.936562      -1.474460
   -135.00    -10.00      21.335800       0.000000       0.000000        17      16.0      17.0       0.395763   180.000    45.000    90.000    0     119.920471      -1.475020
   -135.00     -5.00      16.667900       0.000000       0.000000        17      16.0      17.0       0.395763   180.000    45.000    90.000    0     119.904381      -1.475590
   -135.00      0.00      12.000000       0.000000       0.000000        17      16.0      17.0       0.395763   180.000    45.000    90.000    0     119.888290      -1.476150
   -135.00      5.00       7.332100       0.000000       0.000000        17      16.0      17.0       0.395763   180.000    45.000    90.000    0     119.872200      -1.476720
   -135.00     10.00       2.664200       0.000000       0.000000        17      16.0      17.0       0.395763   180.000    45.000    90.000    0     119.856110      -1.477280
   -130.00    -15.00      26.003710       0.000000       0.000000        17      16.0      17.0       0.395763   180.000    45.000    90.000    0     119.934998      -1.429270
   -130.00    -10.00      21.335800       0.000000       0.000000        17      16.0      17.0       0.395763   180.000    45.000    90.000    0     119.918907      -1.429830
   -130.00     -5.00      16.667900       0.000000       0.000000        17      16.0      17.0       0.395763   180.000    45.000    90.000    0     119.902809      -1.430400
   -130.00      0.00      12.000000       0.000000       0.000000        17      16.0      17.0       0.395763   180.000    45.000    90.000    0     119.886719      -1.430960
   -130.00      5.00       7.332100       0.000000       0.000000        17      16.0      17.0       0.395763   180.000    45.000    90.000    0     119.870628      -1.431530
   -130.00     10.00       2.664200       0.000000       0.000000        17      16.0      17.0       0.395763   180.000    45.000    90.000    0     119.854538      -1.432090
   -125.00    -15.00      26.003710       0.000000       0.000000        17      16.0      17.0       0.395763   180.000    45.000    90.000    0     119.933434      -1.384080
   -125.00    -10.00      21.335800       0.000000       0.000000        17      16.0      17.0       0.395763   180.000    45.000    90.000    0     119.917343      -1.384640
   -125.00     -5.00      16.667900       0.000000       0.000000        17      16.0      17.0       0.395763   180.000    45.000    90.000    0     119.901253      -1.385210
   -125.00      0.00      12.000000       0.000000       0.000000        17      16.0      17.0       0.395763   180.000    45.000    90.000    0     119.885162      -1.385770
   -125.00      5.00       7.332100       0.000000       0.000000        17      16.0      17.0       0.395763   180.000    45.000    90.000    0     119.869072      -1.386340
   -125.00     10.00       2.664200       0.000000       0.000000        17      16.0      17.0       0.395763   180.000    45.000    90.000    0     119.852982      -1.386900
   -120.00    -15.00      26.003710       0.000000       0.000000        17      16.0      17.0       0.395763   180.000    45.000    90.000    0     119.931862      -1.338890
   -120.00    -10.00      21.335800       0.000000       0.000000        17      16.0      17.0       0.395763   180.000    45.000    90.000    0     119.915771      -1.339450
   -120.00     -5.00      16.667900       0.000000       0.000000        17      16.0      17.0       0.395763   180.000    45.000    90.000    0     119.899681      -1.340020
   -120.00      0.00      12.000000       0.000000       0.000000        17      16.0      17.0       0.395763   180.000    45.000    90.000    0     119.883591      -1.340580
   -120.00      5.00       7.332100       0.000000       0.000000        17      16.0      17.0       0.395763   180.000    45.000    90.000    0     119.867500      -1.341150
   -120.00     10.00       2.664200       0.000000       0.000000        17      16.0      17.0       0.395763   180.000    45.000    90.000    0     119.851410      -1.341710
   -115.00    -15.00      26.003710       0.000000       0.000000        17      16.0      17.0       0.395763   180.000    45.000    90.000    0     119.930290      -1.293690
   -115.00    -10.00      21.335800       0.000000       0.000000        17      16.0      17.0       0.395763   180.000    45.000    90.000    0     119.914200      -1.294260
   -115.00     -5.00      16.667900       0.000000       0.000000        17      16.0      17.0       0.395763   180.000    45.000    90.000    0     119.898109      -1.294830
   -115.00      0.00      12.000000       0.000000       0.000000        17      16.0      17.0       0.395763   180.000    45.000    90.000    0     119.882019      -1.295390
   -115.00      5.00       7.332100       0.000000       0.000000        17      16.0      17.0       0.395763   180.000    45.000    90.000    0     119.865929      -1.295960
   -115.00     10.00       2.664200       0.000000       0.000000        17      16.0      17.0       0.395763   180.000    45.000    90.000    0     119.849838      -1.296520
   -110.00    -15.00      26.003710       0.000000       0.000000        17      16.0      17.0       0.395763   180.000    45.000    90.000    0     119.928726      -1.248500
   -110.00    -10.00      21.335800       0.000000       0.000000        17      16.0      17.0       0.395763   180.000    45.000    90.000    0     119.912643      -1.249070
   -110.00     -5.00      16.667900       0.000000       0.000000        17      16.0      17.0       0.395763   180.000    45.000    90.000    0     119.896553      -1.249630
   -110.00      0.00      12.000000       0.000000       0.000000        17      16.0      17.0       0.395763   180.000    45.000    90.000    0     119.880463      -1.250200
   -110.00      5.00       7.332100       0.000000       0.000000        17      16.0      17.0       0.395763   180.000    45.000    90.000    0     119.864372      -1.250760
   -110.00     10.00       2.664200       0.000000       0.000000        17      16.0      17.0       0.395763   180.000    45.000    90.000    0     119.848282      -1.251330
   -105.00    -15.00      26.003710       0.022983       0.022983        17      16.0      17.0       0.395763    80.660    61.940    76.970    1     119.927162      -1.203310
   -105.00    -10.00      21.335800       0.007491       0.007491        17      16.0      17.0       0.395763     0.290    71.580    -5.330    0     119.911072      -1.203880
   -105.00     -5.00      16.667900       0.017900       0.017900        17      16.0      17.0       0.395763   104.510    73.960   116.780    1     119.894981      -1.204440
   -105.00      0.00      12.000000       0.006986       0.006986        17      16.0      17.0       0.395763   183.760    83.260    12.510    0     119.878891      -1.205010
   -105.00      5.00       7.332100       0.012137       0.012137        17      16.0      17.0       0.395763   199.070    52.820     9.700    0     119.862801      -1.205570
   -105.00     10.00       2.664200       0.009167       0.009167        17      16.0      17.0       0.395763   195.320    79.870    22.780    0     119.846710      -1.206140
   -100.00    -15.00      26.003710       0.063604       0.063604        17      16.0      17.0       0.395763   218.660    79.840    63.590    0     119.925591      -1.158120
   -100.00    -10.00      21.335800       0.081868       0.081868        17      16.0      17.0       0.395763   220.720    65.790    51.700    0     119.909500      -1.158690
   -100.00     -5.00      16.667900       0.058226       0.058226        17      16.0      17.0       0.395763    49.390    68.340    76.490    1     119.893410      -1.159250
   -100.00      0.00      12.000000       0.050304       0.050304        17      16.0      17.0       0.395763   186.910    86.220    16.790    0     119.877319      -1.159820
   -100.00      5.00       7.332100       0.067443       0.067443        17      16.0      17.0       0.395763   350.440    65.510   -33.090    0     119.861229      -1.160380
   -100.00     10.00       2.664200       0.067392       0.067392        17      16.0      17.0       0.395763   358.320    74.990   -35.520    0     119.845207      -1.160950
    -95.00    -15.00      26.003710       0.065132       0.065132        17      16.0      17.0       0.395763   201.560    83.690    66.410    0     119.924026      -1.112930
    -95.00    -10.00      21.335800       0.096020       0.096020        17      16.0      17.0       0.395763   212.410    69.610    50.510    0     119.907944      -1.113500
    -95.00     -5.00      16.667900       0.078904       0.078904        17      16.0      17.0       0.395763   190.720    89.040     5.510    0     119.891853      -1.114060
    -95.00      0.00      12.000000       0.089083       0.089083        17      16.0      17.0       0.395763   355.330    79.760   -26.630    0     119.875763      -1.114630
    -95.00      5.00       7.332100       0.134337       0.134337        17      16.0      17.0       0.395763   340.710    62.630   -34.880    0     119.859673      -1.115190
    -95.00     10.00       2.664200       0.136881       0.136881        17      16.0      17.0       0.395763   344.710    61.170   -30.240    0     119.843643      -1.115760
    -90.00    -15.00      26.003710       0.065948       0.065948        17      16.0      17.0       0.395763   190.620    82.010    58.910    0     119.922462      -1.067740
    -90.00    -10.00      21.335800       0.109903       0.109903        17      16.0      17.0       0.395763   189.880    87.810    45.800    0     119.906372      -1.068310
    -90.00     -5.00      16.667900       0.131842       0.131842        17      16.0      17.0       0.395763   351.960    61.930   -15.780    0     119.890282      -1.068870
    -90.00      0.00      12.000000       0.168037       0.168037        17      16.0      17.0       0.395763   341.670    57.390   -23.590    0     119.874191      -1.069440
    -90.00      5.00       7.332100       0.208031       0.208031        17      16.0      17.0       0.395763   338.200    56.000   -28.150    0     119.858101      -1.070000
    -90.00     10.00       2.664200       0.218115       0.218115        17      16.0      17.0       0.395763   339.040    52.690   -25.650    0     119.842072      -1.070570
    -85.00    -15.00      26.003710       0.075531       0.075531        17      16.0      17.0       0.395763   177.170    85.760    46.340    0     119.920891      -1.022550
    -85.00    -10.00      21.335800       0.136725       0.136725        17      16.0      17.0       0.395763   348.570    71.110   -24.410    0     119.904800      -1.023120
    -85.00     -5.00      16.667900       0.196902       0.196902        17      16.0      17.0       0.395763   342.300    54.660   -17.570    0     119.888710      -1.023680
    -85.00      0.00      12.000000       0.245489       0.245489        17      16.0      17.0       0.395763   336.970    52.090   -22.450    0     119.872620      -1.024250
    -85.00      5.00       7.332100       0.280853       0.280853        17      16.0      17.0       0.395763   336.170    52.810   -25.060    0     119.856537      -1.024810
    -85.00     10.00       2.664200       0.293448       0.293448        17      16.0      17.0       0.395763   336.130    50.870   -25.180    0     119.840500      -1.025380
    -80.00    -15.00      26.003710       0.087833       0.087833        17      16.0      17.0       0.395763   346.430    84.780   -33.090    0     119.919319      -0.977360
    -80.00    -10.00      21.335800       0.161283       0.161283        17      16.0      17.0       0.395763   343.200    68.790   -18.600    0     119.903236      -0.977920
    -80.00     -5.00      16.667900       0.241324       0.241324        17      16.0      17.0       0.395763   338.730    56.600   -18.280    0     119.887154      -0.978490
    -80.00      0.00      12.000000       0.297206       0.297206        17      16.0      17.0       0.395763   336.080    53.850   -21.820    0     119.871063      -0.979050
    -80.00      5.00       7.332100       0.337113       0.337113        17      16.0      17.0       0.395763   334.980    52.940   -23.890    0     119.854973      -0.979620
    -80.00     10.00       2.664200       0.351613       0.351613        17      16.0      17.0       0.395763   334.500    51.810   -25.160    0     119.838928      -0.980190
    -75.00    -15.00      26.003710       0.098553       0.098553        17      16.0      17.0       0.395763   341.750    78.830   -23.990    0     119.917763      -0.932170
    -75.00    -10.00      21.335800       0.179239       0.179239        17      16.0      17.0       0.395763   341.220    72.290   -15.800    0     119.901672      -0.932730
    -75.00     -5.00      16.667900       0.265270       0.265270        17      16.0      17.0       0.395763   337.880    61.290   -16.550    0     119.885582      -0.933300
    -75.00      0.00      12.000000       0.328854       0.328854        17      16.0      17.0       0.395763   336.320    57.850   -19.630    0     119.869492      -0.933860
    -75.00      5.00       7.332100       0.366691       0.366691        17      16.0      17.0       0.395763   334.620    55.930   -22.980    0     119.853401      -0.934430
    -75.00     10.00       2.664200       0.383745       0.383745        17      16.0      17.0       0.395763   333.910    54.850   -24.580    0     119.837357      -0.934990
    -70.00    -15.00      26.003710       0.103179       0.103179        17      16.0      17.0       0.395763   341.340    80.960   -18.200    0     119.916191      -0.886980
    -70.00    -10.00      21.335800       0.192384       0.192384        17      16.0      17.0       0.395763   339.970    76.990   -12.690    0     119.900101      -0.887540
    -70.00     -5.00      16.667900       0.273954       0.273954        17      16.0      17.0       0.395763   338.580    68.850   -11.870    0     119.884010      -0.888110
    -70.00      0.00      12.000000       0.340839       0.340839        17      16.0      17.0       0.395763   337.340    64.630   -15.150    0     119.867928      -0.888670
    -70.00      5.00       7.332100       0.378395       0.378395        17      16.0      17.0       0.395763   335.040    60.710   -20.370    0     119.851837      -0.889240
    -70.00     10.00       2.664200       0.395763       0.395763        17      16.0      17.0       0.395763   334.290    59.490   -22.160    0     119.835793      -0.889800
    -65.00    -15.00      26.003710       0.104127       0.104127        17      16.0      17.0       0.395763   341.910    87.060   -12.150    0     119.914619      -0.841790
    -65.00    -10.00      21.335800       0.197562       0.197562        17      16.0      17.0       0.395763   340.030    85.320    -8.050    0     119.898537      -0.842350
    -65.00     -5.00      16.667900       0.277732       0.277732        17      16.0      17.0       0.395763   339.540    79.500    -4.920    0     119.882446      -0.842920
    -65.00      0.00      12.000000       0.343709       0.343709        17      16.0      17.0       0.395763   338.370    74.220    -8.030    0     119.866364      -0.843480
    -65.00      5.00       7.332100       0.375624       0.375624        17      16.0      17.0       0.395763   336.520    69.010   -14.100    0     119.850273      -0.844050
    -65.00     10.00       2.664200       0.392378       0.392378        17      16.0      17.0       0.395763   335.800    67.000   -16.310    0     119.834221      -0.844610
    -60.00    -15.00      26.003710       0.102697       0.102697        17      16.0      17.0       0.395763   161.160    89.810     6.250    0     119.913063      -0.796600
    -60.00    -10.00      21.335800       0.198501       0.198501        17      16.0      17.0       0.395763   160.060    87.290     2.270    0     119.896973      -0.797160
    -60.00     -5.00      16.667900       0.281706       0.281706        17      16.0      17.0       0.395763   159.530    89.380    -2.320    0     119.880882      -0.797730
    -60.00      0.00      12.000000       0.337909       0.337909        17      16.0      17.0       0.395763   338.840    86.440     0.380    0     119.864792      -0.798290
    -60.00      5.00       7.332100       0.366700       0.366700        17      16.0      17.0       0.395763   337.750    80.600    -5.020    0     119.848701      -0.798860
    -60.00     10.00       2.664200       0.380945       0.380945        17      16.0      17.0       0.395763   337.430    78.800    -6.640    0     119.832657      -0.799420
    -55.00    -15.00      26.003710       0.095732       0.095732        17      16.0      17.0       0.395763   160.500    82.180    -1.150    0     119.911491      -0.751410
    -55.00    -10.00      21.335800       0.194736       0.194736        17      16.0      17.0       0.395763   160.490    80.950    -3.110    0     119.895401      -0.751970
    -55.00     -5.00      16.667900       0.281712       0.281712        17      16.0      17.0       0.395763   158.860    81.500    -6.850    0     119.879311      -0.752540
    -55.00      0.00      12.000000       0.326639       0.326639        17      16.0      17.0       0.395763   158.500    85.790    -4.660    0     119.863228      -0.753100
    -55.00      5.00       7.332100       0.351353       0.351353        17      16.0      17.0       0.395763   337.830    89.960     1.810    0     119.847137      -0.753670
    -55.00     10.00       2.664200       0.366207       0.366207        17      16.0      17.0       0.395763   157.570    89.240    -2.730    0     119.831093      -0.754230
    -50.00    -15.00      26.003710       0.087886       0.087886        17      16.0      17.0       0.395763   158.850    72.830    -8.430    0     119.909920      -0.706210
    -50.00    -10.00      21.335800       0.183872       0.183872        17      16.0      17.0       0.395763   160.930    78.860    -8.600    0     119.893837      -0.706780
    -50.00     -5.00      16.667900       0.268832       0.268832        17      16.0      17.0       0.395763   158.420    76.780    -9.180    0     119.877747      -0.707340
    -50.00      0.00      12.000000       0.305819       0.305819        17      16.0      17.0       0.395763   158.100    82.580    -6.160    0     119.861656      -0.707910
    -50.00      5.00       7.332100       0.326662       0.326662        17      16.0      17.0       0.395763   157.530    84.840    -4.520    0     119.845612      -0.708470
    -50.00     10.00       2.664200       0.344914       0.344914        17      16.0      17.0       0.395763   156.930    81.560    -7.990    0     119.829521      -0.709040
    -45.00    -15.00      26.003710       0.080392       0.080392        17      16.0      17.0       0.395763   158.250    65.600    -7.700    0     119.908363      -0.661020
    -45.00    -10.00      21.335800       0.165630       0.165630        17      16.0      17.0       0.395763   161.960    79.820   -14.360    0     119.892273      -0.661590
    -45.00     -5.00      16.667900       0.240221       0.240221        17      16.0      17.0       0.395763   158.610    76.090   -10.290    0     119.876183      -0.662150
    -45.00      0.00      12.000000       0.271724       0.271724        17      16.0      17.0       0.395763   158.220    81.460    -5.900    0     119.860092      -0.662720
    -45.00      5.00       7.332100       0.290466       0.290466        17      16.0      17.0       0.395763   157.560    82.870    -5.100    0     119.844040      -0.663280
    -45.00     10.00       2.664200       0.311813       0.311813        17      16.0      17.0       0.395763   156.590    77.730   -10.210    0     119.827950      -0.663850
    -40.00    -15.00      26.003710       0.073632       0.073632        17      16.0      17.0       0.395763   165.150    41.950    17.740    0     119.906792      -0.615830
    -40.00    -10.00      21.335800       0.144129       0.144129        17      16.0      17.0       0.395763   165.670    89.260   -26.320    0     119.890701      -0.616400
    -40.00     -5.00      16.667900       0.197155       0.197155        17      16.0      17.0       0.395763   159.830    82.260   -13.490    0     119.874619      -0.616960
    -40.00      0.00      12.000000       0.224698       0.224698        17      16.0      17.0       0.395763   158.650    83.100    -4.590    0     119.858528      -0.617530
    -40.00      5.00       7.332100       0.244368       0.244368        17      16.0      17.0       0.395763   157.820    83.920    -4.210    0     119.842468      -0.618090
    -40.00     10.00       2.664200       0.266377       0.266377        17      16.0      17.0       0.395763   156.650    76.790   -11.080    0     119.826378      -0.618660
    -35.00    -15.00      26.003710       0.065533       0.065533        17      16.0      17.0       0.395763   196.620    27.660    62.710    0     119.905220      -0.570640
    -35.00    -10.00      21.335800       0.120494       0.120494        17      16.0      17.0       0.395763   355.130    76.610    43.480    0     119.889137      -0.571210
    -35.00     -5.00      16.667900       0.148842       0.148842        17      16.0      17.0       0.395763   343.070    85.370    20.350    0     119.873047      -0.571770
    -35.00      0.00      12.000000       0.171153       0.171153        17      16.0      17.0       0.395763   159.380    87.770    -3.320    0     119.856956      -0.572340
    -35.00      5.00       7.332100       0.193111       0.193111        17      16.0      17.0       0.395763   158.260    88.970    -2.630    0     119.840897      -0.572900
    -35.00     10.00       2.664200       0.213340       0.213340        17      16.0      17.0       0.395763   156.830    78.010   -12.300    0     119.824806      -0.573470
    -30.00    -15.00      26.003710       0.051813       0.051813        17      16.0      17.0       0.395763    33.410    58.670    79.540    0     119.903664      -0.525450
    -30.00    -10.00      21.335800       0.095812       0.095812        17      16.0      17.0       0.395763     5.960    65.280    54.270    0     119.887573      -0.526020
    -30.00     -5.00      16.667900       0.107268       0.107268        17      16.0      17.0       0.395763   351.830    65.530    35.030    0     119.871483      -0.526580
    -30.00      0.00      12.000000       0.117861       0.117861        17      16.0      17.0       0.395763   340.660    82.410     5.810    0     119.855400      -0.527150
    -30.00      5.00       7.332100       0.145078       0.145078        17      16.0      17.0       0.395763   338.970    81.260     1.160    0     119.839333      -0.527710
    -30.00     10.00       2.664200       0.162794       0.162794        17      16.0      17.0       0.395763   156.460    79.740   -16.290    0     119.823242      -0.528280
    -25.00    -15.00      26.003710       0.036982       0.036982        17      16.0      17.0       0.395763    28.920    52.860    65.310    0     119.902092      -0.480260
    -25.00    -10.00      21.335800       0.062661       0.062661        17      16.0      17.0       0.395763    14.890    50.910    48.620    0     119.886002      -0.480820
    -25.00     -5.00      16.667900       0.070849       0.070849        17      16.0      17.0       0.395763     6.990    47.220    49.390    0     119.869919      -0.481390
    -25.00      0.00      12.000000       0.072171       0.072171        17      16.0      17.0       0.395763   348.970    59.730    24.580    0     119.853828      -0.481950
    -25.00      5.00       7.332100       0.106671       0.106671        17      16.0      17.0       0.395763   339.850    63.900    -5.070    0     119.837761      -0.482520
    -25.00     10.00       2.664200       0.117225       0.117225        17      16.0      17.0       0.395763   150.370    71.700   -33.650    0     119.821671      -0.483090
    -20.00    -15.00      26.003710       0.022426       0.022426        17      16.0      17.0       0.395763    23.290    39.850    45.920    0     119.900528      -0.435070
    -20.00    -10.00      21.335800       0.047204       0.047204        17      16.0      17.0       0.395763    60.280    22.300    82.460    1     119.884438      -0.435630
    -20.00     -5.00      16.667900       0.036869       0.036869        17      16.0      17.0       0.395763    39.680    40.880    77.800    0     119.868347      -0.436200
    -20.00      0.00      12.000000       0.038171       0.038171        17      16.0      17.0       0.395763    12.560    45.150    56.200    0     119.852257      -0.436760
    -20.00      5.00       7.332100       0.050520       0.050520        17      16.0      17.0       0.395763   347.250    69.550     0.490    0     119.836189      -0.437330
    -20.00     10.00       2.664200       0.065971       0.065971        17      16.0      17.0       0.395763   138.740    58.600   -57.070    0     119.820099      -0.437900
    -15.00    -15.00      26.003710       0.022837       0.022837        17      16.0      17.0       0.395763   334.300    89.780    95.870    0     119.898956      -0.389880
    -15.00    -10.00      21.335800       0.011468       0.011468        17      16.0      17.0       0.395763    75.310    27.150    48.370    1     119.882874      -0.390440
    -15.00     -5.00      16.667900       0.009910       0.009910        17      16.0      17.0       0.395763   323.460    53.410   -49.300    0     119.866791      -0.391010
    -15.00      0.00      12.000000       0.008694       0.008694        17      16.0      17.0       0.395763    26.870    34.700    55.230    0     119.850700      -0.391570
    -15.00      5.00       7.332100       0.014491       0.014491        17      16.0      17.0       0.395763   139.620    42.900   -49.050    0     119.834618      -0.392140
    -15.00     10.00       2.664200       0.010257       0.010257        17      16.0      17.0       0.395763   147.660    51.040   -45.890    0     119.818527      -0.392700
    -10.00    -15.00      26.003710       0.011638       0.011638        17      16.0      17.0       0.395763    83.450    31.130    76.320    1     119.897392      -0.344690
    -10.00    -10.00      21.335800       0.000000       0.000000        17      16.0      17.0       0.395763   180.000    45.000    90.000    0     119.881310      -0.345250
    -10.00     -5.00      16.667900       0.000000       0.000000        17      16.0      17.0       0.395763   180.000    45.000    90.000    0     119.865219      -0.345820
    -10.00      0.00      12.000000       0.000000       0.000000        17      16.0      17.0       0.395763   180.000    45.000    90.000    0     119.849129      -0.346380
    -10.00      5.00       7.332100       0.000000       0.000000        17      16.0      17.0       0.395763   180.000    45.000    90.000    0     119.833054      -0.346950
    -10.00     10.00       2.664200       0.000000       0.000000        17      16.0      17.0       0.395763   180.000    45.000    90.000    0     119.816963      -0.347510
     -5.00    -15.00      26.003710       0.004640       0.004640        17      16.0      17.0       0.395763    79.980    44.920    64.730    1     119.895828      -0.299500
     -5.00    -10.00      21.335800       0.000000       0.000000        17      16.0      17.0       0.395763   180.000    45.000    90.000    0     119.879738      -0.300060
     -5.00     -5.00      16.667900       0.000000       0.000000        17      16.0      17.0       0.395763   180.000    45.000    90.000    0     119.863647      -0.300630
     -5.00      0.00      12.000000       0.000000       0.000000        17      16.0      17.0       0.395763   180.000    45.000    90.000    0     119.847572      -0.301190
     -5.00      5.00       7.332100       0.000000       0.000000        17      16.0      17.0       0.395763   180.000    45.000    90.000    0     119.831482      -0.301760
     -5.00     10.00       2.664200       0.000000       0.000000        17      16.0      17.0       0.395763   180.000    45.000    90.000    0     119.815399      -0.302320
      0.00    -15.00      26.003710       0.011074       0.011074        17      16.0      17.0       0.395763    51.990    18.510  -105.630    1     119.894257      -0.254300
      0.00    -10.00      21.335800       0.000000       0.000000        17      16.0      17.0       0.395763   180.000    45.000    90.000    0     119.878166      -0.254870
      0.00     -5.00      16.667900       0.000000       0.000000        17      16.0      17.0       0.395763   180.000    45.000    90.000    0     119.862091      -0.255430
      0.00      0.00      12.000000       0.000000       0.000000        17      16.0      17.0       0.395763   180.000    45.000    90.000    0     119.846001      -0.256000
      0.00      5.00       7.332100       0.000000       0.000000        17      16.0      17.0       0.395763   180.000    45.000    90.000    0     119.829910      -0.256570
      0.00     10.00       2.664200       0.000000       0.000000        17      16.0      17.0       0.395763   180.000    45.000    90.000    0     119.813828      -0.257130
      5.00    -15.00      26.003710       0.007261       0.007261        17      16.0      17.0       0.395763   115.630    39.160   -29.150    1     119.892693      -0.209110
      5.00    -10.00      21.335800       0.000000       0.000000        17      16.0      17.0       0.395763   180.000    45.000    90.000    0     119.876602      -0.209680
      5.00     -5.00      16.667900       0.000000       0.000000        17      16.0      17.0       0.395763   180.000    45.000    90.000    0     119.860519      -0.210240
      5.00      0.00      12.000000       0.000000       0.000000        17      16.0      17.0       0.395763   180.000    45.000    90.000    0     119.844429      -0.210810
      5.00      5.00       7.332100       0.000000       0.000000        17      16.0      17.0       0.395763   180.000    45.000    90.000    0     119.828346      -0.211370
      5.00     10.00       2.664200       0.000000       0.000000        17      16.0      17.0       0.395763   180.000    45.000    90.000    0     119.812263      -0.211940
     10.00    -15.00      26.003710       0.006338       0.006338        17      16.0      17.0       0.395763   198.580    34.400   132.950    0     119.891121      -0.163920
     10.00    -10.00      21.335800       0.000000       0.000000        17      16.0      17.0       0.395763   180.000    45.000    90.000    0     119.875038      -0.164490
     10.00     -5.00      16.667900       0.000000       0.000000        17      16.0      17.0       0.395763   180.000    45.000    90.000    0     119.858948      -0.165050
     10.00      0.00      12.000000       0.000000       0.000000        17      16.0      17.0       0.395763   180.000    45.000    90.000    0     119.842873      -0.165620
     10.00      5.00       7.332100       0.000000       0.000000        17      16.0      17.0       0.395763   180.000    45.000    90.000    0     119.826782      -0.166180
     10.00     10.00       2.664200       0.000000       0.000000        17      16.0      17.0       0.395763   180.000    45.000    90.000    0     119.810692      -0.166750
     15.00    -15.00      26.003710       0.013994       0.013994        17      16.0      17.0       0.395763   207.440    47.430   164.670    0     119.889549      -0.118730
     15.00    -10.00      21.335800       0.006137       0.006137        17      16.0      17.0       0.395763   344.870    40.650   148.070    0     119.873466      -0.119300
     15.00     -5.00      16.667900       0.008466       0.008466        17      16.0      17.0       0.395763   123.120    11.200   105.980    1     119.857384      -0.119860
     15.00      0.00      12.000000       0.005761       0.005761        17      16.0      17.0       0.395763   155.600    22.830   154.740    0     119.841301      -0.120430
     15.00      5.00       7.332100       0.005919       0.005919        17      16.0      17.0       0.395763    92.330    40.800   103.570    1     119.825218      -0.120990
     15.00     10.00       2.664200       0.006111       0.006111        17      16.0      17.0       0.395763   110.190    81.890   -87.240    1     119.809128      -0.121560
     20.00    -15.00      26.003710       0.049977       0.049977        17      16.0      17.0       0.395763   168.340    11.960  -168.510    0     119.887978      -0.073540
     20.00    -10.00      21.335800       0.032398       0.032398        17      16.0      17.0       0.395763   212.400    52.680   170.940    0     119.871902      -0.074100
     20.00     -5.00      16.667900       0.038878       0.038878        17      16.0      17.0       0.395763    29.790    82.160   135.640    0     119.855812      -0.074670
     20.00      0.00      12.000000       0.029150       0.029150        17      16.0      17.0       0.395763   133.360    39.240   105.340    0     119.839737      -0.075240
     20.00      5.00       7.332100       0.033810       0.033810        17      16.0      17.0       0.395763    65.710    50.590  -118.670    1     119.823647      -0.075800
     20.00     10.00       2.664200       0.030190       0.030190        17      16.0      17.0       0.395763    94.380    71.040   -80.180    1     119.807564      -0.076370
     25.00    -15.00      26.003710       0.065625       0.065625        17      16.0      17.0       0.395763    63.110    83.040   -89.360    1     119.886414      -0.028350
     25.00    -10.00      21.335800       0.056342       0.056342        17      16.0      17.0       0.395763   205.600    61.470   170.840    0     119.870331      -0.028910
     25.00     -5.00      16.667900       0.061082       0.061082        17      16.0      17.0       0.395763    30.050    79.620   154.190    0     119.854240      -0.029480
     25.00      0.00      12.000000       0.035655       0.035655        17      16.0      17.0       0.395763    33.640    86.660  -169.900    0     119.838173      -0.030050
     25.00      5.00       7.332100       0.071862       0.071862        17      16.0      17.0       0.395763    73.140    50.350  -108.100    1     119.822083      -0.030610
     25.00     10.00       2.664200       0.062898       0.062898        17      16.0      17.0       0.395763    98.950    59.980   -72.870    1     119.806000      -0.031180
     30.00    -15.00      26.003710       0.060166       0.060166        17      16.0      17.0       0.395763    59.670    82.760  -102.730    1     119.884850       0.016840
     30.00    -10.00      21.335800       0.071897       0.071897        17      16.0      17.0       0.395763   220.720    88.150   149.150    0     119.868759       0.016280
     30.00     -5.00      16.667900       0.085864       0.085864        17      16.0      17.0       0.395763   221.500    86.390  -163.200    0     119.852669       0.015710
     30.00      0.00      12.000000       0.082808       0.082808        17      16.0      17.0       0.395763   221.920    89.300  -178.000    0     119.836601       0.015150
     30.00      5.00       7.332100       0.090627       0.090627        17      16.0      17.0       0.395763    67.940    54.950  -119.750    1     119.820518       0.014580
     30.00     10.00       2.664200       0.082667       0.082667        17      16.0      17.0       0.395763   103.090    59.940   -69.470    1     119.804428       0.014020
     35.00    -15.00      26.003710       0.056830       0.056830        17      16.0      17.0       0.395763   326.360    22.820    -2.300    0     119.883278       0.062030
     35.00    -10.00      21.335800       0.087521       0.087521        17      16.0      17.0       0.395763   315.290    43.630   -17.820    0     119.867188       0.061470
     35.00     -5.00      16.667900       0.100315       0.100315        17      16.0      17.0       0.395763   134.680    79.640    -8.040    0     119.851097       0.060900
     35.00      0.00      12.000000       0.110644       0.110644        17      16.0      17.0       0.395763   133.530    78.320   -10.200    0     119.835037       0.060340
     35.00      5.00       7.332100       0.096488       0.096488        17      16.0      17.0       0.395763   133.690    79.680   -17.280    0     119.818947       0.059770
     35.00     10.00       2.664200       0.090106       0.090106        17      16.0      17.0       0.395763   125.350    74.890   -38.920    1     119.802856       0.059210
     40.00    -15.00      26.003710       0.053428       0.053428        17      16.0      17.0       0.395763   338.780    26.390    10.920    0     119.881706       0.107230
     40.00    -10.00      21.335800       0.080274       0.080274        17      16.0      17.0       0.395763   322.440    48.450   -17.290    0     119.865623       0.106660
     40.00     -5.00      16.667900       0.098320       0.098320        17      16.0      17.0       0.395763   318.950    89.560     5.360    0     119.849533       0.106090
     40.00      0.00      12.000000       0.119029       0.119029        17      16.0      17.0       0.395763   133.060    74.090   -17.430    0     119.833473       0.105530
     40.00      5.00       7.332100       0.100694       0.100694        17      16.0      17.0       0.395763   134.110    74.240   -22.550    0     119.817390       0.104960
     40.00     10.00       2.664200       0.088247       0.088247        17      16.0      17.0       0.395763   132.970    84.030   -29.400    1     119.801300       0.104400
     45.00    -15.00      26.003710       0.041324       0.041324        17      16.0      17.0       0.395763   340.110    51.200    -8.760    0     119.880142       0.152420
     45.00    -10.00      21.335800       0.059844       0.059844        17      16.0      17.0       0.395763   330.870    55.430   -17.300    0     119.864052       0.151850
     45.00     -5.00      16.667900       0.083105       0.083105        17      16.0      17.0       0.395763   320.360    60.840   -13.590    0     119.847961       0.151280
     45.00      0.00      12.000000       0.107588       0.107588        17      16.0      17.0       0.395763   131.000    69.950   -24.420    1     119.831909       0.150720
     45.00      5.00       7.332100       0.086212       0.086212        17      16.0      17.0       0.395763   134.520    69.850   -22.120    0     119.815819       0.150150
     45.00     10.00       2.664200       0.070391       0.070391        17      16.0      17.0       0.395763   135.700    85.200   -27.240    0     119.799728       0.149590
     50.00    -15.00      26.003710       0.030108       0.030108        17      16.0      17.0       0.395763   350.630    81.140   -35.490    0     119.878571       0.197610
     50.00    -10.00      21.335800       0.028222       0.028222        17      16.0      17.0       0.395763   346.270    68.750   -15.830    0     119.862480       0.197040
     50.00     -5.00      16.667900       0.053613       0.053613        17      16.0      17.0       0.395763   314.310    38.780   -32.360    0     119.846390       0.196470
     50.00      0.00      12.000000       0.074981       0.074981        17      16.0      17.0       0.395763   126.600    64.260   -33.860    1     119.830338       0.195910
     50.00      5.00       7.332100       0.054858       0.054858        17      16.0      17.0       0.395763   133.610    59.740   -18.060    0     119.814247       0.195340
     50.00     10.00       2.664200       0.038325       0.038325        17      16.0      17.0       0.395763   136.920    81.120   -24.210    0     119.798172       0.194780
