      xloc      yloc          depth         ave SR         max SR         #     start       end     max SR all       str       dip      rake flag
   -185.00    -15.00      26.003710       0.000000       0.000000        10       9.0      10.0       0.395763   180.000    45.000    90.000    0     119.952240      -1.926360
   -185.00    -10.00      21.335800       0.000000       0.000000        10       9.0      10.0       0.395763   180.000    45.000    90.000    0     119.936150      -1.926930
   -185.00     -5.00      16.667900       0.000000       0.000000        10       9.0      10.0       0.395763   180.000    45.000    90.000    0     119.920059      -1.927490
   -185.00      0.00      12.000000       0.000000       0.000000        10       9.0      10.0       0.395763   180.000    45.000    90.000    0     119.903961      -1.928060
   -185.00      5.00       7.332100       0.000000       0.000000        10       9.0      10.0       0.395763   180.000    45.000    90.000    0     119.887871      -1.928620
   -185.00     10.00       2.664200       0.000000       0.000000        10       9.0      10.0       0.395763   180.000    45.000    90.000    0     119.871780      -1.929190
   -180.00    -15.00      26.003710       0.000000       0.000000        10       9.0      10.0       0.395763   180.000    45.000    90.000    0     119.950684      -1.881170
   -180.00    -10.00      21.335800       0.000000       0.000000        10       9.0      10.0       0.395763   180.000    45.000    90.000    0     119.934578      -1.881740
   -180.00     -5.00      16.667900       0.000000       0.000000        10       9.0      10.0       0.395763   180.000    45.000    90.000    0     119.918488      -1.882300
   -180.00      0.00      12.000000       0.000000       0.000000        10       9.0      10.0       0.395763   180.000    45.000    90.000    0     119.902397      -1.882870
   -180.00      5.00       7.332100       0.000000       0.000000        10       9.0      10.0       0.395763   180.000    45.000    90.000    0     119.886299      -1.883430
   -180.00     10.00       2.664200       0.000000       0.000000        10       9.0      10.0       0.395763   180.000    45.000    90.000    0     119.870209      -1.884000
   -175.00    -15.00      26.003710       0.000000       0.000000        10       9.0      10.0       0.395763   180.000    45.000    90.000    0     119.949112      -1.835980
   -175.00    -10.00      21.335800       0.000000       0.000000        10       9.0      10.0       0.395763   180.000    45.000    90.000    0     119.933006      -1.836550
   -175.00     -5.00      16.667900       0.000000       0.000000        10       9.0      10.0       0.395763   180.000    45.000    90.000    0     119.916924      -1.837110
   -175.00      0.00      12.000000       0.000000       0.000000        10       9.0      10.0       0.395763   180.000    45.000    90.000    0     119.900833      -1.837680
   -175.00      5.00       7.332100       0.000000       0.000000        10       9.0      10.0       0.395763   180.000    45.000    90.000    0     119.884743      -1.838240
   -175.00     10.00       2.664200       0.000000       0.000000        10       9.0      10.0       0.395763   180.000    45.000    90.000    0     119.868637      -1.838810
   -170.00    -15.00      26.003710       0.000000       0.000000        10       9.0      10.0       0.395763   180.000    45.000    90.000    0     119.947540      -1.790790
   -170.00    -10.00      21.335800       0.000000       0.000000        10       9.0      10.0       0.395763   180.000    45.000    90.000    0     119.931450      -1.791360
   -170.00     -5.00      16.667900       0.000000       0.000000        10       9.0      10.0       0.395763   180.000    45.000    90.000    0     119.915352      -1.791920
   -170.00      0.00      12.000000       0.000000       0.000000        10       9.0      10.0       0.395763   180.000    45.000    90.000    0     119.899261      -1.792490
   -170.00      5.00       7.332100       0.000000       0.000000        10       9.0      10.0       0.395763   180.000    45.000    90.000    0     119.883171      -1.793050
   -170.00     10.00       2.664200       0.000000       0.000000        10       9.0      10.0       0.395763   180.000    45.000    90.000    0     119.867081      -1.793620
   -165.00    -15.00      26.003710       0.000000       0.000000        10       9.0      10.0       0.395763   180.000    45.000    90.000    0     119.945969      -1.745600
   -165.00    -10.00      21.335800       0.000000       0.000000        10       9.0      10.0       0.395763   180.000    45.000    90.000    0     119.929878      -1.746170
   -165.00     -5.00      16.667900       0.000000       0.000000        10       9.0      10.0       0.395763   180.000    45.000    90.000    0     119.913788      -1.746730
   -165.00      0.00      12.000000       0.000000       0.000000        10       9.0      10.0       0.395763   180.000    45.000    90.000    0     119.897690      -1.747300
   -165.00      5.00       7.332100       0.000000       0.000000        10       9.0      10.0       0.395763   180.000    45.000    90.000    0     119.881599      -1.747860
   -165.00     10.00       2.664200       0.000000       0.000000        10       9.0      10.0       0.395763   180.000    45.000    90.000    0     119.865509      -1.748430
   -160.00    -15.00      26.003710       0.000000       0.000000        10       9.0      10.0       0.395763   180.000    45.000    90.000    0     119.944397      -1.700410
   -160.00    -10.00      21.335800       0.000000       0.000000        10       9.0      10.0       0.395763   180.000    45.000    90.000    0     119.928307      -1.700980
   -160.00     -5.00      16.667900       0.000000       0.000000        10       9.0      10.0       0.395763   180.000    45.000    90.000    0     119.912216      -1.701540
   -160.00      0.00      12.000000       0.000000       0.000000        10       9.0      10.0       0.395763   180.000    45.000    90.000    0     119.896133      -1.702110
   -160.00      5.00       7.332100       0.000000       0.000000        10       9.0      10.0       0.395763   180.000    45.000    90.000    0     119.880028      -1.702670
   -160.00     10.00       2.664200       0.000000       0.000000        10       9.0      10.0       0.395763   180.000    45.000    90.000    0     119.863937      -1.703240
   -155.00    -15.00      26.003710       0.000000       0.000000        10       9.0      10.0       0.395763   180.000    45.000    90.000    0     119.942841      -1.655220
   -155.00    -10.00      21.335800       0.000000       0.000000        10       9.0      10.0       0.395763   180.000    45.000    90.000    0     119.926743      -1.655790
   -155.00     -5.00      16.667900       0.000000       0.000000        10       9.0      10.0       0.395763   180.000    45.000    90.000    0     119.910652      -1.656350
   -155.00      0.00      12.000000       0.000000       0.000000        10       9.0      10.0       0.395763   180.000    45.000    90.000    0     119.894562      -1.656920
   -155.00      5.00       7.332100       0.000000       0.000000        10       9.0      10.0       0.395763   180.000    45.000    90.000    0     119.878471      -1.657480
   -155.00     10.00       2.664200       0.000000       0.000000        10       9.0      10.0       0.395763   180.000    45.000    90.000    0     119.862373      -1.658050
   -150.00    -15.00      26.003710       0.000000       0.000000        10       9.0      10.0       0.395763   180.000    45.000    90.000    0     119.941269      -1.610030
   -150.00    -10.00      21.335800       0.000000       0.000000        10       9.0      10.0       0.395763   180.000    45.000    90.000    0     119.925179      -1.610590
   -150.00     -5.00      16.667900       0.000000       0.000000        10       9.0      10.0       0.395763   180.000    45.000    90.000    0     119.909081      -1.611160
   -150.00      0.00      12.000000       0.000000       0.000000        10       9.0      10.0       0.395763   180.000    45.000    90.000    0     119.892990      -1.611730
   -150.00      5.00       7.332100       0.000000       0.000000        10       9.0      10.0       0.395763   180.000    45.000    90.000    0     119.876900      -1.612290
   -150.00     10.00       2.664200       0.000000       0.000000        10       9.0      10.0       0.395763   180.000    45.000    90.000    0     119.860809      -1.612860
   -145.00    -15.00      26.003710       0.000000       0.000000        10       9.0      10.0       0.395763   180.000    45.000    90.000    0     119.939697      -1.564840
   -145.00    -10.00      21.335800       0.000000       0.000000        10       9.0      10.0       0.395763   180.000    45.000    90.000    0     119.923607      -1.565400
   -145.00     -5.00      16.667900       0.000000       0.000000        10       9.0      10.0       0.395763   180.000    45.000    90.000    0     119.907516      -1.565970
   -145.00      0.00      12.000000       0.000000       0.000000        10       9.0      10.0       0.395763   180.000    45.000    90.000    0     119.891418      -1.566530
   -145.00      5.00       7.332100       0.000000       0.000000        10       9.0      10.0       0.395763   180.000    45.000    90.000    0     119.875328      -1.567100
   -145.00     10.00       2.664200       0.000000       0.000000        10       9.0      10.0       0.395763   180.000    45.000    90.000    0     119.859238      -1.567660
   -140.00    -15.00      26.003710       0.000000       0.000000        10       9.0      10.0       0.395763   180.000    45.000    90.000    0     119.938133      -1.519650
   -140.00    -10.00      21.335800       0.000000       0.000000        10       9.0      10.0       0.395763   180.000    45.000    90.000    0     119.922043      -1.520210
   -140.00     -5.00      16.667900       0.000000       0.000000        10       9.0      10.0       0.395763   180.000    45.000    90.000    0     119.905952      -1.520780
   -140.00      0.00      12.000000       0.000000       0.000000        10       9.0      10.0       0.395763   180.000    45.000    90.000    0     119.889862      -1.521340
   -140.00      5.00       7.332100       0.000000       0.000000        10       9.0      10.0       0.395763   180.000    45.000    90.000    0     119.873772      -1.521910
   -140.00     10.00       2.664200       0.000000       0.000000        10       9.0      10.0       0.395763   180.000    45.000    90.000    0     119.857681      -1.522470
   -135.00    -15.00      26.003710       0.000000       0.000000        10       9.0      10.0       0.395763   180.000    45.000    90.000    0     119.936562      -1.474460
   -135.00    -10.00      21.335800       0.000000       0.000000        10       9.0      10.0       0.395763   180.000    45.000    90.000    0     119.920471      -1.475020
   -135.00     -5.00      16.667900       0.000000       0.000000        10       9.0      10.0       0.395763   180.000    45.000    90.000    0     119.904381      -1.475590
   -135.00      0.00      12.000000       0.000000       0.000000        10       9.0      10.0       0.395763   180.000    45.000    90.000    0     119.888290      -1.476150
   -135.00      5.00       7.332100       0.000000       0.000000        10       9.0      10.0       0.395763   180.000    45.000    90.000    0     119.872200      -1.476720
   -135.00     10.00       2.664200       0.000000       0.000000        10       9.0      10.0       0.395763   180.000    45.000    90.000    0     119.856110      -1.477280
   -130.00    -15.00      26.003710       0.000000       0.000000        10       9.0      10.0       0.395763   180.000    45.000    90.000    0     119.934998      -1.429270
   -130.00    -10.00      21.335800       0.000000       0.000000        10       9.0      10.0       0.395763   180.000    45.000    90.000    0     119.918907      -1.429830
   -130.00     -5.00      16.667900       0.000000       0.000000        10       9.0      10.0       0.395763   180.000    45.000    90.000    0     119.902809      -1.430400
   -130.00      0.00      12.000000       0.000000       0.000000        10       9.0      10.0       0.395763   180.000    45.000    90.000    0     119.886719      -1.430960
   -130.00      5.00       7.332100       0.000000       0.000000        10       9.0      10.0       0.395763   180.000    45.000    90.000    0     119.870628      -1.431530
   -130.00     10.00       2.664200       0.000000       0.000000        10       9.0      10.0       0.395763   180.000    45.000    90.000    0     119.854538      -1.432090
   -125.00    -15.00      26.003710       0.000000       0.000000        10       9.0      10.0       0.395763   180.000    45.000    90.000    0     119.933434      -1.384080
   -125.00    -10.00      21.335800       0.000000       0.000000        10       9.0      10.0       0.395763   180.000    45.000    90.000    0     119.917343      -1.384640
   -125.00     -5.00      16.667900       0.000000       0.000000        10       9.0      10.0       0.395763   180.000    45.000    90.000    0     119.901253      -1.385210
   -125.00      0.00      12.000000       0.000000       0.000000        10       9.0      10.0       0.395763   180.000    45.000    90.000    0     119.885162      -1.385770
   -125.00      5.00       7.332100       0.000000       0.000000        10       9.0      10.0       0.395763   180.000    45.000    90.000    0     119.869072      -1.386340
   -125.00     10.00       2.664200       0.000000       0.000000        10       9.0      10.0       0.395763   180.000    45.000    90.000    0     119.852982      -1.386900
   -120.00    -15.00      26.003710       0.000000       0.000000        10       9.0      10.0       0.395763   180.000    45.000    90.000    0     119.931862      -1.338890
   -120.00    -10.00      21.335800       0.000000       0.000000        10       9.0      10.0       0.395763   180.000    45.000    90.000    0     119.915771      -1.339450
   -120.00     -5.00      16.667900       0.000000       0.000000        10       9.0      10.0       0.395763   180.000    45.000    90.000    0     119.899681      -1.340020
   -120.00      0.00      12.000000       0.000000       0.000000        10       9.0      10.0       0.395763   180.000    45.000    90.000    0     119.883591      -1.340580
   -120.00      5.00       7.332100       0.000000       0.000000        10       9.0      10.0       0.395763   180.000    45.000    90.000    0     119.867500      -1.341150
   -120.00     10.00       2.664200       0.000000       0.000000        10       9.0      10.0       0.395763   180.000    45.000    90.000    0     119.851410      -1.341710
   -115.00    -15.00      26.003710       0.000000       0.000000        10       9.0      10.0       0.395763   180.000    45.000    90.000    0     119.930290      -1.293690
   -115.00    -10.00      21.335800       0.000000       0.000000        10       9.0      10.0       0.395763   180.000    45.000    90.000    0     119.914200      -1.294260
   -115.00     -5.00      16.667900       0.000000       0.000000        10       9.0      10.0       0.395763   180.000    45.000    90.000    0     119.898109      -1.294830
   -115.00      0.00      12.000000       0.000000       0.000000        10       9.0      10.0       0.395763   180.000    45.000    90.000    0     119.882019      -1.295390
   -115.00      5.00       7.332100       0.000000       0.000000        10       9.0      10.0       0.395763   180.000    45.000    90.000    0     119.865929      -1.295960
   -115.00     10.00       2.664200       0.000000       0.000000        10       9.0      10.0       0.395763   180.000    45.000    90.000    0     119.849838      -1.296520
   -110.00    -15.00      26.003710       0.000000       0.000000        10       9.0      10.0       0.395763   180.000    45.000    90.000    0     119.928726      -1.248500
   -110.00    -10.00      21.335800       0.000000       0.000000        10       9.0      10.0       0.395763   180.000    45.000    90.000    0     119.912643      -1.249070
   -110.00     -5.00      16.667900       0.000000       0.000000        10       9.0      10.0       0.395763   180.000    45.000    90.000    0     119.896553      -1.249630
   -110.00      0.00      12.000000       0.000000       0.000000        10       9.0      10.0       0.395763   180.000    45.000    90.000    0     119.880463      -1.250200
   -110.00      5.00       7.332100       0.000000       0.000000        10       9.0      10.0       0.395763   180.000    45.000    90.000    0     119.864372      -1.250760
   -110.00     10.00       2.664200       0.000000       0.000000        10       9.0      10.0       0.395763   180.000    45.000    90.000    0     119.848282      -1.251330
   -105.00    -15.00      26.003710       0.000000       0.000000        10       9.0      10.0       0.395763   180.000    45.000    90.000    0     119.927162      -1.203310
   -105.00    -10.00      21.335800       0.000000       0.000000        10       9.0      10.0       0.395763   180.000    45.000    90.000    0     119.911072      -1.203880
   -105.00     -5.00      16.667900       0.000000       0.000000        10       9.0      10.0       0.395763   180.000    45.000    90.000    0     119.894981      -1.204440
   -105.00      0.00      12.000000       0.000000       0.000000        10       9.0      10.0       0.395763   180.000    45.000    90.000    0     119.878891      -1.205010
   -105.00      5.00       7.332100       0.000000       0.000000        10       9.0      10.0       0.395763   180.000    45.000    90.000    0     119.862801      -1.205570
   -105.00     10.00       2.664200       0.000000       0.000000        10       9.0      10.0       0.395763   180.000    45.000    90.000    0     119.846710      -1.206140
   -100.00    -15.00      26.003710       0.000000       0.000000        10       9.0      10.0       0.395763   180.000    45.000    90.000    0     119.925591      -1.158120
   -100.00    -10.00      21.335800       0.000000       0.000000        10       9.0      10.0       0.395763   180.000    45.000    90.000    0     119.909500      -1.158690
   -100.00     -5.00      16.667900       0.000000       0.000000        10       9.0      10.0       0.395763   180.000    45.000    90.000    0     119.893410      -1.159250
   -100.00      0.00      12.000000       0.000000       0.000000        10       9.0      10.0       0.395763   180.000    45.000    90.000    0     119.877319      -1.159820
   -100.00      5.00       7.332100       0.000000       0.000000        10       9.0      10.0       0.395763   180.000    45.000    90.000    0     119.861229      -1.160380
   -100.00     10.00       2.664200       0.000000       0.000000        10       9.0      10.0       0.395763   180.000    45.000    90.000    0     119.845207      -1.160950
    -95.00    -15.00      26.003710       0.000000       0.000000        10       9.0      10.0       0.395763   180.000    45.000    90.000    0     119.924026      -1.112930
    -95.00    -10.00      21.335800       0.000000       0.000000        10       9.0      10.0       0.395763   180.000    45.000    90.000    0     119.907944      -1.113500
    -95.00     -5.00      16.667900       0.000000       0.000000        10       9.0      10.0       0.395763   180.000    45.000    90.000    0     119.891853      -1.114060
    -95.00      0.00      12.000000       0.000000       0.000000        10       9.0      10.0       0.395763   180.000    45.000    90.000    0     119.875763      -1.114630
    -95.00      5.00       7.332100       0.000000       0.000000        10       9.0      10.0       0.395763   180.000    45.000    90.000    0     119.859673      -1.115190
    -95.00     10.00       2.664200       0.000000       0.000000        10       9.0      10.0       0.395763   180.000    45.000    90.000    0     119.843643      -1.115760
    -90.00    -15.00      26.003710       0.000000       0.000000        10       9.0      10.0       0.395763   180.000    45.000    90.000    0     119.922462      -1.067740
    -90.00    -10.00      21.335800       0.000000       0.000000        10       9.0      10.0       0.395763   180.000    45.000    90.000    0     119.906372      -1.068310
    -90.00     -5.00      16.667900       0.000000       0.000000        10       9.0      10.0       0.395763   180.000    45.000    90.000    0     119.890282      -1.068870
    -90.00      0.00      12.000000       0.000000       0.000000        10       9.0      10.0       0.395763   180.000    45.000    90.000    0     119.874191      -1.069440
    -90.00      5.00       7.332100       0.000000       0.000000        10       9.0      10.0       0.395763   180.000    45.000    90.000    0     119.858101      -1.070000
    -90.00     10.00       2.664200       0.000000       0.000000        10       9.0      10.0       0.395763   180.000    45.000    90.000    0     119.842072      -1.070570
    -85.00    -15.00      26.003710       0.000000       0.000000        10       9.0      10.0       0.395763   180.000    45.000    90.000    0     119.920891      -1.022550
    -85.00    -10.00      21.335800       0.000000       0.000000        10       9.0      10.0       0.395763   180.000    45.000    90.000    0     119.904800      -1.023120
    -85.00     -5.00      16.667900       0.000000       0.000000        10       9.0      10.0       0.395763   180.000    45.000    90.000    0     119.888710      -1.023680
    -85.00      0.00      12.000000       0.000000       0.000000        10       9.0      10.0       0.395763   180.000    45.000    90.000    0     119.872620      -1.024250
    -85.00      5.00       7.332100       0.000000       0.000000        10       9.0      10.0       0.395763   180.000    45.000    90.000    0     119.856537      -1.024810
    -85.00     10.00       2.664200       0.000000       0.000000        10       9.0      10.0       0.395763   180.000    45.000    90.000    0     119.840500      -1.025380
    -80.00    -15.00      26.003710       0.000000       0.000000        10       9.0      10.0       0.395763   180.000    45.000    90.000    0     119.919319      -0.977360
    -80.00    -10.00      21.335800       0.000000       0.000000        10       9.0      10.0       0.395763   180.000    45.000    90.000    0     119.903236      -0.977920
    -80.00     -5.00      16.667900       0.000000       0.000000        10       9.0      10.0       0.395763   180.000    45.000    90.000    0     119.887154      -0.978490
    -80.00      0.00      12.000000       0.000000       0.000000        10       9.0      10.0       0.395763   180.000    45.000    90.000    0     119.871063      -0.979050
    -80.00      5.00       7.332100       0.000000       0.000000        10       9.0      10.0       0.395763   180.000    45.000    90.000    0     119.854973      -0.979620
    -80.00     10.00       2.664200       0.000000       0.000000        10       9.0      10.0       0.395763   180.000    45.000    90.000    0     119.838928      -0.980190
    -75.00    -15.00      26.003710       0.000000       0.000000        10       9.0      10.0       0.395763   180.000    45.000    90.000    0     119.917763      -0.932170
    -75.00    -10.00      21.335800       0.000000       0.000000        10       9.0      10.0       0.395763   180.000    45.000    90.000    0     119.901672      -0.932730
    -75.00     -5.00      16.667900       0.000000       0.000000        10       9.0      10.0       0.395763   180.000    45.000    90.000    0     119.885582      -0.933300
    -75.00      0.00      12.000000       0.000000       0.000000        10       9.0      10.0       0.395763   180.000    45.000    90.000    0     119.869492      -0.933860
    -75.00      5.00       7.332100       0.000000       0.000000        10       9.0      10.0       0.395763   180.000    45.000    90.000    0     119.853401      -0.934430
    -75.00     10.00       2.664200       0.000000       0.000000        10       9.0      10.0       0.395763   180.000    45.000    90.000    0     119.837357      -0.934990
    -70.00    -15.00      26.003710       0.000000       0.000000        10       9.0      10.0       0.395763   180.000    45.000    90.000    0     119.916191      -0.886980
    -70.00    -10.00      21.335800       0.000000       0.000000        10       9.0      10.0       0.395763   180.000    45.000    90.000    0     119.900101      -0.887540
    -70.00     -5.00      16.667900       0.000000       0.000000        10       9.0      10.0       0.395763   180.000    45.000    90.000    0     119.884010      -0.888110
    -70.00      0.00      12.000000       0.000000       0.000000        10       9.0      10.0       0.395763   180.000    45.000    90.000    0     119.867928      -0.888670
    -70.00      5.00       7.332100       0.000000       0.000000        10       9.0      10.0       0.395763   180.000    45.000    90.000    0     119.851837      -0.889240
    -70.00     10.00       2.664200       0.000000       0.000000        10       9.0      10.0       0.395763   180.000    45.000    90.000    0     119.835793      -0.889800
    -65.00    -15.00      26.003710       0.000000       0.000000        10       9.0      10.0       0.395763   180.000    45.000    90.000    0     119.914619      -0.841790
    -65.00    -10.00      21.335800       0.000000       0.000000        10       9.0      10.0       0.395763   180.000    45.000    90.000    0     119.898537      -0.842350
    -65.00     -5.00      16.667900       0.000000       0.000000        10       9.0      10.0       0.395763   180.000    45.000    90.000    0     119.882446      -0.842920
    -65.00      0.00      12.000000       0.000000       0.000000        10       9.0      10.0       0.395763   180.000    45.000    90.000    0     119.866364      -0.843480
    -65.00      5.00       7.332100       0.000000       0.000000        10       9.0      10.0       0.395763   180.000    45.000    90.000    0     119.850273      -0.844050
    -65.00     10.00       2.664200       0.000000       0.000000        10       9.0      10.0       0.395763   180.000    45.000    90.000    0     119.834221      -0.844610
    -60.00    -15.00      26.003710       0.025442       0.025442        10       9.0      10.0       0.395763   345.110    37.480    22.950    0     119.913063      -0.796600
    -60.00    -10.00      21.335800       0.052484       0.052484        10       9.0      10.0       0.395763   343.720    86.590    47.670    0     119.896973      -0.797160
    -60.00     -5.00      16.667900       0.073299       0.073299        10       9.0      10.0       0.395763   151.600    74.270   -48.080    0     119.880882      -0.797730
    -60.00      0.00      12.000000       0.056717       0.056717        10       9.0      10.0       0.395763   330.620    36.690   -20.800    0     119.864792      -0.798290
    -60.00      5.00       7.332100       0.054182       0.054182        10       9.0      10.0       0.395763   332.670    59.550   -22.930    0     119.848701      -0.798860
    -60.00     10.00       2.664200       0.050306       0.050306        10       9.0      10.0       0.395763   334.240    62.770   -25.450    0     119.832657      -0.799420
    -55.00    -15.00      26.003710       0.053374       0.053374        10       9.0      10.0       0.395763    97.100    43.640  -107.630    1     119.911491      -0.751410
    -55.00    -10.00      21.335800       0.083485       0.083485        10       9.0      10.0       0.395763   160.060    77.400   -14.780    0     119.895401      -0.751970
    -55.00     -5.00      16.667900       0.107423       0.107423        10       9.0      10.0       0.395763   150.190    68.870   -33.500    0     119.879311      -0.752540
    -55.00      0.00      12.000000       0.123909       0.123909        10       9.0      10.0       0.395763   101.930    53.820  -101.580    1     119.863228      -0.753100
    -55.00      5.00       7.332100       0.142305       0.142305        10       9.0      10.0       0.395763   324.450    45.620   -38.040    0     119.847137      -0.753670
    -55.00     10.00       2.664200       0.133609       0.133609        10       9.0      10.0       0.395763   330.970    52.150   -27.710    0     119.831093      -0.754230
    -50.00    -15.00      26.003710       0.065296       0.065296        10       9.0      10.0       0.395763   165.680    79.670   -14.170    0     119.909920      -0.706210
    -50.00    -10.00      21.335800       0.105369       0.105369        10       9.0      10.0       0.395763   165.000    88.060    -1.420    0     119.893837      -0.706780
    -50.00     -5.00      16.667900       0.135316       0.135316        10       9.0      10.0       0.395763   158.020    84.450   -12.740    0     119.877747      -0.707340
    -50.00      0.00      12.000000       0.172122       0.172122        10       9.0      10.0       0.395763   327.260    50.480   -36.980    0     119.861656      -0.707910
    -50.00      5.00       7.332100       0.208890       0.208890        10       9.0      10.0       0.395763   326.970    45.260   -35.040    0     119.845612      -0.708470
    -50.00     10.00       2.664200       0.206410       0.206410        10       9.0      10.0       0.395763   330.280    48.460   -29.510    0     119.829521      -0.709040
    -45.00    -15.00      26.003710       0.073953       0.073953        10       9.0      10.0       0.395763   353.410    80.930    14.730    0     119.908363      -0.661020
    -45.00    -10.00      21.335800       0.124067       0.124067        10       9.0      10.0       0.395763   347.000    75.770    -0.680    0     119.892273      -0.661590
    -45.00     -5.00      16.667900       0.166499       0.166499        10       9.0      10.0       0.395763   341.560    75.560    -3.820    0     119.876183      -0.662150
    -45.00      0.00      12.000000       0.215133       0.215133        10       9.0      10.0       0.395763   335.710    57.580   -23.220    0     119.860092      -0.662720
    -45.00      5.00       7.332100       0.252624       0.252624        10       9.0      10.0       0.395763   331.500    49.150   -29.730    0     119.844040      -0.663280
    -45.00     10.00       2.664200       0.254347       0.254347        10       9.0      10.0       0.395763   332.970    50.110   -27.570    0     119.827950      -0.663850
    -40.00    -15.00      26.003710       0.083344       0.083344        10       9.0      10.0       0.395763     1.580    61.240    12.390    0     119.906792      -0.615830
    -40.00    -10.00      21.335800       0.144523       0.144523        10       9.0      10.0       0.395763   350.050    63.450     1.410    0     119.890701      -0.616400
    -40.00     -5.00      16.667900       0.190910       0.190910        10       9.0      10.0       0.395763   344.790    69.430    -4.350    0     119.874619      -0.616960
    -40.00      0.00      12.000000       0.238661       0.238661        10       9.0      10.0       0.395763   340.600    61.140   -17.460    0     119.858528      -0.617530
    -40.00      5.00       7.332100       0.271175       0.271175        10       9.0      10.0       0.395763   337.650    54.940   -23.520    0     119.842468      -0.618090
    -40.00     10.00       2.664200       0.281897       0.281897        10       9.0      10.0       0.395763   337.140    53.400   -24.680    0     119.826378      -0.618660
    -35.00    -15.00      26.003710       0.092115       0.092115        10       9.0      10.0       0.395763     7.380    49.070     9.540    0     119.905220      -0.570640
    -35.00    -10.00      21.335800       0.158287       0.158287        10       9.0      10.0       0.395763   353.380    58.610     2.020    0     119.889137      -0.571210
    -35.00     -5.00      16.667900       0.207257       0.207257        10       9.0      10.0       0.395763   348.700    66.650    -2.710    0     119.873047      -0.571770
    -35.00      0.00      12.000000       0.249682       0.249682        10       9.0      10.0       0.395763   345.400    64.290   -13.000    0     119.856956      -0.572340
    -35.00      5.00       7.332100       0.284005       0.284005        10       9.0      10.0       0.395763   343.020    60.300   -19.420    0     119.840897      -0.572900
    -35.00     10.00       2.664200       0.299442       0.299442        10       9.0      10.0       0.395763   341.640    56.980   -21.840    0     119.824806      -0.573470
    -30.00    -15.00      26.003710       0.089719       0.089719        10       9.0      10.0       0.395763    10.240    54.220    17.780    0     119.903664      -0.525450
    -30.00    -10.00      21.335800       0.168196       0.168196        10       9.0      10.0       0.395763   356.500    55.230     2.160    0     119.887573      -0.526020
    -30.00     -5.00      16.667900       0.220759       0.220759        10       9.0      10.0       0.395763   352.520    63.820    -1.610    0     119.871483      -0.526580
    -30.00      0.00      12.000000       0.260098       0.260098        10       9.0      10.0       0.395763   349.370    65.970   -11.010    0     119.855400      -0.527150
    -30.00      5.00       7.332100       0.295049       0.295049        10       9.0      10.0       0.395763   347.420    64.520   -17.190    0     119.839333      -0.527710
    -30.00     10.00       2.664200       0.313041       0.313041        10       9.0      10.0       0.395763   345.780    60.680   -19.600    0     119.823242      -0.528280
    -25.00    -15.00      26.003710       0.084997       0.084997        10       9.0      10.0       0.395763    11.430    60.040    22.600    0     119.902092      -0.480260
    -25.00    -10.00      21.335800       0.169987       0.169987        10       9.0      10.0       0.395763     0.090    55.600     4.270    0     119.886002      -0.480820
    -25.00     -5.00      16.667900       0.231648       0.231648        10       9.0      10.0       0.395763   355.930    62.030    -1.410    0     119.869919      -0.481390
    -25.00      0.00      12.000000       0.272387       0.272387        10       9.0      10.0       0.395763   352.790    66.730    -9.640    0     119.853828      -0.481950
    -25.00      5.00       7.332100       0.309155       0.309155        10       9.0      10.0       0.395763   350.460    66.650   -16.600    0     119.837761      -0.482520
    -25.00     10.00       2.664200       0.327251       0.327251        10       9.0      10.0       0.395763   349.200    63.600   -18.010    0     119.821671      -0.483090
    -20.00    -15.00      26.003710       0.082092       0.082092        10       9.0      10.0       0.395763    13.620    63.760    22.630    0     119.900528      -0.435070
    -20.00    -10.00      21.335800       0.168175       0.168175        10       9.0      10.0       0.395763     3.040    58.250     6.330    0     119.884438      -0.435630
    -20.00     -5.00      16.667900       0.238870       0.238870        10       9.0      10.0       0.395763   358.160    61.900    -2.610    0     119.868347      -0.436200
    -20.00      0.00      12.000000       0.283191       0.283191        10       9.0      10.0       0.395763   355.400    67.700    -9.900    0     119.852257      -0.436760
    -20.00      5.00       7.332100       0.322888       0.322888        10       9.0      10.0       0.395763   352.430    67.930   -17.160    0     119.836189      -0.437330
    -20.00     10.00       2.664200       0.342673       0.342673        10       9.0      10.0       0.395763   351.610    65.400   -17.490    0     119.820099      -0.437900
    -15.00    -15.00      26.003710       0.078483       0.078483        10       9.0      10.0       0.395763    10.910    77.430     5.760    0     119.898956      -0.389880
    -15.00    -10.00      21.335800       0.160637       0.160637        10       9.0      10.0       0.395763     4.490    64.370     5.160    0     119.882874      -0.390440
    -15.00     -5.00      16.667900       0.242514       0.242514        10       9.0      10.0       0.395763     0.070    62.330    -3.770    0     119.866791      -0.391010
    -15.00      0.00      12.000000       0.292689       0.292689        10       9.0      10.0       0.395763   356.930    67.830   -11.740    0     119.850700      -0.391570
    -15.00      5.00       7.332100       0.333090       0.333090        10       9.0      10.0       0.395763   353.590    67.990   -18.150    0     119.834618      -0.392140
    -15.00     10.00       2.664200       0.355942       0.355942        10       9.0      10.0       0.395763   353.160    66.070   -17.820    0     119.818527      -0.392700
    -10.00    -15.00      26.003710       0.082763       0.082763        10       9.0      10.0       0.395763   195.620    77.160    20.620    0     119.897392      -0.344690
    -10.00    -10.00      21.335800       0.159229       0.159229        10       9.0      10.0       0.395763     5.470    68.050     0.880    0     119.881310      -0.345250
    -10.00     -5.00      16.667900       0.240356       0.240356        10       9.0      10.0       0.395763     1.560    64.390    -5.270    0     119.865219      -0.345820
    -10.00      0.00      12.000000       0.299753       0.299753        10       9.0      10.0       0.395763   357.540    66.860   -13.870    0     119.849129      -0.346380
    -10.00      5.00       7.332100       0.340018       0.340018        10       9.0      10.0       0.395763   354.330    67.390   -19.090    0     119.833054      -0.346950
    -10.00     10.00       2.664200       0.365243       0.365243        10       9.0      10.0       0.395763   353.860    65.700   -18.870    0     119.816963      -0.347510
     -5.00    -15.00      26.003710       0.089064       0.089064        10       9.0      10.0       0.395763   201.490    69.820    32.640    0     119.895828      -0.299500
     -5.00    -10.00      21.335800       0.154812       0.154812        10       9.0      10.0       0.395763     6.790    77.880    -8.720    0     119.879738      -0.300060
     -5.00     -5.00      16.667900       0.234737       0.234737        10       9.0      10.0       0.395763     2.150    67.070    -8.420    0     119.863647      -0.300630
     -5.00      0.00      12.000000       0.298358       0.298358        10       9.0      10.0       0.395763   357.380    66.080   -16.540    0     119.847572      -0.301190
     -5.00      5.00       7.332100       0.346115       0.346115        10       9.0      10.0       0.395763   354.020    64.860   -20.410    0     119.831482      -0.301760
     -5.00     10.00       2.664200       0.368405       0.368405        10       9.0      10.0       0.395763   353.920    64.410   -20.070    0     119.815399      -0.302320
      0.00    -15.00      26.003710       0.090478       0.090478        10       9.0      10.0       0.395763   205.460    70.330    40.010    0     119.894257      -0.254300
      0.00    -10.00      21.335800       0.150570       0.150570        10       9.0      10.0       0.395763    10.420    87.890   -19.390    0     119.878166      -0.254870
      0.00     -5.00      16.667900       0.221957       0.221957        10       9.0      10.0       0.395763     2.520    70.150   -12.360    0     119.862091      -0.255430
      0.00      0.00      12.000000       0.290802       0.290802        10       9.0      10.0       0.395763   356.870    65.160   -18.730    0     119.846001      -0.256000
      0.00      5.00       7.332100       0.342720       0.342720        10       9.0      10.0       0.395763   353.660    62.560   -21.070    0     119.829910      -0.256570
      0.00     10.00       2.664200       0.361244       0.361244        10       9.0      10.0       0.395763   353.650    63.000   -20.920    0     119.813828      -0.257130
      5.00    -15.00      26.003710       0.090539       0.090539        10       9.0      10.0       0.395763   207.740    72.270    45.890    0     119.892693      -0.209110
      5.00    -10.00      21.335800       0.143475       0.143475        10       9.0      10.0       0.395763   193.880    85.150    28.180    0     119.876602      -0.209680
      5.00     -5.00      16.667900       0.203084       0.203084        10       9.0      10.0       0.395763     2.520    73.300   -15.670    0     119.860519      -0.210240
      5.00      0.00      12.000000       0.271151       0.271151        10       9.0      10.0       0.395763   356.660    65.820   -19.860    0     119.844429      -0.210810
      5.00      5.00       7.332100       0.326909       0.326909        10       9.0      10.0       0.395763   352.870    60.860   -21.820    0     119.828346      -0.211370
      5.00     10.00       2.664200       0.342409       0.342409        10       9.0      10.0       0.395763   352.880    61.630   -21.680    0     119.812263      -0.211940
     10.00    -15.00      26.003710       0.094369       0.094369        10       9.0      10.0       0.395763   210.770    72.240    51.980    0     119.891121      -0.163920
     10.00    -10.00      21.335800       0.135489       0.135489        10       9.0      10.0       0.395763   198.000    80.650    38.200    0     119.875038      -0.164490
     10.00     -5.00      16.667900       0.178405       0.178405        10       9.0      10.0       0.395763     1.900    75.520   -19.190    0     119.858948      -0.165050
     10.00      0.00      12.000000       0.242661       0.242661        10       9.0      10.0       0.395763   356.170    65.630   -19.420    0     119.842873      -0.165620
     10.00      5.00       7.332100       0.298252       0.298252        10       9.0      10.0       0.395763   351.870    59.610   -21.840    0     119.826782      -0.166180
     10.00     10.00       2.664200       0.312673       0.312673        10       9.0      10.0       0.395763   351.550    60.090   -22.200    0     119.810692      -0.166750
     15.00    -15.00      26.003710       0.093744       0.093744        10       9.0      10.0       0.395763   210.990    72.440    54.330    0     119.889549      -0.118730
     15.00    -10.00      21.335800       0.120955       0.120955        10       9.0      10.0       0.395763   199.610    80.020    43.770    0     119.873466      -0.119300
     15.00     -5.00      16.667900       0.150064       0.150064        10       9.0      10.0       0.395763     1.780    77.600   -22.010    0     119.857384      -0.119860
     15.00      0.00      12.000000       0.203718       0.203718        10       9.0      10.0       0.395763   355.300    65.610   -19.030    0     119.841301      -0.120430
     15.00      5.00       7.332100       0.259263       0.259263        10       9.0      10.0       0.395763   349.960    57.840   -22.230    0     119.825218      -0.120990
     15.00     10.00       2.664200       0.274895       0.274895        10       9.0      10.0       0.395763   349.340    57.760   -22.500    0     119.809128      -0.121560
     20.00    -15.00      26.003710       0.088700       0.088700        10       9.0      10.0       0.395763   212.160    71.680    55.040    0     119.887978      -0.073540
     20.00    -10.00      21.335800       0.103275       0.103275        10       9.0      10.0       0.395763   200.940    78.790    47.460    0     119.871902      -0.074100
     20.00     -5.00      16.667900       0.118157       0.118157        10       9.0      10.0       0.395763     3.310    80.150   -24.000    0     119.855812      -0.074670
     20.00      0.00      12.000000       0.165325       0.165325        10       9.0      10.0       0.395763   352.690    61.070   -17.980    0     119.839737      -0.075240
     20.00      5.00       7.332100       0.212818       0.212818        10       9.0      10.0       0.395763   347.050    55.020   -21.750    0     119.823647      -0.075800
     20.00     10.00       2.664200       0.231855       0.231855        10       9.0      10.0       0.395763   345.940    53.790   -21.940    0     119.807564      -0.076370
     25.00    -15.00      26.003710       0.079420       0.079420        10       9.0      10.0       0.395763   217.120    69.100    54.690    0     119.886414      -0.028350
     25.00    -10.00      21.335800       0.088866       0.088866        10       9.0      10.0       0.395763   208.580    71.750    52.250    0     119.870331      -0.028910
     25.00     -5.00      16.667900       0.083521       0.083521        10       9.0      10.0       0.395763   191.750    88.270    32.620    0     119.854240      -0.029480
     25.00      0.00      12.000000       0.124563       0.124563        10       9.0      10.0       0.395763   348.580    52.130   -13.940    0     119.838173      -0.030050
     25.00      5.00       7.332100       0.164083       0.164083        10       9.0      10.0       0.395763   343.180    48.010   -17.730    0     119.822083      -0.030610
     25.00     10.00       2.664200       0.186179       0.186179        10       9.0      10.0       0.395763   341.280    46.290   -18.560    0     119.806000      -0.031180
     30.00    -15.00      26.003710       0.062698       0.062698        10       9.0      10.0       0.395763   221.550    65.390    53.260    0     119.884850       0.016840
     30.00    -10.00      21.335800       0.080597       0.080597        10       9.0      10.0       0.395763   220.060    62.180    53.510    0     119.868759       0.016280
     30.00     -5.00      16.667900       0.062662       0.062662        10       9.0      10.0       0.395763   222.300    64.080    68.820    0     119.852669       0.015710
     30.00      0.00      12.000000       0.095793       0.095793        10       9.0      10.0       0.395763   347.630    27.210     5.870    0     119.836601       0.015150
     30.00      5.00       7.332100       0.121645       0.121645        10       9.0      10.0       0.395763   339.630    34.460    -8.560    0     119.820518       0.014580
     30.00     10.00       2.664200       0.147577       0.147577        10       9.0      10.0       0.395763   336.110    32.920   -10.600    0     119.804428       0.014020
     35.00    -15.00      26.003710       0.048333       0.048333        10       9.0      10.0       0.395763   101.700    49.910   127.470    1     119.883278       0.062030
     35.00    -10.00      21.335800       0.085162       0.085162        10       9.0      10.0       0.395763   102.460    52.900   122.340    1     119.867188       0.061470
     35.00     -5.00      16.667900       0.060528       0.060528        10       9.0      10.0       0.395763    89.250    39.190   108.530    1     119.851097       0.060900
     35.00      0.00      12.000000       0.081891       0.081891        10       9.0      10.0       0.395763    28.420    10.900    51.360    0     119.835037       0.060340
     35.00      5.00       7.332100       0.098310       0.098310        10       9.0      10.0       0.395763   343.540    18.800     2.980    0     119.818947       0.059770
     35.00     10.00       2.664200       0.123565       0.123565        10       9.0      10.0       0.395763   337.280    19.020    -1.160    0     119.802856       0.059210
     40.00    -15.00      26.003710       0.044092       0.044092        10       9.0      10.0       0.395763    90.340    59.560   104.530    1     119.881706       0.107230
     40.00    -10.00      21.335800       0.096685       0.096685        10       9.0      10.0       0.395763   103.170    60.400   109.550    1     119.865623       0.106660
     40.00     -5.00      16.667900       0.070287       0.070287        10       9.0      10.0       0.395763   108.100    45.990   108.230    1     119.849533       0.106090
     40.00      0.00      12.000000       0.072561       0.072561        10       9.0      10.0       0.395763   121.170    23.850   121.670    1     119.833473       0.105530
     40.00      5.00       7.332100       0.092359       0.092359        10       9.0      10.0       0.395763    55.290     5.620    67.680    1     119.817390       0.104960
     40.00     10.00       2.664200       0.110168       0.110168        10       9.0      10.0       0.395763     8.740     6.800    26.600    0     119.801300       0.104400
     45.00    -15.00      26.003710       0.065993       0.065993        10       9.0      10.0       0.395763    81.410    68.080    91.250    1     119.880142       0.152420
     45.00    -10.00      21.335800       0.108080       0.108080        10       9.0      10.0       0.395763   100.140    63.550   102.690    1     119.864052       0.151850
     45.00     -5.00      16.667900       0.075188       0.075188        10       9.0      10.0       0.395763   117.560    48.560   114.850    1     119.847961       0.151280
     45.00      0.00      12.000000       0.075428       0.075428        10       9.0      10.0       0.395763   113.980    31.860   102.860    1     119.831909       0.150720
     45.00      5.00       7.332100       0.095532       0.095532        10       9.0      10.0       0.395763   121.920    14.270   124.510    1     119.815819       0.150150
     45.00     10.00       2.664200       0.101626       0.101626        10       9.0      10.0       0.395763   116.100     9.280   123.250    1     119.799728       0.149590
     50.00    -15.00      26.003710       0.074029       0.074029        10       9.0      10.0       0.395763    81.270    71.250    90.880    1     119.878571       0.197610
     50.00    -10.00      21.335800       0.088161       0.088161        10       9.0      10.0       0.395763   101.550    66.390   105.840    1     119.862480       0.197040
     50.00     -5.00      16.667900       0.057133       0.057133        10       9.0      10.0       0.395763   121.570    49.520   125.100    1     119.846390       0.196470
     50.00      0.00      12.000000       0.053129       0.053129        10       9.0      10.0       0.395763   101.320    34.080    92.180    1     119.830338       0.195910
     50.00      5.00       7.332100       0.076868       0.076868        10       9.0      10.0       0.395763   123.370    19.650   123.600    1     119.814247       0.195340
     50.00     10.00       2.664200       0.073522       0.073522        10       9.0      10.0       0.395763   124.350    14.770   125.850    1     119.798172       0.194780
