      xloc      yloc          depth         ave SR         max SR         #     start       end     max SR all       str       dip      rake flag
   -185.00    -15.00      26.003710       0.000000       0.000000        24      23.0      24.0       0.395763   180.000    45.000    90.000    0     119.952240      -1.926360
   -185.00    -10.00      21.335800       0.000000       0.000000        24      23.0      24.0       0.395763   180.000    45.000    90.000    0     119.936150      -1.926930
   -185.00     -5.00      16.667900       0.000000       0.000000        24      23.0      24.0       0.395763   180.000    45.000    90.000    0     119.920059      -1.927490
   -185.00      0.00      12.000000       0.000000       0.000000        24      23.0      24.0       0.395763   180.000    45.000    90.000    0     119.903961      -1.928060
   -185.00      5.00       7.332100       0.000000       0.000000        24      23.0      24.0       0.395763   180.000    45.000    90.000    0     119.887871      -1.928620
   -185.00     10.00       2.664200       0.000000       0.000000        24      23.0      24.0       0.395763   180.000    45.000    90.000    0     119.871780      -1.929190
   -180.00    -15.00      26.003710       0.000000       0.000000        24      23.0      24.0       0.395763   180.000    45.000    90.000    0     119.950684      -1.881170
   -180.00    -10.00      21.335800       0.000000       0.000000        24      23.0      24.0       0.395763   180.000    45.000    90.000    0     119.934578      -1.881740
   -180.00     -5.00      16.667900       0.000000       0.000000        24      23.0      24.0       0.395763   180.000    45.000    90.000    0     119.918488      -1.882300
   -180.00      0.00      12.000000       0.000000       0.000000        24      23.0      24.0       0.395763   180.000    45.000    90.000    0     119.902397      -1.882870
   -180.00      5.00       7.332100       0.000000       0.000000        24      23.0      24.0       0.395763   180.000    45.000    90.000    0     119.886299      -1.883430
   -180.00     10.00       2.664200       0.000000       0.000000        24      23.0      24.0       0.395763   180.000    45.000    90.000    0     119.870209      -1.884000
   -175.00    -15.00      26.003710       0.000000       0.000000        24      23.0      24.0       0.395763   180.000    45.000    90.000    0     119.949112      -1.835980
   -175.00    -10.00      21.335800       0.000000       0.000000        24      23.0      24.0       0.395763   180.000    45.000    90.000    0     119.933006      -1.836550
   -175.00     -5.00      16.667900       0.000000       0.000000        24      23.0      24.0       0.395763   180.000    45.000    90.000    0     119.916924      -1.837110
   -175.00      0.00      12.000000       0.000000       0.000000        24      23.0      24.0       0.395763   180.000    45.000    90.000    0     119.900833      -1.837680
   -175.00      5.00       7.332100       0.000000       0.000000        24      23.0      24.0       0.395763   180.000    45.000    90.000    0     119.884743      -1.838240
   -175.00     10.00       2.664200       0.000000       0.000000        24      23.0      24.0       0.395763   180.000    45.000    90.000    0     119.868637      -1.838810
   -170.00    -15.00      26.003710       0.000000       0.000000        24      23.0      24.0       0.395763   180.000    45.000    90.000    0     119.947540      -1.790790
   -170.00    -10.00      21.335800       0.000000       0.000000        24      23.0      24.0       0.395763   180.000    45.000    90.000    0     119.931450      -1.791360
   -170.00     -5.00      16.667900       0.000000       0.000000        24      23.0      24.0       0.395763   180.000    45.000    90.000    0     119.915352      -1.791920
   -170.00      0.00      12.000000       0.000000       0.000000        24      23.0      24.0       0.395763   180.000    45.000    90.000    0     119.899261      -1.792490
   -170.00      5.00       7.332100       0.000000       0.000000        24      23.0      24.0       0.395763   180.000    45.000    90.000    0     119.883171      -1.793050
   -170.00     10.00       2.664200       0.000000       0.000000        24      23.0      24.0       0.395763   180.000    45.000    90.000    0     119.867081      -1.793620
   -165.00    -15.00      26.003710       0.000000       0.000000        24      23.0      24.0       0.395763   180.000    45.000    90.000    0     119.945969      -1.745600
   -165.00    -10.00      21.335800       0.000000       0.000000        24      23.0      24.0       0.395763   180.000    45.000    90.000    0     119.929878      -1.746170
   -165.00     -5.00      16.667900       0.000000       0.000000        24      23.0      24.0       0.395763   180.000    45.000    90.000    0     119.913788      -1.746730
   -165.00      0.00      12.000000       0.000000       0.000000        24      23.0      24.0       0.395763   180.000    45.000    90.000    0     119.897690      -1.747300
   -165.00      5.00       7.332100       0.000000       0.000000        24      23.0      24.0       0.395763   180.000    45.000    90.000    0     119.881599      -1.747860
   -165.00     10.00       2.664200       0.000000       0.000000        24      23.0      24.0       0.395763   180.000    45.000    90.000    0     119.865509      -1.748430
   -160.00    -15.00      26.003710       0.000000       0.000000        24      23.0      24.0       0.395763   180.000    45.000    90.000    0     119.944397      -1.700410
   -160.00    -10.00      21.335800       0.000000       0.000000        24      23.0      24.0       0.395763   180.000    45.000    90.000    0     119.928307      -1.700980
   -160.00     -5.00      16.667900       0.000000       0.000000        24      23.0      24.0       0.395763   180.000    45.000    90.000    0     119.912216      -1.701540
   -160.00      0.00      12.000000       0.000000       0.000000        24      23.0      24.0       0.395763   180.000    45.000    90.000    0     119.896133      -1.702110
   -160.00      5.00       7.332100       0.000000       0.000000        24      23.0      24.0       0.395763   180.000    45.000    90.000    0     119.880028      -1.702670
   -160.00     10.00       2.664200       0.000000       0.000000        24      23.0      24.0       0.395763   180.000    45.000    90.000    0     119.863937      -1.703240
   -155.00    -15.00      26.003710       0.000000       0.000000        24      23.0      24.0       0.395763   180.000    45.000    90.000    0     119.942841      -1.655220
   -155.00    -10.00      21.335800       0.000000       0.000000        24      23.0      24.0       0.395763   180.000    45.000    90.000    0     119.926743      -1.655790
   -155.00     -5.00      16.667900       0.000000       0.000000        24      23.0      24.0       0.395763   180.000    45.000    90.000    0     119.910652      -1.656350
   -155.00      0.00      12.000000       0.000000       0.000000        24      23.0      24.0       0.395763   180.000    45.000    90.000    0     119.894562      -1.656920
   -155.00      5.00       7.332100       0.000000       0.000000        24      23.0      24.0       0.395763   180.000    45.000    90.000    0     119.878471      -1.657480
   -155.00     10.00       2.664200       0.000000       0.000000        24      23.0      24.0       0.395763   180.000    45.000    90.000    0     119.862373      -1.658050
   -150.00    -15.00      26.003710       0.000000       0.000000        24      23.0      24.0       0.395763   180.000    45.000    90.000    0     119.941269      -1.610030
   -150.00    -10.00      21.335800       0.000000       0.000000        24      23.0      24.0       0.395763   180.000    45.000    90.000    0     119.925179      -1.610590
   -150.00     -5.00      16.667900       0.000000       0.000000        24      23.0      24.0       0.395763   180.000    45.000    90.000    0     119.909081      -1.611160
   -150.00      0.00      12.000000       0.000000       0.000000        24      23.0      24.0       0.395763   180.000    45.000    90.000    0     119.892990      -1.611730
   -150.00      5.00       7.332100       0.000000       0.000000        24      23.0      24.0       0.395763   180.000    45.000    90.000    0     119.876900      -1.612290
   -150.00     10.00       2.664200       0.000000       0.000000        24      23.0      24.0       0.395763   180.000    45.000    90.000    0     119.860809      -1.612860
   -145.00    -15.00      26.003710       0.014980       0.014980        24      23.0      24.0       0.395763   205.370    82.620  -129.150    0     119.939697      -1.564840
   -145.00    -10.00      21.335800       0.020887       0.020887        24      23.0      24.0       0.395763   197.780    33.110   122.400    0     119.923607      -1.565400
   -145.00     -5.00      16.667900       0.029768       0.029768        24      23.0      24.0       0.395763   157.130    33.480    43.750    0     119.907516      -1.565970
   -145.00      0.00      12.000000       0.036267       0.036267        24      23.0      24.0       0.395763   146.750    53.160     6.900    0     119.891418      -1.566530
   -145.00      5.00       7.332100       0.028192       0.028192        24      23.0      24.0       0.395763   329.710    76.050   -13.350    0     119.875328      -1.567100
   -145.00     10.00       2.664200       0.025818       0.025818        24      23.0      24.0       0.395763   151.610    87.600     9.240    0     119.859238      -1.567660
   -140.00    -15.00      26.003710       0.030348       0.030348        24      23.0      24.0       0.395763   135.580    53.640   -11.890    0     119.938133      -1.519650
   -140.00    -10.00      21.335800       0.046513       0.046513        24      23.0      24.0       0.395763   190.560    29.410   121.530    0     119.922043      -1.520210
   -140.00     -5.00      16.667900       0.051998       0.051998        24      23.0      24.0       0.395763   187.130    29.800    91.830    0     119.905952      -1.520780
   -140.00      0.00      12.000000       0.072484       0.072484        24      23.0      24.0       0.395763   143.150    48.340     0.240    0     119.889862      -1.521340
   -140.00      5.00       7.332100       0.065664       0.065664        24      23.0      24.0       0.395763   148.330    69.390     2.210    0     119.873772      -1.521910
   -140.00     10.00       2.664200       0.066820       0.066820        24      23.0      24.0       0.395763   148.710    74.580    -6.040    0     119.857681      -1.522470
   -135.00    -15.00      26.003710       0.030498       0.030498        24      23.0      24.0       0.395763   147.260    76.940    19.280    0     119.936562      -1.474460
   -135.00    -10.00      21.335800       0.049376       0.049376        24      23.0      24.0       0.395763   215.080    43.740   123.410    0     119.920471      -1.475020
   -135.00     -5.00      16.667900       0.072299       0.072299        24      23.0      24.0       0.395763   351.660    67.340    60.290    0     119.904381      -1.475590
   -135.00      0.00      12.000000       0.100856       0.100856        24      23.0      24.0       0.395763   150.110    79.150   -26.360    0     119.888290      -1.476150
   -135.00      5.00       7.332100       0.111482       0.111482        24      23.0      24.0       0.395763   147.500    72.370   -15.740    0     119.872200      -1.476720
   -135.00     10.00       2.664200       0.117580       0.117580        24      23.0      24.0       0.395763   148.010    74.040   -16.550    0     119.856110      -1.477280
   -130.00    -15.00      26.003710       0.033495       0.033495        24      23.0      24.0       0.395763   154.700    86.630    21.600    0     119.934998      -1.429270
   -130.00    -10.00      21.335800       0.058146       0.058146        24      23.0      24.0       0.395763   348.280    57.290    39.110    0     119.918907      -1.429830
   -130.00     -5.00      16.667900       0.095700       0.095700        24      23.0      24.0       0.395763   340.360    79.370    35.050    0     119.902809      -1.430400
   -130.00      0.00      12.000000       0.133614       0.133614        24      23.0      24.0       0.395763   153.610    83.680   -27.450    0     119.886719      -1.430960
   -130.00      5.00       7.332100       0.148014       0.148014        24      23.0      24.0       0.395763   150.880    77.670   -20.920    0     119.870628      -1.431530
   -130.00     10.00       2.664200       0.154759       0.154759        24      23.0      24.0       0.395763   150.640    77.800   -19.680    0     119.854538      -1.432090
   -125.00    -15.00      26.003710       0.042250       0.042250        24      23.0      24.0       0.395763   341.570    46.180    25.220    0     119.933434      -1.384080
   -125.00    -10.00      21.335800       0.075162       0.075162        24      23.0      24.0       0.395763   341.270    70.230    12.680    0     119.917343      -1.384640
   -125.00     -5.00      16.667900       0.119156       0.119156        24      23.0      24.0       0.395763   340.310    82.610    24.320    0     119.901253      -1.385210
   -125.00      0.00      12.000000       0.156659       0.156659        24      23.0      24.0       0.395763   156.100    84.910   -22.350    0     119.885162      -1.385770
   -125.00      5.00       7.332100       0.171836       0.171836        24      23.0      24.0       0.395763   154.530    81.050   -18.850    0     119.869072      -1.386340
   -125.00     10.00       2.664200       0.176889       0.176889        24      23.0      24.0       0.395763   154.390    81.510   -17.330    0     119.852982      -1.386900
   -120.00    -15.00      26.003710       0.048791       0.048791        24      23.0      24.0       0.395763   177.900    71.710    47.950    0     119.931862      -1.338890
   -120.00    -10.00      21.335800       0.092414       0.092414        24      23.0      24.0       0.395763   341.950    71.090     4.640    0     119.915771      -1.339450
   -120.00     -5.00      16.667900       0.136475       0.136475        24      23.0      24.0       0.395763   342.090    82.180    15.580    0     119.899681      -1.340020
   -120.00      0.00      12.000000       0.170597       0.170597        24      23.0      24.0       0.395763   159.310    88.210   -14.880    0     119.883591      -1.340580
   -120.00      5.00       7.332100       0.183844       0.183844        24      23.0      24.0       0.395763   158.730    85.900   -11.930    0     119.867500      -1.341150
   -120.00     10.00       2.664200       0.187908       0.187908        24      23.0      24.0       0.395763   158.680    85.850   -10.380    0     119.851410      -1.341710
   -115.00    -15.00      26.003710       0.059245       0.059245        24      23.0      24.0       0.395763   189.130    67.450    60.000    0     119.930290      -1.293690
   -115.00    -10.00      21.335800       0.106722       0.106722        24      23.0      24.0       0.395763   343.240    69.730     0.600    0     119.914200      -1.294260
   -115.00     -5.00      16.667900       0.149320       0.149320        24      23.0      24.0       0.395763   344.280    82.830     7.260    0     119.898109      -1.294830
   -115.00      0.00      12.000000       0.181123       0.181123        24      23.0      24.0       0.395763   342.500    87.820     5.460    0     119.882019      -1.295390
   -115.00      5.00       7.332100       0.193898       0.193898        24      23.0      24.0       0.395763   342.300    89.060     1.370    0     119.865929      -1.295960
   -115.00     10.00       2.664200       0.198259       0.198259        24      23.0      24.0       0.395763   342.540    89.980     0.310    0     119.849838      -1.296520
   -110.00    -15.00      26.003710       0.070657       0.070657        24      23.0      24.0       0.395763   195.250    70.250    66.130    0     119.928726      -1.248500
   -110.00    -10.00      21.335800       0.119840       0.119840        24      23.0      24.0       0.395763   344.520    70.540    -5.180    0     119.912643      -1.249070
   -110.00     -5.00      16.667900       0.160556       0.160556        24      23.0      24.0       0.395763   346.350    84.850    -0.580    0     119.896553      -1.249630
   -110.00      0.00      12.000000       0.192661       0.192661        24      23.0      24.0       0.395763   345.000    85.490    -3.800    0     119.880463      -1.250200
   -110.00      5.00       7.332100       0.208945       0.208945        24      23.0      24.0       0.395763   345.210    86.210    -8.550    0     119.864372      -1.250760
   -110.00     10.00       2.664200       0.213301       0.213301        24      23.0      24.0       0.395763   345.630    87.570    -9.130    0     119.848282      -1.251330
   -105.00    -15.00      26.003710       0.081808       0.081808        24      23.0      24.0       0.395763   200.220    73.080    71.480    0     119.927162      -1.203310
   -105.00    -10.00      21.335800       0.130428       0.130428        24      23.0      24.0       0.395763   347.200    76.020   -12.040    0     119.911072      -1.203880
   -105.00     -5.00      16.667900       0.173178       0.173178        24      23.0      24.0       0.395763   348.120    84.560    -7.630    0     119.894981      -1.204440
   -105.00      0.00      12.000000       0.203820       0.203820        24      23.0      24.0       0.395763   347.280    84.860   -11.390    0     119.878891      -1.205010
   -105.00      5.00       7.332100       0.227138       0.227138        24      23.0      24.0       0.395763   347.630    84.950   -16.560    0     119.862801      -1.205570
   -105.00     10.00       2.664200       0.230287       0.230287        24      23.0      24.0       0.395763   348.250    86.540   -16.470    0     119.846710      -1.206140
   -100.00    -15.00      26.003710       0.086872       0.086872        24      23.0      24.0       0.395763   189.600    80.040    56.300    0     119.925591      -1.158120
   -100.00    -10.00      21.335800       0.140280       0.140280        24      23.0      24.0       0.395763   350.060    79.390   -16.800    0     119.909500      -1.158690
   -100.00     -5.00      16.667900       0.183637       0.183637        24      23.0      24.0       0.395763   349.700    83.620   -13.670    0     119.893410      -1.159250
   -100.00      0.00      12.000000       0.213255       0.213255        24      23.0      24.0       0.395763   349.460    85.020   -16.650    0     119.877319      -1.159820
   -100.00      5.00       7.332100       0.242197       0.242197        24      23.0      24.0       0.395763   349.990    85.430   -22.380    0     119.861229      -1.160380
   -100.00     10.00       2.664200       0.244804       0.244804        24      23.0      24.0       0.395763   350.350    85.720   -21.580    0     119.845207      -1.160950
    -95.00    -15.00      26.003710       0.091294       0.091294        24      23.0      24.0       0.395763   184.080    86.310    46.080    0     119.924026      -1.112930
    -95.00    -10.00      21.335800       0.148200       0.148200        24      23.0      24.0       0.395763   352.440    81.120   -20.520    0     119.907944      -1.113500
    -95.00     -5.00      16.667900       0.190133       0.190133        24      23.0      24.0       0.395763   351.320    83.010   -18.320    0     119.891853      -1.114060
    -95.00      0.00      12.000000       0.218106       0.218106        24      23.0      24.0       0.395763   351.340    84.770   -19.850    0     119.875763      -1.114630
    -95.00      5.00       7.332100       0.249743       0.249743        24      23.0      24.0       0.395763   351.390    84.610   -25.660    0     119.859673      -1.115190
    -95.00     10.00       2.664200       0.253002       0.253002        24      23.0      24.0       0.395763   351.420    83.750   -24.280    0     119.843643      -1.115760
    -90.00    -15.00      26.003710       0.092859       0.092859        24      23.0      24.0       0.395763     1.330    86.110   -36.780    0     119.922462      -1.067740
    -90.00    -10.00      21.335800       0.149826       0.149826        24      23.0      24.0       0.395763   354.710    82.970   -21.980    0     119.906372      -1.068310
    -90.00     -5.00      16.667900       0.191649       0.191649        24      23.0      24.0       0.395763   352.240    81.570   -20.810    0     119.890282      -1.068870
    -90.00      0.00      12.000000       0.217225       0.217225        24      23.0      24.0       0.395763   352.010    82.410   -20.690    0     119.874191      -1.069440
    -90.00      5.00       7.332100       0.246260       0.246260        24      23.0      24.0       0.395763   351.260    81.770   -26.610    0     119.858101      -1.070000
    -90.00     10.00       2.664200       0.252252       0.252252        24      23.0      24.0       0.395763   351.180    80.450   -25.160    0     119.842072      -1.070570
    -85.00    -15.00      26.003710       0.088620       0.088620        24      23.0      24.0       0.395763     1.780    82.830   -30.160    0     119.920891      -1.022550
    -85.00    -10.00      21.335800       0.146781       0.146781        24      23.0      24.0       0.395763   356.350    82.940   -22.490    0     119.904800      -1.023120
    -85.00     -5.00      16.667900       0.185208       0.185208        24      23.0      24.0       0.395763   352.690    78.780   -22.530    0     119.888710      -1.023680
    -85.00      0.00      12.000000       0.211183       0.211183        24      23.0      24.0       0.395763   351.010    76.680   -21.190    0     119.872620      -1.024250
    -85.00      5.00       7.332100       0.234149       0.234149        24      23.0      24.0       0.395763   349.390    76.770   -26.660    0     119.856537      -1.024810
    -85.00     10.00       2.664200       0.242940       0.242940        24      23.0      24.0       0.395763   349.270    75.050   -25.080    0     119.840500      -1.025380
    -80.00    -15.00      26.003710       0.078423       0.078423        24      23.0      24.0       0.395763     4.580    84.520   -22.230    0     119.919319      -0.977360
    -80.00    -10.00      21.335800       0.137416       0.137416        24      23.0      24.0       0.395763   358.360    83.170   -22.470    0     119.903236      -0.977920
    -80.00     -5.00      16.667900       0.173781       0.173781        24      23.0      24.0       0.395763   351.220    72.080   -25.500    0     119.887154      -0.978490
    -80.00      0.00      12.000000       0.201367       0.201367        24      23.0      24.0       0.395763   347.310    67.930   -24.810    0     119.871063      -0.979050
    -80.00      5.00       7.332100       0.217534       0.217534        24      23.0      24.0       0.395763   345.220    68.870   -27.670    0     119.854973      -0.979620
    -80.00     10.00       2.664200       0.226594       0.226594        24      23.0      24.0       0.395763   345.570    67.810   -25.770    0     119.838928      -0.980190
    -75.00    -15.00      26.003710       0.068952       0.068952        24      23.0      24.0       0.395763   191.260    72.860     3.560    0     119.917763      -0.932170
    -75.00    -10.00      21.335800       0.117916       0.117916        24      23.0      24.0       0.395763     0.690    84.140   -20.020    0     119.901672      -0.932730
    -75.00     -5.00      16.667900       0.161943       0.161943        24      23.0      24.0       0.395763   345.020    59.800   -34.800    0     119.885582      -0.933300
    -75.00      0.00      12.000000       0.193536       0.193536        24      23.0      24.0       0.395763   338.720    55.870   -33.970    0     119.869492      -0.933860
    -75.00      5.00       7.332100       0.201360       0.201360        24      23.0      24.0       0.395763   338.150    58.620   -32.190    0     119.853401      -0.934430
    -75.00     10.00       2.664200       0.205485       0.205485        24      23.0      24.0       0.395763   339.680    59.490   -29.420    0     119.837357      -0.934990
    -70.00    -15.00      26.003710       0.066512       0.066512        24      23.0      24.0       0.395763   190.270    55.450    -9.770    0     119.916191      -0.886980
    -70.00    -10.00      21.335800       0.090058       0.090058        24      23.0      24.0       0.395763   183.250    63.180   -15.400    0     119.900101      -0.887540
    -70.00     -5.00      16.667900       0.152208       0.152208        24      23.0      24.0       0.395763   332.420    47.650   -49.640    0     119.884010      -0.888110
    -70.00      0.00      12.000000       0.184841       0.184841        24      23.0      24.0       0.395763   325.510    45.220   -46.650    0     119.867928      -0.888670
    -70.00      5.00       7.332100       0.182121       0.182121        24      23.0      24.0       0.395763   327.220    48.340   -42.640    0     119.851837      -0.889240
    -70.00     10.00       2.664200       0.176400       0.176400        24      23.0      24.0       0.395763   330.870    51.570   -38.380    0     119.835793      -0.889800
    -65.00    -15.00      26.003710       0.059601       0.059601        24      23.0      24.0       0.395763   183.160    36.990   -11.980    0     119.914619      -0.841790
    -65.00    -10.00      21.335800       0.059267       0.059267        24      23.0      24.0       0.395763   160.630    42.780   -57.260    0     119.898537      -0.842350
    -65.00     -5.00      16.667900       0.125859       0.125859        24      23.0      24.0       0.395763   100.970    54.000  -110.080    1     119.882446      -0.842920
    -65.00      0.00      12.000000       0.153039       0.153039        24      23.0      24.0       0.395763    92.980    56.600  -112.990    1     119.866364      -0.843480
    -65.00      5.00       7.332100       0.140248       0.140248        24      23.0      24.0       0.395763    95.020    53.740  -113.780    1     119.850273      -0.844050
    -65.00     10.00       2.664200       0.126020       0.126020        24      23.0      24.0       0.395763   318.620    45.490   -53.850    0     119.834221      -0.844610
    -60.00    -15.00      26.003710       0.030677       0.030677        24      23.0      24.0       0.395763   179.600    20.310   -42.690    0     119.913063      -0.796600
    -60.00    -10.00      21.335800       0.031675       0.031675        24      23.0      24.0       0.395763   114.230    28.540   -91.270    1     119.896973      -0.797160
    -60.00     -5.00      16.667900       0.048034       0.048034        24      23.0      24.0       0.395763    81.130    60.460  -112.770    1     119.880882      -0.797730
    -60.00      0.00      12.000000       0.059601       0.059601        24      23.0      24.0       0.395763   112.210    53.800   -82.980    1     119.864792      -0.798290
    -60.00      5.00       7.332100       0.052179       0.052179        24      23.0      24.0       0.395763    96.390    51.740  -110.340    1     119.848701      -0.798860
    -60.00     10.00       2.664200       0.044387       0.044387        24      23.0      24.0       0.395763    97.940    53.020  -110.660    1     119.832657      -0.799420
    -55.00    -15.00      26.003710       0.004533       0.004533        24      23.0      24.0       0.395763    33.260    30.500  -140.780    0     119.911491      -0.751410
    -55.00    -10.00      21.335800       0.000000       0.000000        24      23.0      24.0       0.395763   180.000    45.000    90.000    0     119.895401      -0.751970
    -55.00     -5.00      16.667900       0.000000       0.000000        24      23.0      24.0       0.395763   180.000    45.000    90.000    0     119.879311      -0.752540
    -55.00      0.00      12.000000       0.000000       0.000000        24      23.0      24.0       0.395763   180.000    45.000    90.000    0     119.863228      -0.753100
    -55.00      5.00       7.332100       0.000000       0.000000        24      23.0      24.0       0.395763   180.000    45.000    90.000    0     119.847137      -0.753670
    -55.00     10.00       2.664200       0.000000       0.000000        24      23.0      24.0       0.395763   180.000    45.000    90.000    0     119.831093      -0.754230
    -50.00    -15.00      26.003710       0.000000       0.000000        24      23.0      24.0       0.395763   180.000    45.000    90.000    0     119.909920      -0.706210
    -50.00    -10.00      21.335800       0.000000       0.000000        24      23.0      24.0       0.395763   180.000    45.000    90.000    0     119.893837      -0.706780
    -50.00     -5.00      16.667900       0.000000       0.000000        24      23.0      24.0       0.395763   180.000    45.000    90.000    0     119.877747      -0.707340
    -50.00      0.00      12.000000       0.000000       0.000000        24      23.0      24.0       0.395763   180.000    45.000    90.000    0     119.861656      -0.707910
    -50.00      5.00       7.332100       0.000000       0.000000        24      23.0      24.0       0.395763   180.000    45.000    90.000    0     119.845612      -0.708470
    -50.00     10.00       2.664200       0.000000       0.000000        24      23.0      24.0       0.395763   180.000    45.000    90.000    0     119.829521      -0.709040
    -45.00    -15.00      26.003710       0.000000       0.000000        24      23.0      24.0       0.395763   180.000    45.000    90.000    0     119.908363      -0.661020
    -45.00    -10.00      21.335800       0.000000       0.000000        24      23.0      24.0       0.395763   180.000    45.000    90.000    0     119.892273      -0.661590
    -45.00     -5.00      16.667900       0.000000       0.000000        24      23.0      24.0       0.395763   180.000    45.000    90.000    0     119.876183      -0.662150
    -45.00      0.00      12.000000       0.000000       0.000000        24      23.0      24.0       0.395763   180.000    45.000    90.000    0     119.860092      -0.662720
    -45.00      5.00       7.332100       0.000000       0.000000        24      23.0      24.0       0.395763   180.000    45.000    90.000    0     119.844040      -0.663280
    -45.00     10.00       2.664200       0.000000       0.000000        24      23.0      24.0       0.395763   180.000    45.000    90.000    0     119.827950      -0.663850
    -40.00    -15.00      26.003710       0.000000       0.000000        24      23.0      24.0       0.395763   180.000    45.000    90.000    0     119.906792      -0.615830
    -40.00    -10.00      21.335800       0.000000       0.000000        24      23.0      24.0       0.395763   180.000    45.000    90.000    0     119.890701      -0.616400
    -40.00     -5.00      16.667900       0.000000       0.000000        24      23.0      24.0       0.395763   180.000    45.000    90.000    0     119.874619      -0.616960
    -40.00      0.00      12.000000       0.000000       0.000000        24      23.0      24.0       0.395763   180.000    45.000    90.000    0     119.858528      -0.617530
    -40.00      5.00       7.332100       0.000000       0.000000        24      23.0      24.0       0.395763   180.000    45.000    90.000    0     119.842468      -0.618090
    -40.00     10.00       2.664200       0.000000       0.000000        24      23.0      24.0       0.395763   180.000    45.000    90.000    0     119.826378      -0.618660
    -35.00    -15.00      26.003710       0.000000       0.000000        24      23.0      24.0       0.395763   180.000    45.000    90.000    0     119.905220      -0.570640
    -35.00    -10.00      21.335800       0.000000       0.000000        24      23.0      24.0       0.395763   180.000    45.000    90.000    0     119.889137      -0.571210
    -35.00     -5.00      16.667900       0.000000       0.000000        24      23.0      24.0       0.395763   180.000    45.000    90.000    0     119.873047      -0.571770
    -35.00      0.00      12.000000       0.000000       0.000000        24      23.0      24.0       0.395763   180.000    45.000    90.000    0     119.856956      -0.572340
    -35.00      5.00       7.332100       0.000000       0.000000        24      23.0      24.0       0.395763   180.000    45.000    90.000    0     119.840897      -0.572900
    -35.00     10.00       2.664200       0.000000       0.000000        24      23.0      24.0       0.395763   180.000    45.000    90.000    0     119.824806      -0.573470
    -30.00    -15.00      26.003710       0.000000       0.000000        24      23.0      24.0       0.395763   180.000    45.000    90.000    0     119.903664      -0.525450
    -30.00    -10.00      21.335800       0.000000       0.000000        24      23.0      24.0       0.395763   180.000    45.000    90.000    0     119.887573      -0.526020
    -30.00     -5.00      16.667900       0.000000       0.000000        24      23.0      24.0       0.395763   180.000    45.000    90.000    0     119.871483      -0.526580
    -30.00      0.00      12.000000       0.000000       0.000000        24      23.0      24.0       0.395763   180.000    45.000    90.000    0     119.855400      -0.527150
    -30.00      5.00       7.332100       0.000000       0.000000        24      23.0      24.0       0.395763   180.000    45.000    90.000    0     119.839333      -0.527710
    -30.00     10.00       2.664200       0.000000       0.000000        24      23.0      24.0       0.395763   180.000    45.000    90.000    0     119.823242      -0.528280
    -25.00    -15.00      26.003710       0.000000       0.000000        24      23.0      24.0       0.395763   180.000    45.000    90.000    0     119.902092      -0.480260
    -25.00    -10.00      21.335800       0.000000       0.000000        24      23.0      24.0       0.395763   180.000    45.000    90.000    0     119.886002      -0.480820
    -25.00     -5.00      16.667900       0.000000       0.000000        24      23.0      24.0       0.395763   180.000    45.000    90.000    0     119.869919      -0.481390
    -25.00      0.00      12.000000       0.000000       0.000000        24      23.0      24.0       0.395763   180.000    45.000    90.000    0     119.853828      -0.481950
    -25.00      5.00       7.332100       0.000000       0.000000        24      23.0      24.0       0.395763   180.000    45.000    90.000    0     119.837761      -0.482520
    -25.00     10.00       2.664200       0.000000       0.000000        24      23.0      24.0       0.395763   180.000    45.000    90.000    0     119.821671      -0.483090
    -20.00    -15.00      26.003710       0.000000       0.000000        24      23.0      24.0       0.395763   180.000    45.000    90.000    0     119.900528      -0.435070
    -20.00    -10.00      21.335800       0.000000       0.000000        24      23.0      24.0       0.395763   180.000    45.000    90.000    0     119.884438      -0.435630
    -20.00     -5.00      16.667900       0.000000       0.000000        24      23.0      24.0       0.395763   180.000    45.000    90.000    0     119.868347      -0.436200
    -20.00      0.00      12.000000       0.000000       0.000000        24      23.0      24.0       0.395763   180.000    45.000    90.000    0     119.852257      -0.436760
    -20.00      5.00       7.332100       0.000000       0.000000        24      23.0      24.0       0.395763   180.000    45.000    90.000    0     119.836189      -0.437330
    -20.00     10.00       2.664200       0.000000       0.000000        24      23.0      24.0       0.395763   180.000    45.000    90.000    0     119.820099      -0.437900
    -15.00    -15.00      26.003710       0.000000       0.000000        24      23.0      24.0       0.395763   180.000    45.000    90.000    0     119.898956      -0.389880
    -15.00    -10.00      21.335800       0.000000       0.000000        24      23.0      24.0       0.395763   180.000    45.000    90.000    0     119.882874      -0.390440
    -15.00     -5.00      16.667900       0.000000       0.000000        24      23.0      24.0       0.395763   180.000    45.000    90.000    0     119.866791      -0.391010
    -15.00      0.00      12.000000       0.000000       0.000000        24      23.0      24.0       0.395763   180.000    45.000    90.000    0     119.850700      -0.391570
    -15.00      5.00       7.332100       0.000000       0.000000        24      23.0      24.0       0.395763   180.000    45.000    90.000    0     119.834618      -0.392140
    -15.00     10.00       2.664200       0.000000       0.000000        24      23.0      24.0       0.395763   180.000    45.000    90.000    0     119.818527      -0.392700
    -10.00    -15.00      26.003710       0.000000       0.000000        24      23.0      24.0       0.395763   180.000    45.000    90.000    0     119.897392      -0.344690
    -10.00    -10.00      21.335800       0.000000       0.000000        24      23.0      24.0       0.395763   180.000    45.000    90.000    0     119.881310      -0.345250
    -10.00     -5.00      16.667900       0.000000       0.000000        24      23.0      24.0       0.395763   180.000    45.000    90.000    0     119.865219      -0.345820
    -10.00      0.00      12.000000       0.000000       0.000000        24      23.0      24.0       0.395763   180.000    45.000    90.000    0     119.849129      -0.346380
    -10.00      5.00       7.332100       0.000000       0.000000        24      23.0      24.0       0.395763   180.000    45.000    90.000    0     119.833054      -0.346950
    -10.00     10.00       2.664200       0.000000       0.000000        24      23.0      24.0       0.395763   180.000    45.000    90.000    0     119.816963      -0.347510
     -5.00    -15.00      26.003710       0.000000       0.000000        24      23.0      24.0       0.395763   180.000    45.000    90.000    0     119.895828      -0.299500
     -5.00    -10.00      21.335800       0.000000       0.000000        24      23.0      24.0       0.395763   180.000    45.000    90.000    0     119.879738      -0.300060
     -5.00     -5.00      16.667900       0.000000       0.000000        24      23.0      24.0       0.395763   180.000    45.000    90.000    0     119.863647      -0.300630
     -5.00      0.00      12.000000       0.000000       0.000000        24      23.0      24.0       0.395763   180.000    45.000    90.000    0     119.847572      -0.301190
     -5.00      5.00       7.332100       0.000000       0.000000        24      23.0      24.0       0.395763   180.000    45.000    90.000    0     119.831482      -0.301760
     -5.00     10.00       2.664200       0.000000       0.000000        24      23.0      24.0       0.395763   180.000    45.000    90.000    0     119.815399      -0.302320
      0.00    -15.00      26.003710       0.000000       0.000000        24      23.0      24.0       0.395763   180.000    45.000    90.000    0     119.894257      -0.254300
      0.00    -10.00      21.335800       0.000000       0.000000        24      23.0      24.0       0.395763   180.000    45.000    90.000    0     119.878166      -0.254870
      0.00     -5.00      16.667900       0.000000       0.000000        24      23.0      24.0       0.395763   180.000    45.000    90.000    0     119.862091      -0.255430
      0.00      0.00      12.000000       0.000000       0.000000        24      23.0      24.0       0.395763   180.000    45.000    90.000    0     119.846001      -0.256000
      0.00      5.00       7.332100       0.000000       0.000000        24      23.0      24.0       0.395763   180.000    45.000    90.000    0     119.829910      -0.256570
      0.00     10.00       2.664200       0.000000       0.000000        24      23.0      24.0       0.395763   180.000    45.000    90.000    0     119.813828      -0.257130
      5.00    -15.00      26.003710       0.000000       0.000000        24      23.0      24.0       0.395763   180.000    45.000    90.000    0     119.892693      -0.209110
      5.00    -10.00      21.335800       0.000000       0.000000        24      23.0      24.0       0.395763   180.000    45.000    90.000    0     119.876602      -0.209680
      5.00     -5.00      16.667900       0.000000       0.000000        24      23.0      24.0       0.395763   180.000    45.000    90.000    0     119.860519      -0.210240
      5.00      0.00      12.000000       0.000000       0.000000        24      23.0      24.0       0.395763   180.000    45.000    90.000    0     119.844429      -0.210810
      5.00      5.00       7.332100       0.000000       0.000000        24      23.0      24.0       0.395763   180.000    45.000    90.000    0     119.828346      -0.211370
      5.00     10.00       2.664200       0.000000       0.000000        24      23.0      24.0       0.395763   180.000    45.000    90.000    0     119.812263      -0.211940
     10.00    -15.00      26.003710       0.000000       0.000000        24      23.0      24.0       0.395763   180.000    45.000    90.000    0     119.891121      -0.163920
     10.00    -10.00      21.335800       0.000000       0.000000        24      23.0      24.0       0.395763   180.000    45.000    90.000    0     119.875038      -0.164490
     10.00     -5.00      16.667900       0.000000       0.000000        24      23.0      24.0       0.395763   180.000    45.000    90.000    0     119.858948      -0.165050
     10.00      0.00      12.000000       0.000000       0.000000        24      23.0      24.0       0.395763   180.000    45.000    90.000    0     119.842873      -0.165620
     10.00      5.00       7.332100       0.000000       0.000000        24      23.0      24.0       0.395763   180.000    45.000    90.000    0     119.826782      -0.166180
     10.00     10.00       2.664200       0.000000       0.000000        24      23.0      24.0       0.395763   180.000    45.000    90.000    0     119.810692      -0.166750
     15.00    -15.00      26.003710       0.000000       0.000000        24      23.0      24.0       0.395763   180.000    45.000    90.000    0     119.889549      -0.118730
     15.00    -10.00      21.335800       0.000000       0.000000        24      23.0      24.0       0.395763   180.000    45.000    90.000    0     119.873466      -0.119300
     15.00     -5.00      16.667900       0.000000       0.000000        24      23.0      24.0       0.395763   180.000    45.000    90.000    0     119.857384      -0.119860
     15.00      0.00      12.000000       0.000000       0.000000        24      23.0      24.0       0.395763   180.000    45.000    90.000    0     119.841301      -0.120430
     15.00      5.00       7.332100       0.000000       0.000000        24      23.0      24.0       0.395763   180.000    45.000    90.000    0     119.825218      -0.120990
     15.00     10.00       2.664200       0.000000       0.000000        24      23.0      24.0       0.395763   180.000    45.000    90.000    0     119.809128      -0.121560
     20.00    -15.00      26.003710       0.000000       0.000000        24      23.0      24.0       0.395763   180.000    45.000    90.000    0     119.887978      -0.073540
     20.00    -10.00      21.335800       0.000000       0.000000        24      23.0      24.0       0.395763   180.000    45.000    90.000    0     119.871902      -0.074100
     20.00     -5.00      16.667900       0.000000       0.000000        24      23.0      24.0       0.395763   180.000    45.000    90.000    0     119.855812      -0.074670
     20.00      0.00      12.000000       0.000000       0.000000        24      23.0      24.0       0.395763   180.000    45.000    90.000    0     119.839737      -0.075240
     20.00      5.00       7.332100       0.000000       0.000000        24      23.0      24.0       0.395763   180.000    45.000    90.000    0     119.823647      -0.075800
     20.00     10.00       2.664200       0.000000       0.000000        24      23.0      24.0       0.395763   180.000    45.000    90.000    0     119.807564      -0.076370
     25.00    -15.00      26.003710       0.000000       0.000000        24      23.0      24.0       0.395763   180.000    45.000    90.000    0     119.886414      -0.028350
     25.00    -10.00      21.335800       0.000000       0.000000        24      23.0      24.0       0.395763   180.000    45.000    90.000    0     119.870331      -0.028910
     25.00     -5.00      16.667900       0.000000       0.000000        24      23.0      24.0       0.395763   180.000    45.000    90.000    0     119.854240      -0.029480
     25.00      0.00      12.000000       0.000000       0.000000        24      23.0      24.0       0.395763   180.000    45.000    90.000    0     119.838173      -0.030050
     25.00      5.00       7.332100       0.000000       0.000000        24      23.0      24.0       0.395763   180.000    45.000    90.000    0     119.822083      -0.030610
     25.00     10.00       2.664200       0.000000       0.000000        24      23.0      24.0       0.395763   180.000    45.000    90.000    0     119.806000      -0.031180
     30.00    -15.00      26.003710       0.000000       0.000000        24      23.0      24.0       0.395763   180.000    45.000    90.000    0     119.884850       0.016840
     30.00    -10.00      21.335800       0.000000       0.000000        24      23.0      24.0       0.395763   180.000    45.000    90.000    0     119.868759       0.016280
     30.00     -5.00      16.667900       0.000000       0.000000        24      23.0      24.0       0.395763   180.000    45.000    90.000    0     119.852669       0.015710
     30.00      0.00      12.000000       0.000000       0.000000        24      23.0      24.0       0.395763   180.000    45.000    90.000    0     119.836601       0.015150
     30.00      5.00       7.332100       0.000000       0.000000        24      23.0      24.0       0.395763   180.000    45.000    90.000    0     119.820518       0.014580
     30.00     10.00       2.664200       0.000000       0.000000        24      23.0      24.0       0.395763   180.000    45.000    90.000    0     119.804428       0.014020
     35.00    -15.00      26.003710       0.000000       0.000000        24      23.0      24.0       0.395763   180.000    45.000    90.000    0     119.883278       0.062030
     35.00    -10.00      21.335800       0.000000       0.000000        24      23.0      24.0       0.395763   180.000    45.000    90.000    0     119.867188       0.061470
     35.00     -5.00      16.667900       0.000000       0.000000        24      23.0      24.0       0.395763   180.000    45.000    90.000    0     119.851097       0.060900
     35.00      0.00      12.000000       0.000000       0.000000        24      23.0      24.0       0.395763   180.000    45.000    90.000    0     119.835037       0.060340
     35.00      5.00       7.332100       0.000000       0.000000        24      23.0      24.0       0.395763   180.000    45.000    90.000    0     119.818947       0.059770
     35.00     10.00       2.664200       0.000000       0.000000        24      23.0      24.0       0.395763   180.000    45.000    90.000    0     119.802856       0.059210
     40.00    -15.00      26.003710       0.000000       0.000000        24      23.0      24.0       0.395763   180.000    45.000    90.000    0     119.881706       0.107230
     40.00    -10.00      21.335800       0.000000       0.000000        24      23.0      24.0       0.395763   180.000    45.000    90.000    0     119.865623       0.106660
     40.00     -5.00      16.667900       0.000000       0.000000        24      23.0      24.0       0.395763   180.000    45.000    90.000    0     119.849533       0.106090
     40.00      0.00      12.000000       0.000000       0.000000        24      23.0      24.0       0.395763   180.000    45.000    90.000    0     119.833473       0.105530
     40.00      5.00       7.332100       0.000000       0.000000        24      23.0      24.0       0.395763   180.000    45.000    90.000    0     119.817390       0.104960
     40.00     10.00       2.664200       0.000000       0.000000        24      23.0      24.0       0.395763   180.000    45.000    90.000    0     119.801300       0.104400
     45.00    -15.00      26.003710       0.000000       0.000000        24      23.0      24.0       0.395763   180.000    45.000    90.000    0     119.880142       0.152420
     45.00    -10.00      21.335800       0.000000       0.000000        24      23.0      24.0       0.395763   180.000    45.000    90.000    0     119.864052       0.151850
     45.00     -5.00      16.667900       0.000000       0.000000        24      23.0      24.0       0.395763   180.000    45.000    90.000    0     119.847961       0.151280
     45.00      0.00      12.000000       0.000000       0.000000        24      23.0      24.0       0.395763   180.000    45.000    90.000    0     119.831909       0.150720
     45.00      5.00       7.332100       0.000000       0.000000        24      23.0      24.0       0.395763   180.000    45.000    90.000    0     119.815819       0.150150
     45.00     10.00       2.664200       0.000000       0.000000        24      23.0      24.0       0.395763   180.000    45.000    90.000    0     119.799728       0.149590
     50.00    -15.00      26.003710       0.000000       0.000000        24      23.0      24.0       0.395763   180.000    45.000    90.000    0     119.878571       0.197610
     50.00    -10.00      21.335800       0.000000       0.000000        24      23.0      24.0       0.395763   180.000    45.000    90.000    0     119.862480       0.197040
     50.00     -5.00      16.667900       0.000000       0.000000        24      23.0      24.0       0.395763   180.000    45.000    90.000    0     119.846390       0.196470
     50.00      0.00      12.000000       0.000000       0.000000        24      23.0      24.0       0.395763   180.000    45.000    90.000    0     119.830338       0.195910
     50.00      5.00       7.332100       0.000000       0.000000        24      23.0      24.0       0.395763   180.000    45.000    90.000    0     119.814247       0.195340
     50.00     10.00       2.664200       0.000000       0.000000        24      23.0      24.0       0.395763   180.000    45.000    90.000    0     119.798172       0.194780
