      xloc      yloc          depth         ave SR         max SR         #     start       end     max SR all       str       dip      rake flag
   -185.00    -15.00      26.003710       0.000000       0.000000        20      19.0      20.0       0.395763   180.000    45.000    90.000    0     119.952240      -1.926360
   -185.00    -10.00      21.335800       0.000000       0.000000        20      19.0      20.0       0.395763   180.000    45.000    90.000    0     119.936150      -1.926930
   -185.00     -5.00      16.667900       0.000000       0.000000        20      19.0      20.0       0.395763   180.000    45.000    90.000    0     119.920059      -1.927490
   -185.00      0.00      12.000000       0.000000       0.000000        20      19.0      20.0       0.395763   180.000    45.000    90.000    0     119.903961      -1.928060
   -185.00      5.00       7.332100       0.000000       0.000000        20      19.0      20.0       0.395763   180.000    45.000    90.000    0     119.887871      -1.928620
   -185.00     10.00       2.664200       0.000000       0.000000        20      19.0      20.0       0.395763   180.000    45.000    90.000    0     119.871780      -1.929190
   -180.00    -15.00      26.003710       0.000000       0.000000        20      19.0      20.0       0.395763   180.000    45.000    90.000    0     119.950684      -1.881170
   -180.00    -10.00      21.335800       0.000000       0.000000        20      19.0      20.0       0.395763   180.000    45.000    90.000    0     119.934578      -1.881740
   -180.00     -5.00      16.667900       0.000000       0.000000        20      19.0      20.0       0.395763   180.000    45.000    90.000    0     119.918488      -1.882300
   -180.00      0.00      12.000000       0.000000       0.000000        20      19.0      20.0       0.395763   180.000    45.000    90.000    0     119.902397      -1.882870
   -180.00      5.00       7.332100       0.000000       0.000000        20      19.0      20.0       0.395763   180.000    45.000    90.000    0     119.886299      -1.883430
   -180.00     10.00       2.664200       0.000000       0.000000        20      19.0      20.0       0.395763   180.000    45.000    90.000    0     119.870209      -1.884000
   -175.00    -15.00      26.003710       0.000000       0.000000        20      19.0      20.0       0.395763   180.000    45.000    90.000    0     119.949112      -1.835980
   -175.00    -10.00      21.335800       0.000000       0.000000        20      19.0      20.0       0.395763   180.000    45.000    90.000    0     119.933006      -1.836550
   -175.00     -5.00      16.667900       0.000000       0.000000        20      19.0      20.0       0.395763   180.000    45.000    90.000    0     119.916924      -1.837110
   -175.00      0.00      12.000000       0.000000       0.000000        20      19.0      20.0       0.395763   180.000    45.000    90.000    0     119.900833      -1.837680
   -175.00      5.00       7.332100       0.000000       0.000000        20      19.0      20.0       0.395763   180.000    45.000    90.000    0     119.884743      -1.838240
   -175.00     10.00       2.664200       0.000000       0.000000        20      19.0      20.0       0.395763   180.000    45.000    90.000    0     119.868637      -1.838810
   -170.00    -15.00      26.003710       0.000000       0.000000        20      19.0      20.0       0.395763   180.000    45.000    90.000    0     119.947540      -1.790790
   -170.00    -10.00      21.335800       0.000000       0.000000        20      19.0      20.0       0.395763   180.000    45.000    90.000    0     119.931450      -1.791360
   -170.00     -5.00      16.667900       0.000000       0.000000        20      19.0      20.0       0.395763   180.000    45.000    90.000    0     119.915352      -1.791920
   -170.00      0.00      12.000000       0.000000       0.000000        20      19.0      20.0       0.395763   180.000    45.000    90.000    0     119.899261      -1.792490
   -170.00      5.00       7.332100       0.000000       0.000000        20      19.0      20.0       0.395763   180.000    45.000    90.000    0     119.883171      -1.793050
   -170.00     10.00       2.664200       0.000000       0.000000        20      19.0      20.0       0.395763   180.000    45.000    90.000    0     119.867081      -1.793620
   -165.00    -15.00      26.003710       0.000000       0.000000        20      19.0      20.0       0.395763   180.000    45.000    90.000    0     119.945969      -1.745600
   -165.00    -10.00      21.335800       0.000000       0.000000        20      19.0      20.0       0.395763   180.000    45.000    90.000    0     119.929878      -1.746170
   -165.00     -5.00      16.667900       0.000000       0.000000        20      19.0      20.0       0.395763   180.000    45.000    90.000    0     119.913788      -1.746730
   -165.00      0.00      12.000000       0.000000       0.000000        20      19.0      20.0       0.395763   180.000    45.000    90.000    0     119.897690      -1.747300
   -165.00      5.00       7.332100       0.000000       0.000000        20      19.0      20.0       0.395763   180.000    45.000    90.000    0     119.881599      -1.747860
   -165.00     10.00       2.664200       0.000000       0.000000        20      19.0      20.0       0.395763   180.000    45.000    90.000    0     119.865509      -1.748430
   -160.00    -15.00      26.003710       0.000000       0.000000        20      19.0      20.0       0.395763   180.000    45.000    90.000    0     119.944397      -1.700410
   -160.00    -10.00      21.335800       0.000000       0.000000        20      19.0      20.0       0.395763   180.000    45.000    90.000    0     119.928307      -1.700980
   -160.00     -5.00      16.667900       0.000000       0.000000        20      19.0      20.0       0.395763   180.000    45.000    90.000    0     119.912216      -1.701540
   -160.00      0.00      12.000000       0.000000       0.000000        20      19.0      20.0       0.395763   180.000    45.000    90.000    0     119.896133      -1.702110
   -160.00      5.00       7.332100       0.000000       0.000000        20      19.0      20.0       0.395763   180.000    45.000    90.000    0     119.880028      -1.702670
   -160.00     10.00       2.664200       0.000000       0.000000        20      19.0      20.0       0.395763   180.000    45.000    90.000    0     119.863937      -1.703240
   -155.00    -15.00      26.003710       0.000000       0.000000        20      19.0      20.0       0.395763   180.000    45.000    90.000    0     119.942841      -1.655220
   -155.00    -10.00      21.335800       0.000000       0.000000        20      19.0      20.0       0.395763   180.000    45.000    90.000    0     119.926743      -1.655790
   -155.00     -5.00      16.667900       0.000000       0.000000        20      19.0      20.0       0.395763   180.000    45.000    90.000    0     119.910652      -1.656350
   -155.00      0.00      12.000000       0.000000       0.000000        20      19.0      20.0       0.395763   180.000    45.000    90.000    0     119.894562      -1.656920
   -155.00      5.00       7.332100       0.000000       0.000000        20      19.0      20.0       0.395763   180.000    45.000    90.000    0     119.878471      -1.657480
   -155.00     10.00       2.664200       0.000000       0.000000        20      19.0      20.0       0.395763   180.000    45.000    90.000    0     119.862373      -1.658050
   -150.00    -15.00      26.003710       0.000000       0.000000        20      19.0      20.0       0.395763   180.000    45.000    90.000    0     119.941269      -1.610030
   -150.00    -10.00      21.335800       0.000000       0.000000        20      19.0      20.0       0.395763   180.000    45.000    90.000    0     119.925179      -1.610590
   -150.00     -5.00      16.667900       0.000000       0.000000        20      19.0      20.0       0.395763   180.000    45.000    90.000    0     119.909081      -1.611160
   -150.00      0.00      12.000000       0.000000       0.000000        20      19.0      20.0       0.395763   180.000    45.000    90.000    0     119.892990      -1.611730
   -150.00      5.00       7.332100       0.000000       0.000000        20      19.0      20.0       0.395763   180.000    45.000    90.000    0     119.876900      -1.612290
   -150.00     10.00       2.664200       0.000000       0.000000        20      19.0      20.0       0.395763   180.000    45.000    90.000    0     119.860809      -1.612860
   -145.00    -15.00      26.003710       0.000000       0.000000        20      19.0      20.0       0.395763   180.000    45.000    90.000    0     119.939697      -1.564840
   -145.00    -10.00      21.335800       0.000000       0.000000        20      19.0      20.0       0.395763   180.000    45.000    90.000    0     119.923607      -1.565400
   -145.00     -5.00      16.667900       0.000000       0.000000        20      19.0      20.0       0.395763   180.000    45.000    90.000    0     119.907516      -1.565970
   -145.00      0.00      12.000000       0.000000       0.000000        20      19.0      20.0       0.395763   180.000    45.000    90.000    0     119.891418      -1.566530
   -145.00      5.00       7.332100       0.000000       0.000000        20      19.0      20.0       0.395763   180.000    45.000    90.000    0     119.875328      -1.567100
   -145.00     10.00       2.664200       0.000000       0.000000        20      19.0      20.0       0.395763   180.000    45.000    90.000    0     119.859238      -1.567660
   -140.00    -15.00      26.003710       0.000000       0.000000        20      19.0      20.0       0.395763   180.000    45.000    90.000    0     119.938133      -1.519650
   -140.00    -10.00      21.335800       0.000000       0.000000        20      19.0      20.0       0.395763   180.000    45.000    90.000    0     119.922043      -1.520210
   -140.00     -5.00      16.667900       0.000000       0.000000        20      19.0      20.0       0.395763   180.000    45.000    90.000    0     119.905952      -1.520780
   -140.00      0.00      12.000000       0.000000       0.000000        20      19.0      20.0       0.395763   180.000    45.000    90.000    0     119.889862      -1.521340
   -140.00      5.00       7.332100       0.000000       0.000000        20      19.0      20.0       0.395763   180.000    45.000    90.000    0     119.873772      -1.521910
   -140.00     10.00       2.664200       0.000000       0.000000        20      19.0      20.0       0.395763   180.000    45.000    90.000    0     119.857681      -1.522470
   -135.00    -15.00      26.003710       0.000000       0.000000        20      19.0      20.0       0.395763   180.000    45.000    90.000    0     119.936562      -1.474460
   -135.00    -10.00      21.335800       0.000000       0.000000        20      19.0      20.0       0.395763   180.000    45.000    90.000    0     119.920471      -1.475020
   -135.00     -5.00      16.667900       0.000000       0.000000        20      19.0      20.0       0.395763   180.000    45.000    90.000    0     119.904381      -1.475590
   -135.00      0.00      12.000000       0.000000       0.000000        20      19.0      20.0       0.395763   180.000    45.000    90.000    0     119.888290      -1.476150
   -135.00      5.00       7.332100       0.000000       0.000000        20      19.0      20.0       0.395763   180.000    45.000    90.000    0     119.872200      -1.476720
   -135.00     10.00       2.664200       0.000000       0.000000        20      19.0      20.0       0.395763   180.000    45.000    90.000    0     119.856110      -1.477280
   -130.00    -15.00      26.003710       0.000000       0.000000        20      19.0      20.0       0.395763   180.000    45.000    90.000    0     119.934998      -1.429270
   -130.00    -10.00      21.335800       0.000000       0.000000        20      19.0      20.0       0.395763   180.000    45.000    90.000    0     119.918907      -1.429830
   -130.00     -5.00      16.667900       0.000000       0.000000        20      19.0      20.0       0.395763   180.000    45.000    90.000    0     119.902809      -1.430400
   -130.00      0.00      12.000000       0.000000       0.000000        20      19.0      20.0       0.395763   180.000    45.000    90.000    0     119.886719      -1.430960
   -130.00      5.00       7.332100       0.000000       0.000000        20      19.0      20.0       0.395763   180.000    45.000    90.000    0     119.870628      -1.431530
   -130.00     10.00       2.664200       0.000000       0.000000        20      19.0      20.0       0.395763   180.000    45.000    90.000    0     119.854538      -1.432090
   -125.00    -15.00      26.003710       0.000000       0.000000        20      19.0      20.0       0.395763   180.000    45.000    90.000    0     119.933434      -1.384080
   -125.00    -10.00      21.335800       0.000000       0.000000        20      19.0      20.0       0.395763   180.000    45.000    90.000    0     119.917343      -1.384640
   -125.00     -5.00      16.667900       0.000000       0.000000        20      19.0      20.0       0.395763   180.000    45.000    90.000    0     119.901253      -1.385210
   -125.00      0.00      12.000000       0.000000       0.000000        20      19.0      20.0       0.395763   180.000    45.000    90.000    0     119.885162      -1.385770
   -125.00      5.00       7.332100       0.000000       0.000000        20      19.0      20.0       0.395763   180.000    45.000    90.000    0     119.869072      -1.386340
   -125.00     10.00       2.664200       0.000000       0.000000        20      19.0      20.0       0.395763   180.000    45.000    90.000    0     119.852982      -1.386900
   -120.00    -15.00      26.003710       0.047271       0.047271        20      19.0      20.0       0.395763    35.520    80.420    73.490    0     119.931862      -1.338890
   -120.00    -10.00      21.335800       0.045948       0.045948        20      19.0      20.0       0.395763    31.620    15.240    45.450    0     119.915771      -1.339450
   -120.00     -5.00      16.667900       0.049819       0.049819        20      19.0      20.0       0.395763    51.530    61.080    67.740    1     119.899681      -1.340020
   -120.00      0.00      12.000000       0.037128       0.037128        20      19.0      20.0       0.395763   188.020    29.590    10.190    0     119.883591      -1.340580
   -120.00      5.00       7.332100       0.029841       0.029841        20      19.0      20.0       0.395763   192.290    70.300    34.570    0     119.867500      -1.341150
   -120.00     10.00       2.664200       0.023558       0.023558        20      19.0      20.0       0.395763   177.710    79.470    19.680    0     119.851410      -1.341710
   -115.00    -15.00      26.003710       0.039615       0.039615        20      19.0      20.0       0.395763   183.980    16.890    31.880    0     119.930290      -1.293690
   -115.00    -10.00      21.335800       0.034097       0.034097        20      19.0      20.0       0.395763    10.370    73.380    15.680    0     119.914200      -1.294260
   -115.00     -5.00      16.667900       0.063050       0.063050        20      19.0      20.0       0.395763   222.260    46.930    50.540    0     119.898109      -1.294830
   -115.00      0.00      12.000000       0.079916       0.079916        20      19.0      20.0       0.395763   202.470    67.350    34.240    0     119.882019      -1.295390
   -115.00      5.00       7.332100       0.077724       0.077724        20      19.0      20.0       0.395763   194.400    69.960    26.090    0     119.865929      -1.295960
   -115.00     10.00       2.664200       0.069743       0.069743        20      19.0      20.0       0.395763   188.480    75.790    24.460    0     119.849838      -1.296520
   -110.00    -15.00      26.003710       0.059836       0.059836        20      19.0      20.0       0.395763   178.120    29.160     4.430    0     119.928726      -1.248500
   -110.00    -10.00      21.335800       0.068078       0.068078        20      19.0      20.0       0.395763   192.930    50.060    12.170    0     119.912643      -1.249070
   -110.00     -5.00      16.667900       0.093019       0.093019        20      19.0      20.0       0.395763   207.170    59.350    29.360    0     119.896553      -1.249630
   -110.00      0.00      12.000000       0.125880       0.125880        20      19.0      20.0       0.395763   204.030    70.500    37.470    0     119.880463      -1.250200
   -110.00      5.00       7.332100       0.128544       0.128544        20      19.0      20.0       0.395763   198.000    78.280    37.310    0     119.864372      -1.250760
   -110.00     10.00       2.664200       0.121976       0.121976        20      19.0      20.0       0.395763   193.280    81.510    35.100    0     119.848282      -1.251330
   -105.00    -15.00      26.003710       0.064370       0.064370        20      19.0      20.0       0.395763   187.140    39.090     4.950    0     119.927162      -1.203310
   -105.00    -10.00      21.335800       0.100471       0.100471        20      19.0      20.0       0.395763   199.250    51.960    17.750    0     119.911072      -1.203880
   -105.00     -5.00      16.667900       0.125063       0.125063        20      19.0      20.0       0.395763   203.160    65.920    30.290    0     119.894981      -1.204440
   -105.00      0.00      12.000000       0.161951       0.161951        20      19.0      20.0       0.395763   201.070    74.550    37.590    0     119.878891      -1.205010
   -105.00      5.00       7.332100       0.176391       0.176391        20      19.0      20.0       0.395763   196.810    82.130    40.800    0     119.862801      -1.205570
   -105.00     10.00       2.664200       0.169609       0.169609        20      19.0      20.0       0.395763   191.580    86.380    36.640    0     119.846710      -1.206140
   -100.00    -15.00      26.003710       0.067876       0.067876        20      19.0      20.0       0.395763   193.860    48.300    13.220    0     119.925591      -1.158120
   -100.00    -10.00      21.335800       0.116256       0.116256        20      19.0      20.0       0.395763   197.980    65.590    26.300    0     119.909500      -1.158690
   -100.00     -5.00      16.667900       0.155505       0.155505        20      19.0      20.0       0.395763   198.250    73.670    34.630    0     119.893410      -1.159250
   -100.00      0.00      12.000000       0.191910       0.191910        20      19.0      20.0       0.395763   195.660    81.170    38.570    0     119.877319      -1.159820
   -100.00      5.00       7.332100       0.218092       0.218092        20      19.0      20.0       0.395763   192.110    88.310    41.520    0     119.861229      -1.160380
   -100.00     10.00       2.664200       0.214632       0.214632        20      19.0      20.0       0.395763     5.970    85.810   -35.310    0     119.845207      -1.160950
    -95.00    -15.00      26.003710       0.067697       0.067697        20      19.0      20.0       0.395763   192.420    63.560    23.860    0     119.924026      -1.112930
    -95.00    -10.00      21.335800       0.128664       0.128664        20      19.0      20.0       0.395763   191.070    79.670    36.810    0     119.907944      -1.113500
    -95.00     -5.00      16.667900       0.177345       0.177345        20      19.0      20.0       0.395763   191.830    82.310    36.780    0     119.891853      -1.114060
    -95.00      0.00      12.000000       0.218309       0.218309        20      19.0      20.0       0.395763   188.860    88.940    38.680    0     119.875763      -1.114630
    -95.00      5.00       7.332100       0.251761       0.251761        20      19.0      20.0       0.395763     4.950    83.710   -37.690    0     119.859673      -1.115190
    -95.00     10.00       2.664200       0.259178       0.259178        20      19.0      20.0       0.395763   358.450    75.980   -31.080    0     119.843643      -1.115760
    -90.00    -15.00      26.003710       0.071289       0.071289        20      19.0      20.0       0.395763   180.560    83.660    40.240    0     119.922462      -1.067740
    -90.00    -10.00      21.335800       0.138314       0.138314        20      19.0      20.0       0.395763   183.100    89.510    42.330    0     119.906372      -1.068310
    -90.00     -5.00      16.667900       0.192544       0.192544        20      19.0      20.0       0.395763     4.500    89.470   -35.960    0     119.890282      -1.068870
    -90.00      0.00      12.000000       0.242402       0.242402        20      19.0      20.0       0.395763     1.040    82.750   -35.420    0     119.874191      -1.069440
    -90.00      5.00       7.332100       0.281897       0.281897        20      19.0      20.0       0.395763   355.930    73.080   -30.120    0     119.858101      -1.070000
    -90.00     10.00       2.664200       0.302609       0.302609        20      19.0      20.0       0.395763   351.260    66.560   -26.380    0     119.842072      -1.070570
    -85.00    -15.00      26.003710       0.079993       0.079993        20      19.0      20.0       0.395763   349.060    84.200   -46.500    0     119.920891      -1.022550
    -85.00    -10.00      21.335800       0.146779       0.146779        20      19.0      20.0       0.395763   354.010    81.390   -40.620    0     119.904800      -1.023120
    -85.00     -5.00      16.667900       0.204220       0.204220        20      19.0      20.0       0.395763   354.810    78.300   -31.090    0     119.888710      -1.023680
    -85.00      0.00      12.000000       0.266805       0.266805        20      19.0      20.0       0.395763   351.250    70.780   -28.260    0     119.872620      -1.024250
    -85.00      5.00       7.332100       0.314139       0.314139        20      19.0      20.0       0.395763   348.560    64.090   -24.930    0     119.856537      -1.024810
    -85.00     10.00       2.664200       0.339672       0.339672        20      19.0      20.0       0.395763   346.110    60.300   -23.690    0     119.840500      -1.025380
    -80.00    -15.00      26.003710       0.087891       0.087891        20      19.0      20.0       0.395763   341.070    75.570   -42.380    0     119.919319      -0.977360
    -80.00    -10.00      21.335800       0.157779       0.157779        20      19.0      20.0       0.395763   343.440    70.050   -33.410    0     119.903236      -0.977920
    -80.00     -5.00      16.667900       0.220174       0.220174        20      19.0      20.0       0.395763   345.190    66.460   -25.620    0     119.887154      -0.978490
    -80.00      0.00      12.000000       0.288101       0.288101        20      19.0      20.0       0.395763   344.620    62.960   -24.260    0     119.871063      -0.979050
    -80.00      5.00       7.332100       0.343251       0.343251        20      19.0      20.0       0.395763   343.520    58.900   -23.350    0     119.854973      -0.979620
    -80.00     10.00       2.664200       0.365280       0.365280        20      19.0      20.0       0.395763   342.590    56.980   -22.810    0     119.838928      -0.980190
    -75.00    -15.00      26.003710       0.097697       0.097697        20      19.0      20.0       0.395763   330.060    62.240   -33.640    0     119.917763      -0.932170
    -75.00    -10.00      21.335800       0.170679       0.170679        20      19.0      20.0       0.395763   335.600    62.590   -28.410    0     119.901672      -0.932730
    -75.00     -5.00      16.667900       0.235500       0.235500        20      19.0      20.0       0.395763   338.800    60.620   -23.940    0     119.885582      -0.933300
    -75.00      0.00      12.000000       0.294965       0.294965        20      19.0      20.0       0.395763   341.110    60.700   -22.780    0     119.869492      -0.933860
    -75.00      5.00       7.332100       0.356357       0.356357        20      19.0      20.0       0.395763   340.160    57.200   -23.140    0     119.853401      -0.934430
    -75.00     10.00       2.664200       0.374050       0.374050        20      19.0      20.0       0.395763   340.130    55.820   -22.550    0     119.837357      -0.934990
    -70.00    -15.00      26.003710       0.106475       0.106475        20      19.0      20.0       0.395763   324.180    53.590   -28.490    0     119.916191      -0.886980
    -70.00    -10.00      21.335800       0.180408       0.180408        20      19.0      20.0       0.395763   330.790    59.340   -26.080    0     119.900101      -0.887540
    -70.00     -5.00      16.667900       0.243839       0.243839        20      19.0      20.0       0.395763   334.560    58.770   -24.190    0     119.884010      -0.888110
    -70.00      0.00      12.000000       0.290109       0.290109        20      19.0      20.0       0.395763   338.630    60.390   -21.560    0     119.867928      -0.888670
    -70.00      5.00       7.332100       0.348857       0.348857        20      19.0      20.0       0.395763   337.830    57.540   -22.910    0     119.851837      -0.889240
    -70.00     10.00       2.664200       0.363062       0.363062        20      19.0      20.0       0.395763   338.660    56.790   -21.480    0     119.835793      -0.889800
    -65.00    -15.00      26.003710       0.109352       0.109352        20      19.0      20.0       0.395763   322.290    51.070   -26.000    0     119.914619      -0.841790
    -65.00    -10.00      21.335800       0.178131       0.178131        20      19.0      20.0       0.395763   328.940    59.840   -23.420    0     119.898537      -0.842350
    -65.00     -5.00      16.667900       0.235175       0.235175        20      19.0      20.0       0.395763   332.840    61.490   -22.760    0     119.882446      -0.842920
    -65.00      0.00      12.000000       0.279030       0.279030        20      19.0      20.0       0.395763   336.870    61.120   -19.580    0     119.866364      -0.843480
    -65.00      5.00       7.332100       0.319098       0.319098        20      19.0      20.0       0.395763   337.460    61.960   -19.040    0     119.850273      -0.844050
    -65.00     10.00       2.664200       0.333292       0.333292        20      19.0      20.0       0.395763   338.960    62.350   -16.050    0     119.834221      -0.844610
    -60.00    -15.00      26.003710       0.107539       0.107539        20      19.0      20.0       0.395763   322.260    50.340   -23.110    0     119.913063      -0.796600
    -60.00    -10.00      21.335800       0.168463       0.168463        20      19.0      20.0       0.395763   328.950    61.640   -18.390    0     119.896973      -0.797160
    -60.00     -5.00      16.667900       0.215868       0.215868        20      19.0      20.0       0.395763   332.980    67.750   -17.460    0     119.880882      -0.797730
    -60.00      0.00      12.000000       0.252491       0.252491        20      19.0      20.0       0.395763   336.840    68.430   -13.350    0     119.864792      -0.798290
    -60.00      5.00       7.332100       0.282094       0.282094        20      19.0      20.0       0.395763   338.920    76.110    -5.900    0     119.848701      -0.798860
    -60.00     10.00       2.664200       0.297127       0.297127        20      19.0      20.0       0.395763   340.050    82.210     2.610    0     119.832657      -0.799420
    -55.00    -15.00      26.003710       0.099457       0.099457        20      19.0      20.0       0.395763   324.240    51.800   -16.590    0     119.911491      -0.751410
    -55.00    -10.00      21.335800       0.151886       0.151886        20      19.0      20.0       0.395763   330.120    67.250   -10.440    0     119.895401      -0.751970
    -55.00     -5.00      16.667900       0.187736       0.187736        20      19.0      20.0       0.395763   334.170    79.770    -7.180    0     119.879311      -0.752540
    -55.00      0.00      12.000000       0.218395       0.218395        20      19.0      20.0       0.395763   337.070    85.520     1.000    0     119.863228      -0.753100
    -55.00      5.00       7.332100       0.247100       0.247100        20      19.0      20.0       0.395763   157.620    84.700   -10.970    0     119.847137      -0.753670
    -55.00     10.00       2.664200       0.263631       0.263631        20      19.0      20.0       0.395763   157.390    82.650   -15.520    0     119.831093      -0.754230
    -50.00    -15.00      26.003710       0.087620       0.087620        20      19.0      20.0       0.395763   327.880    59.960    -1.060    0     119.909920      -0.706210
    -50.00    -10.00      21.335800       0.129329       0.129329        20      19.0      20.0       0.395763   331.230    74.190    -0.710    0     119.893837      -0.706780
    -50.00     -5.00      16.667900       0.153591       0.153591        20      19.0      20.0       0.395763   334.420    88.020    -1.550    0     119.877747      -0.707340
    -50.00      0.00      12.000000       0.174433       0.174433        20      19.0      20.0       0.395763   156.150    82.660    -7.690    0     119.861656      -0.707910
    -50.00      5.00       7.332100       0.202535       0.202535        20      19.0      20.0       0.395763   156.190    77.490   -15.820    0     119.845612      -0.708470
    -50.00     10.00       2.664200       0.213687       0.213687        20      19.0      20.0       0.395763   156.440    77.390   -17.930    0     119.829521      -0.709040
    -45.00    -15.00      26.003710       0.078243       0.078243        20      19.0      20.0       0.395763   329.810    64.440    13.890    0     119.908363      -0.661020
    -45.00    -10.00      21.335800       0.101911       0.101911        20      19.0      20.0       0.395763   332.170    74.070     5.990    0     119.892273      -0.661590
    -45.00     -5.00      16.667900       0.110623       0.110623        20      19.0      20.0       0.395763   154.780    88.300     2.080    0     119.876183      -0.662150
    -45.00      0.00      12.000000       0.122167       0.122167        20      19.0      20.0       0.395763   157.460    69.620    -6.160    0     119.860092      -0.662720
    -45.00      5.00       7.332100       0.148282       0.148282        20      19.0      20.0       0.395763   155.620    71.530   -17.100    0     119.844040      -0.663280
    -45.00     10.00       2.664200       0.152308       0.152308        20      19.0      20.0       0.395763   156.110    73.800   -17.800    0     119.827950      -0.663850
    -40.00    -15.00      26.003710       0.065974       0.065974        20      19.0      20.0       0.395763   339.960    49.810    20.590    0     119.906792      -0.615830
    -40.00    -10.00      21.335800       0.072827       0.072827        20      19.0      20.0       0.395763   332.860    58.600     7.250    0     119.890701      -0.616400
    -40.00     -5.00      16.667900       0.059336       0.059336        20      19.0      20.0       0.395763   155.610    77.160     3.350    0     119.874619      -0.616960
    -40.00      0.00      12.000000       0.071596       0.071596        20      19.0      20.0       0.395763   167.700    37.570    23.780    0     119.858528      -0.617530
    -40.00      5.00       7.332100       0.095575       0.095575        20      19.0      20.0       0.395763   151.050    67.570   -24.890    0     119.842468      -0.618090
    -40.00     10.00       2.664200       0.089078       0.089078        20      19.0      20.0       0.395763   153.820    72.790   -19.680    0     119.826378      -0.618660
    -35.00    -15.00      26.003710       0.024659       0.024659        20      19.0      20.0       0.395763     7.530    72.110    65.170    0     119.905220      -0.570640
    -35.00    -10.00      21.335800       0.040549       0.040549        20      19.0      20.0       0.395763   204.020    55.930    80.460    0     119.889137      -0.571210
    -35.00     -5.00      16.667900       0.022492       0.022492        20      19.0      20.0       0.395763   335.710    57.240    14.920    0     119.873047      -0.571770
    -35.00      0.00      12.000000       0.028823       0.028823        20      19.0      20.0       0.395763   211.740    18.540    92.450    0     119.856956      -0.572340
    -35.00      5.00       7.332100       0.037670       0.037670        20      19.0      20.0       0.395763   157.480    77.630   -11.610    0     119.840897      -0.572900
    -35.00     10.00       2.664200       0.032072       0.032072        20      19.0      20.0       0.395763   156.380    85.490    -6.280    0     119.824806      -0.573470
    -30.00    -15.00      26.003710       0.012482       0.012482        20      19.0      20.0       0.395763    57.870    24.880    74.410    1     119.903664      -0.525450
    -30.00    -10.00      21.335800       0.000000       0.000000        20      19.0      20.0       0.395763   180.000    45.000    90.000    0     119.887573      -0.526020
    -30.00     -5.00      16.667900       0.000000       0.000000        20      19.0      20.0       0.395763   180.000    45.000    90.000    0     119.871483      -0.526580
    -30.00      0.00      12.000000       0.000000       0.000000        20      19.0      20.0       0.395763   180.000    45.000    90.000    0     119.855400      -0.527150
    -30.00      5.00       7.332100       0.000000       0.000000        20      19.0      20.0       0.395763   180.000    45.000    90.000    0     119.839333      -0.527710
    -30.00     10.00       2.664200       0.000000       0.000000        20      19.0      20.0       0.395763   180.000    45.000    90.000    0     119.823242      -0.528280
    -25.00    -15.00      26.003710       0.000000       0.000000        20      19.0      20.0       0.395763   180.000    45.000    90.000    0     119.902092      -0.480260
    -25.00    -10.00      21.335800       0.000000       0.000000        20      19.0      20.0       0.395763   180.000    45.000    90.000    0     119.886002      -0.480820
    -25.00     -5.00      16.667900       0.000000       0.000000        20      19.0      20.0       0.395763   180.000    45.000    90.000    0     119.869919      -0.481390
    -25.00      0.00      12.000000       0.000000       0.000000        20      19.0      20.0       0.395763   180.000    45.000    90.000    0     119.853828      -0.481950
    -25.00      5.00       7.332100       0.000000       0.000000        20      19.0      20.0       0.395763   180.000    45.000    90.000    0     119.837761      -0.482520
    -25.00     10.00       2.664200       0.000000       0.000000        20      19.0      20.0       0.395763   180.000    45.000    90.000    0     119.821671      -0.483090
    -20.00    -15.00      26.003710       0.000000       0.000000        20      19.0      20.0       0.395763   180.000    45.000    90.000    0     119.900528      -0.435070
    -20.00    -10.00      21.335800       0.000000       0.000000        20      19.0      20.0       0.395763   180.000    45.000    90.000    0     119.884438      -0.435630
    -20.00     -5.00      16.667900       0.000000       0.000000        20      19.0      20.0       0.395763   180.000    45.000    90.000    0     119.868347      -0.436200
    -20.00      0.00      12.000000       0.000000       0.000000        20      19.0      20.0       0.395763   180.000    45.000    90.000    0     119.852257      -0.436760
    -20.00      5.00       7.332100       0.000000       0.000000        20      19.0      20.0       0.395763   180.000    45.000    90.000    0     119.836189      -0.437330
    -20.00     10.00       2.664200       0.000000       0.000000        20      19.0      20.0       0.395763   180.000    45.000    90.000    0     119.820099      -0.437900
    -15.00    -15.00      26.003710       0.000000       0.000000        20      19.0      20.0       0.395763   180.000    45.000    90.000    0     119.898956      -0.389880
    -15.00    -10.00      21.335800       0.000000       0.000000        20      19.0      20.0       0.395763   180.000    45.000    90.000    0     119.882874      -0.390440
    -15.00     -5.00      16.667900       0.000000       0.000000        20      19.0      20.0       0.395763   180.000    45.000    90.000    0     119.866791      -0.391010
    -15.00      0.00      12.000000       0.000000       0.000000        20      19.0      20.0       0.395763   180.000    45.000    90.000    0     119.850700      -0.391570
    -15.00      5.00       7.332100       0.000000       0.000000        20      19.0      20.0       0.395763   180.000    45.000    90.000    0     119.834618      -0.392140
    -15.00     10.00       2.664200       0.000000       0.000000        20      19.0      20.0       0.395763   180.000    45.000    90.000    0     119.818527      -0.392700
    -10.00    -15.00      26.003710       0.000000       0.000000        20      19.0      20.0       0.395763   180.000    45.000    90.000    0     119.897392      -0.344690
    -10.00    -10.00      21.335800       0.000000       0.000000        20      19.0      20.0       0.395763   180.000    45.000    90.000    0     119.881310      -0.345250
    -10.00     -5.00      16.667900       0.000000       0.000000        20      19.0      20.0       0.395763   180.000    45.000    90.000    0     119.865219      -0.345820
    -10.00      0.00      12.000000       0.000000       0.000000        20      19.0      20.0       0.395763   180.000    45.000    90.000    0     119.849129      -0.346380
    -10.00      5.00       7.332100       0.000000       0.000000        20      19.0      20.0       0.395763   180.000    45.000    90.000    0     119.833054      -0.346950
    -10.00     10.00       2.664200       0.000000       0.000000        20      19.0      20.0       0.395763   180.000    45.000    90.000    0     119.816963      -0.347510
     -5.00    -15.00      26.003710       0.000000       0.000000        20      19.0      20.0       0.395763   180.000    45.000    90.000    0     119.895828      -0.299500
     -5.00    -10.00      21.335800       0.000000       0.000000        20      19.0      20.0       0.395763   180.000    45.000    90.000    0     119.879738      -0.300060
     -5.00     -5.00      16.667900       0.000000       0.000000        20      19.0      20.0       0.395763   180.000    45.000    90.000    0     119.863647      -0.300630
     -5.00      0.00      12.000000       0.000000       0.000000        20      19.0      20.0       0.395763   180.000    45.000    90.000    0     119.847572      -0.301190
     -5.00      5.00       7.332100       0.000000       0.000000        20      19.0      20.0       0.395763   180.000    45.000    90.000    0     119.831482      -0.301760
     -5.00     10.00       2.664200       0.000000       0.000000        20      19.0      20.0       0.395763   180.000    45.000    90.000    0     119.815399      -0.302320
      0.00    -15.00      26.003710       0.000000       0.000000        20      19.0      20.0       0.395763   180.000    45.000    90.000    0     119.894257      -0.254300
      0.00    -10.00      21.335800       0.000000       0.000000        20      19.0      20.0       0.395763   180.000    45.000    90.000    0     119.878166      -0.254870
      0.00     -5.00      16.667900       0.000000       0.000000        20      19.0      20.0       0.395763   180.000    45.000    90.000    0     119.862091      -0.255430
      0.00      0.00      12.000000       0.000000       0.000000        20      19.0      20.0       0.395763   180.000    45.000    90.000    0     119.846001      -0.256000
      0.00      5.00       7.332100       0.000000       0.000000        20      19.0      20.0       0.395763   180.000    45.000    90.000    0     119.829910      -0.256570
      0.00     10.00       2.664200       0.000000       0.000000        20      19.0      20.0       0.395763   180.000    45.000    90.000    0     119.813828      -0.257130
      5.00    -15.00      26.003710       0.000000       0.000000        20      19.0      20.0       0.395763   180.000    45.000    90.000    0     119.892693      -0.209110
      5.00    -10.00      21.335800       0.000000       0.000000        20      19.0      20.0       0.395763   180.000    45.000    90.000    0     119.876602      -0.209680
      5.00     -5.00      16.667900       0.000000       0.000000        20      19.0      20.0       0.395763   180.000    45.000    90.000    0     119.860519      -0.210240
      5.00      0.00      12.000000       0.000000       0.000000        20      19.0      20.0       0.395763   180.000    45.000    90.000    0     119.844429      -0.210810
      5.00      5.00       7.332100       0.000000       0.000000        20      19.0      20.0       0.395763   180.000    45.000    90.000    0     119.828346      -0.211370
      5.00     10.00       2.664200       0.000000       0.000000        20      19.0      20.0       0.395763   180.000    45.000    90.000    0     119.812263      -0.211940
     10.00    -15.00      26.003710       0.000000       0.000000        20      19.0      20.0       0.395763   180.000    45.000    90.000    0     119.891121      -0.163920
     10.00    -10.00      21.335800       0.000000       0.000000        20      19.0      20.0       0.395763   180.000    45.000    90.000    0     119.875038      -0.164490
     10.00     -5.00      16.667900       0.000000       0.000000        20      19.0      20.0       0.395763   180.000    45.000    90.000    0     119.858948      -0.165050
     10.00      0.00      12.000000       0.000000       0.000000        20      19.0      20.0       0.395763   180.000    45.000    90.000    0     119.842873      -0.165620
     10.00      5.00       7.332100       0.000000       0.000000        20      19.0      20.0       0.395763   180.000    45.000    90.000    0     119.826782      -0.166180
     10.00     10.00       2.664200       0.000000       0.000000        20      19.0      20.0       0.395763   180.000    45.000    90.000    0     119.810692      -0.166750
     15.00    -15.00      26.003710       0.000000       0.000000        20      19.0      20.0       0.395763   180.000    45.000    90.000    0     119.889549      -0.118730
     15.00    -10.00      21.335800       0.000000       0.000000        20      19.0      20.0       0.395763   180.000    45.000    90.000    0     119.873466      -0.119300
     15.00     -5.00      16.667900       0.000000       0.000000        20      19.0      20.0       0.395763   180.000    45.000    90.000    0     119.857384      -0.119860
     15.00      0.00      12.000000       0.000000       0.000000        20      19.0      20.0       0.395763   180.000    45.000    90.000    0     119.841301      -0.120430
     15.00      5.00       7.332100       0.000000       0.000000        20      19.0      20.0       0.395763   180.000    45.000    90.000    0     119.825218      -0.120990
     15.00     10.00       2.664200       0.000000       0.000000        20      19.0      20.0       0.395763   180.000    45.000    90.000    0     119.809128      -0.121560
     20.00    -15.00      26.003710       0.000000       0.000000        20      19.0      20.0       0.395763   180.000    45.000    90.000    0     119.887978      -0.073540
     20.00    -10.00      21.335800       0.000000       0.000000        20      19.0      20.0       0.395763   180.000    45.000    90.000    0     119.871902      -0.074100
     20.00     -5.00      16.667900       0.000000       0.000000        20      19.0      20.0       0.395763   180.000    45.000    90.000    0     119.855812      -0.074670
     20.00      0.00      12.000000       0.000000       0.000000        20      19.0      20.0       0.395763   180.000    45.000    90.000    0     119.839737      -0.075240
     20.00      5.00       7.332100       0.000000       0.000000        20      19.0      20.0       0.395763   180.000    45.000    90.000    0     119.823647      -0.075800
     20.00     10.00       2.664200       0.000000       0.000000        20      19.0      20.0       0.395763   180.000    45.000    90.000    0     119.807564      -0.076370
     25.00    -15.00      26.003710       0.000000       0.000000        20      19.0      20.0       0.395763   180.000    45.000    90.000    0     119.886414      -0.028350
     25.00    -10.00      21.335800       0.000000       0.000000        20      19.0      20.0       0.395763   180.000    45.000    90.000    0     119.870331      -0.028910
     25.00     -5.00      16.667900       0.000000       0.000000        20      19.0      20.0       0.395763   180.000    45.000    90.000    0     119.854240      -0.029480
     25.00      0.00      12.000000       0.000000       0.000000        20      19.0      20.0       0.395763   180.000    45.000    90.000    0     119.838173      -0.030050
     25.00      5.00       7.332100       0.000000       0.000000        20      19.0      20.0       0.395763   180.000    45.000    90.000    0     119.822083      -0.030610
     25.00     10.00       2.664200       0.000000       0.000000        20      19.0      20.0       0.395763   180.000    45.000    90.000    0     119.806000      -0.031180
     30.00    -15.00      26.003710       0.005338       0.005338        20      19.0      20.0       0.395763    91.140    30.260   -47.070    1     119.884850       0.016840
     30.00    -10.00      21.335800       0.000000       0.000000        20      19.0      20.0       0.395763   180.000    45.000    90.000    0     119.868759       0.016280
     30.00     -5.00      16.667900       0.000000       0.000000        20      19.0      20.0       0.395763   180.000    45.000    90.000    0     119.852669       0.015710
     30.00      0.00      12.000000       0.000000       0.000000        20      19.0      20.0       0.395763   180.000    45.000    90.000    0     119.836601       0.015150
     30.00      5.00       7.332100       0.000000       0.000000        20      19.0      20.0       0.395763   180.000    45.000    90.000    0     119.820518       0.014580
     30.00     10.00       2.664200       0.000000       0.000000        20      19.0      20.0       0.395763   180.000    45.000    90.000    0     119.804428       0.014020
     35.00    -15.00      26.003710       0.021867       0.021867        20      19.0      20.0       0.395763    82.660    30.090   -85.160    1     119.883278       0.062030
     35.00    -10.00      21.335800       0.023905       0.023905        20      19.0      20.0       0.395763   334.690    88.870   -65.320    0     119.867188       0.061470
     35.00     -5.00      16.667900       0.028338       0.028338        20      19.0      20.0       0.395763    35.510    33.450    46.240    0     119.851097       0.060900
     35.00      0.00      12.000000       0.023486       0.023486        20      19.0      20.0       0.395763    33.700    28.970    59.060    0     119.835037       0.060340
     35.00      5.00       7.332100       0.023053       0.023053        20      19.0      20.0       0.395763   222.660    18.460   141.790    0     119.818947       0.059770
     35.00     10.00       2.664200       0.013954       0.013954        20      19.0      20.0       0.395763   324.810    70.900    37.560    0     119.802856       0.059210
     40.00    -15.00      26.003710       0.048530       0.048530        20      19.0      20.0       0.395763   138.180    21.110    -4.190    0     119.881706       0.107230
     40.00    -10.00      21.335800       0.036245       0.036245        20      19.0      20.0       0.395763   176.900    76.190    63.700    0     119.865623       0.106660
     40.00     -5.00      16.667900       0.079807       0.079807        20      19.0      20.0       0.395763    41.130    27.490    61.830    0     119.849533       0.106090
     40.00      0.00      12.000000       0.075767       0.075767        20      19.0      20.0       0.395763    42.850    29.090    67.920    0     119.833473       0.105530
     40.00      5.00       7.332100       0.045044       0.045044        20      19.0      20.0       0.395763    27.490    36.020    54.860    0     119.817390       0.104960
     40.00     10.00       2.664200       0.031336       0.031336        20      19.0      20.0       0.395763   337.950    57.040    40.400    0     119.801300       0.104400
     45.00    -15.00      26.003710       0.071330       0.071330        20      19.0      20.0       0.395763   219.210    86.910  -113.110    0     119.880142       0.152420
     45.00    -10.00      21.335800       0.023990       0.023990        20      19.0      20.0       0.395763   152.370    64.850    24.190    0     119.864052       0.151850
     45.00     -5.00      16.667900       0.080272       0.080272        20      19.0      20.0       0.395763    65.570    29.850   107.250    1     119.847961       0.151280
     45.00      0.00      12.000000       0.100653       0.100653        20      19.0      20.0       0.395763    59.240    26.160    96.740    1     119.831909       0.150720
     45.00      5.00       7.332100       0.079284       0.079284        20      19.0      20.0       0.395763    59.150    26.650    96.390    1     119.815819       0.150150
     45.00     10.00       2.664200       0.046207       0.046207        20      19.0      20.0       0.395763   218.090    63.910   102.240    0     119.799728       0.149590
     50.00    -15.00      26.003710       0.061868       0.061868        20      19.0      20.0       0.395763   210.630    87.600  -110.580    0     119.878571       0.197610
     50.00    -10.00      21.335800       0.021871       0.021871        20      19.0      20.0       0.395763   144.610    35.340    29.560    0     119.862480       0.197040
     50.00     -5.00      16.667900       0.054157       0.054157        20      19.0      20.0       0.395763   217.490    62.130    75.480    0     119.846390       0.196470
     50.00      0.00      12.000000       0.073205       0.073205        20      19.0      20.0       0.395763   220.290    68.260    82.260    0     119.830338       0.195910
     50.00      5.00       7.332100       0.064921       0.064921        20      19.0      20.0       0.395763   218.400    67.340    81.910    0     119.814247       0.195340
     50.00     10.00       2.664200       0.036957       0.036957        20      19.0      20.0       0.395763   209.550    67.540    94.950    0     119.798172       0.194780
