     119.952240      -1.926360      26.003710       0.000000            NaN            NaN            NaN            NaN            NaN            NaN   26
     119.950684      -1.881170      26.003710       0.000000            NaN            NaN            NaN            NaN            NaN            NaN   26
     119.949112      -1.835980      26.003710       0.000000            NaN            NaN            NaN            NaN            NaN            NaN   26
     119.947540      -1.790790      26.003710       0.000000            NaN            NaN            NaN            NaN            NaN            NaN   26
     119.945969      -1.745600      26.003710       0.000000            NaN            NaN            NaN            NaN            NaN            NaN   26
     119.944397      -1.700410      26.003710       0.090700      -0.472500       0.485000      -0.012500       0.815000       2.035000      -0.847500   26
     119.942841      -1.655220      26.003710       0.171900      -2.185000       2.022500       0.162500      -3.615000      -0.200000       0.957500   26
     119.941269      -1.610030      26.003710       0.268800      -1.700000       2.242500      -0.542500      -5.625000       2.477500       1.982500   26
     119.939697      -1.564840      26.003710       0.352800      -2.632500       6.602500      -3.970000      -5.502500       3.435000       1.705000   26
     119.938133      -1.519650      26.003710       0.440200      -0.745000       8.847500      -8.102500      -8.177501       0.952500       0.495000   26
     119.936562      -1.474460      26.003710       0.497000       0.955000       7.822500      -8.777500      -9.075001       1.585000      -4.350000   26
     119.934998      -1.429270      26.003710       0.566000       2.697500       3.345000      -6.042500      -6.682500       6.505000      -9.707500   26
     119.933434      -1.384080      26.003710       0.624000       0.234000      -0.179500      -0.054500       0.131000       0.960500      -1.216000   26
     119.931862      -1.338890      26.003710       0.847000       0.736250      -1.062500       0.326250       0.888750       1.242250      -1.251250   26
     119.930290      -1.293690      26.003710       0.827600       0.613750      -0.679750       0.066000       1.132750       1.272000      -1.217250   26
     119.928726      -1.248500      26.003710       0.767300       1.121500      -0.640500      -0.481000       1.010500       0.497750      -1.337000   26
     119.927162      -1.203310      26.003710       0.697700       0.930250       0.137750      -1.068000       0.398000       0.355000      -1.557500   26
     119.925591      -1.158120      26.003710       0.996800       0.621500       1.105500      -1.727000      -0.057000       0.417250      -2.006000   26
     119.924026      -1.112930      26.003710       1.114200       0.566500       1.389750      -1.956250      -0.258000      -0.374750      -2.191000   26
     119.922462      -1.067740      26.003710       1.211100       0.397750       1.376000      -1.773750      -0.743250      -0.660250      -2.415250   26
     119.920891      -1.022550      26.003710       1.285100       0.313250       1.203250      -1.516500      -0.653500      -0.745250      -2.765250   26
     119.919319      -0.977360      26.003710       1.217700       0.878500       0.077000      -0.955500      -0.226000      -1.055000      -2.810750   26
     119.917763      -0.932170      26.003710       1.133700       0.386500      -0.085750      -0.300750      -0.764000      -1.254250      -2.518750   26
     119.916191      -0.886980      26.003710       1.103900      -0.132000       0.359500      -0.227500      -0.970750      -1.145500      -2.358750   26
     119.914619      -0.841790      26.003710       1.269400      -0.626500       1.423750      -0.797250      -0.814250      -1.810000      -2.227750   26
     119.913063      -0.796600      26.003710       1.345800      -0.563250       2.100750      -1.537500      -0.987250      -1.445000      -2.199250   26
     119.911491      -0.751410      26.003710       1.398000      -0.725500       2.594750      -1.869250      -0.892500      -0.403000      -2.479500   26
     119.909920      -0.706210      26.003710       1.431000      -0.835500       2.620500      -1.785000      -1.136250      -0.043000      -2.601750   26
     119.908363      -0.661020      26.003710       1.378100      -0.637500       2.344500      -1.707000      -0.498500       0.576000      -2.694750   26
     119.906792      -0.615830      26.003710       1.323400      -0.060500       1.400000      -1.339500      -0.415500       0.560750      -2.932500   26
     119.905220      -0.570640      26.003710       1.181200       0.040000       0.740250      -0.780250      -0.689000       0.901500      -2.632250   26
     119.903664      -0.525450      26.003710       1.296100       0.796750      -0.063500      -0.733250      -1.262750       1.292500      -2.603750   26
     119.902092      -0.480260      26.003710       1.378300       0.522500       0.346750      -0.869250      -1.974500       0.839500      -2.655500   26
     119.900528      -0.435070      26.003710       1.279600       0.957250      -0.302000      -0.655250      -1.744500      -0.011250      -2.569250   26
     119.898956      -0.389880      26.003710       1.016800       0.970500      -0.690750      -0.279750      -1.178000      -0.131000      -2.171500   26
     119.897392      -0.344690      26.003710       1.040500       1.003500      -0.775250      -0.228250      -0.812250       0.858000      -2.132750   26
     119.895828      -0.299500      26.003710       1.057000       0.912250      -0.693250      -0.219000      -0.158000       1.151250      -2.251500   26
     119.894257      -0.254300      26.003710       1.013200       0.350500      -0.511250       0.160750      -0.090500       1.061750      -2.255500   26
     119.892693      -0.209110      26.003710       0.999700       0.060500      -0.722500       0.662000      -0.418250       0.621750      -2.285250   26
     119.891121      -0.163920      26.003710       0.987900       0.403500      -1.174250       0.770750      -0.624500      -0.007500      -2.186750   26
     119.889549      -0.118730      26.003710       0.855200       0.204500      -0.546000       0.341500      -0.864750      -0.715000      -1.850500   26
     119.887978      -0.073540      26.003710       0.525000       3.922500      -5.552500       1.630000      -7.190001      -6.440001      -9.745001   26
     119.886414      -0.028350      26.003710       0.448200       5.042500      -7.037500       1.995000      -8.445000      -1.972500      -4.540000   26
     119.884850       0.016840      26.003710       0.917900       2.333000      -1.640750      -0.692250      -1.027000      -0.390750      -0.241000   26
     119.883278       0.062030      26.003710       0.807000       2.266250      -0.824000      -1.442250      -0.761000       0.200000      -0.308500   26
     119.881706       0.107230      26.003710       0.740800       1.644750       0.134000      -1.778750      -0.643250      -0.272250      -0.062750   26
     119.880142       0.152420      26.003710       0.656000       1.082750       0.435000      -1.517750      -0.712750      -0.548000      -0.244250   26
     119.878571       0.197610      26.003710       0.419100       6.300000       1.767500      -8.067500      -5.465000      -2.720000      -4.400000   26
     119.936150      -1.926930      21.335800       0.000000            NaN            NaN            NaN            NaN            NaN            NaN   26
     119.934578      -1.881740      21.335800       0.000000            NaN            NaN            NaN            NaN            NaN            NaN   26
     119.933006      -1.836550      21.335800       0.000000            NaN            NaN            NaN            NaN            NaN            NaN   26
     119.931450      -1.791360      21.335800       0.000000            NaN            NaN            NaN            NaN            NaN            NaN   26
     119.929878      -1.746170      21.335800       0.000000            NaN            NaN            NaN            NaN            NaN            NaN   26
     119.928307      -1.700980      21.335800       0.076300       0.527500       0.115000      -0.642500      -1.867500      -0.217500       0.315000   26
     119.926743      -1.655790      21.335800       0.049800       0.055000      -0.582500       0.527500       0.030000      -0.242500       1.085000   26
     119.925179      -1.610590      21.335800       0.206900      -3.082500       4.677500      -1.595000      -2.300000       1.855000       1.075000   26
     119.923607      -1.565400      21.335800       0.361800      -2.780000       8.835000      -6.055000      -4.877500       2.202500      -1.147500   26
     119.922043      -1.520210      21.335800       0.574700       0.001000       1.142750      -1.143750      -0.519000      -0.037750      -0.707000   26
     119.920471      -1.475020      21.335800       0.760100       0.531250       0.697250      -1.228500      -0.643750       0.022250      -1.455750   26
     119.918907      -1.429830      21.335800       1.000200       1.072750      -0.560000      -0.512750      -0.617000       0.575500      -2.201500   26
     119.917343      -1.384640      21.335800       1.240800       1.225250      -1.696750       0.471500       0.148250       1.285500      -2.448000   26
     119.915771      -1.339450      21.335800       1.459200       1.388750      -2.307500       0.918750       0.999750       1.848250      -2.346250   26
     119.914200      -1.294260      21.335800       1.215700       0.877000      -1.281750       0.404750       1.011500       1.539250      -2.342250   26
     119.912643      -1.249070      21.335800       1.111000       1.320250      -0.382750      -0.937500       0.982000       0.602000      -2.534250   26
     119.911072      -1.203880      21.335800       1.247600       1.521000       0.595250      -2.116250       0.429000       0.241750      -2.751750   26
     119.909500      -1.158690      21.335800       1.696700       1.233500       2.121500      -3.355000      -0.269500       0.109250      -3.216500   26
     119.907944      -1.113500      21.335800       1.960600       0.961000       2.767500      -3.728500      -0.707000      -0.204750      -3.585250   26
     119.906372      -1.068310      21.335800       2.110300       0.150250       3.173500      -3.323750      -0.768000      -0.771750      -4.018750   26
     119.904800      -1.023120      21.335800       2.104000       0.170750       2.500500      -2.671250      -0.489000      -0.926750      -4.468000   26
     119.903236      -0.977920      21.335800       2.029400       0.423500       1.051000      -1.474500      -0.403000      -1.398750      -4.715000   26
     119.901672      -0.932730      21.335800       1.943200       0.132750       0.495000      -0.627750      -0.672000      -1.902000      -4.419001   26
     119.900101      -0.887540      21.335800       1.877400      -0.329250       0.864750      -0.535500      -1.208500      -1.674000      -4.176750   26
     119.898537      -0.842350      21.335800       2.146400      -0.785250       2.526250      -1.741000      -1.598250      -2.245750      -4.072500   26
     119.896973      -0.797160      21.335800       2.394200      -0.932750       3.937500      -3.004750      -1.656750      -1.797750      -4.141251   26
     119.895401      -0.751970      21.335800       2.530400      -0.952000       4.260000      -3.308000      -1.504500      -1.001500      -4.691750   26
     119.893837      -0.706780      21.335800       2.572300      -1.207750       4.303500      -3.095750      -1.528250      -0.337750      -5.015000   26
     119.892273      -0.661590      21.335800       2.450600      -1.548000       4.125250      -2.577250      -1.318500       0.700750      -4.972750   26
     119.890701      -0.616400      21.335800       2.312700      -1.089000       3.086250      -1.997250      -0.907250       1.079250      -5.031500   26
     119.889137      -0.571210      21.335800       2.128200      -0.792750       2.352750      -1.560000      -1.353500       1.164250      -4.689000   26
     119.887573      -0.526020      21.335800       2.062300      -0.528500       1.679250      -1.150750      -2.038250       1.334500      -4.472750   26
     119.886002      -0.480820      21.335800       2.127400       0.024000       0.920500      -0.944500      -3.050750       0.909500      -4.268250   26
     119.884438      -0.435630      21.335800       2.089100       0.861250      -0.116500      -0.744750      -3.276250       0.021000      -3.989250   26
     119.882874      -0.390440      21.335800       1.972200       0.500250      -0.285500      -0.214750      -3.381500       0.150000      -3.558750   26
     119.881310      -0.345250      21.335800       1.836800       1.111500      -0.506000      -0.605500      -2.139250       0.762000      -3.873000   26
     119.879738      -0.300060      21.335800       1.938600       0.786750      -0.115250      -0.671500      -1.276000       1.237500      -4.448250   26
     119.878166      -0.254870      21.335800       1.958100       0.304000      -0.162750      -0.141250      -0.853750       1.242000      -4.651750   26
     119.876602      -0.209680      21.335800       1.900500      -0.047500      -0.506250       0.553750      -0.862000       0.856250      -4.572250   26
     119.875038      -0.164490      21.335800       1.709900       0.328000      -1.312750       0.984750      -0.544000       0.075500      -4.080250   26
     119.873466      -0.119300      21.335800       1.555500      -0.040250      -0.771000       0.811250      -1.365750      -0.951250      -3.466000   26
     119.871902      -0.074100      21.335800       0.929700      -0.092750      -0.447250       0.540000      -0.930250      -0.801000      -1.959750   26
     119.870331      -0.028910      21.335800       0.915400       0.780500      -1.168500       0.388000      -1.769750      -0.795000      -0.983750   26
     119.868759       0.016280      21.335800       1.272100       2.661000      -2.193000      -0.468000      -1.891750      -0.544250      -0.514500   26
     119.867188       0.061470      21.335800       1.084500       3.166000      -1.267500      -1.898500      -1.000500      -0.040500      -0.280000   26
     119.865623       0.106660      21.335800       1.058300       2.265500       0.288250      -2.553750      -1.028250       0.127000      -0.267750   26
     119.864052       0.151850      21.335800       1.032500       1.382000       1.040000      -2.422000      -1.381000      -0.165250      -0.551000   26
     119.862480       0.197040      21.335800       0.742300       0.619750       0.693250      -1.313000      -1.166500      -0.582250      -0.672500   26
     119.920059      -1.927490      16.667900       0.000000            NaN            NaN            NaN            NaN            NaN            NaN   26
     119.918488      -1.882300      16.667900       0.000000            NaN            NaN            NaN            NaN            NaN            NaN   26
     119.916924      -1.837110      16.667900       0.000000            NaN            NaN            NaN            NaN            NaN            NaN   26
     119.915352      -1.791920      16.667900       0.000000            NaN            NaN            NaN            NaN            NaN            NaN   26
     119.913788      -1.746730      16.667900       0.000000            NaN            NaN            NaN            NaN            NaN            NaN   26
     119.912216      -1.701540      16.667900       0.111200       0.072500      -0.912500       0.840000       2.727500      -0.025000       0.215000   26
     119.910652      -1.656350      16.667900       0.287900      -5.225000       4.647501       0.577500       5.147500       0.642500      -0.775000   26
     119.909081      -1.611160      16.667900       0.510900      -1.033500       1.321500      -0.288000       0.391250       0.205500      -0.173250   26
     119.907516      -1.565970      16.667900       0.459500      -0.622250       1.286250      -0.664000      -0.089000       0.124750      -0.560000   26
     119.905952      -1.520780      16.667900       0.741900      -0.216000       1.123500      -0.907500      -0.477250      -0.255750      -1.446750   26
     119.904381      -1.475590      16.667900       0.978700       0.495750       0.136750      -0.632500      -0.492750      -0.309250      -2.358250   26
     119.902809      -1.430400      16.667900       1.389400       1.703000      -2.062250       0.359250      -0.431750       0.184500      -3.164500   26
     119.901253      -1.385210      16.667900       1.751500       2.155000      -3.398250       1.243250      -0.048000       0.953000      -3.377000   26
     119.899681      -1.340020      16.667900       1.688700       1.562750      -2.915000       1.352250       0.141750       1.360250      -3.221500   26
     119.898109      -1.294830      16.667900       1.319600       0.937000      -1.284000       0.347000       0.259000       0.805000      -3.077750   26
     119.896553      -1.249630      16.667900       1.334300       1.172750       0.308500      -1.481250       0.346750       0.353000      -3.187750   26
     119.894981      -1.204440      16.667900       1.702400       1.531250       1.626000      -3.157250       0.237250      -0.191750      -3.493000   26
     119.893410      -1.159250      16.667900       2.133300       1.535250       2.864750      -4.400000      -0.187250      -0.552000      -3.874250   26
     119.891853      -1.114060      16.667900       2.454800       0.810000       3.967500      -4.777500      -0.473500      -0.266000      -4.272250   26
     119.890282      -1.068870      16.667900       2.557100       0.353250       4.055000      -4.408249      -0.235250      -0.441000      -4.767500   26
     119.888710      -1.023680      16.667900       2.454000       0.058750       3.214500      -3.273250      -0.194500      -0.947000      -5.119000   26
     119.887154      -0.978490      16.667900       2.388300      -0.347500       2.101000      -1.753500      -0.484000      -1.403750      -5.444250   26
     119.885582      -0.933300      16.667900       2.437600      -0.871750       1.523000      -0.651250      -0.365000      -2.171750      -5.532750   26
     119.884010      -0.888110      16.667900       2.543300      -1.394750       2.197000      -0.802250      -1.115750      -2.397500      -5.452750   26
     119.882446      -0.842920      16.667900       2.815800      -1.450250       3.621000      -2.170750      -2.034000      -2.077000      -5.580750   26
     119.880882      -0.797730      16.667900       3.128000      -1.317250       4.992000      -3.674750      -1.935000      -1.678000      -5.891500   26
     119.879311      -0.752540      16.667900       3.335700      -1.164500       5.354000      -4.189499      -1.628250      -1.287500      -6.468250   26
     119.877747      -0.707340      16.667900       3.266900      -1.357500       5.194500      -3.837000      -1.156000      -0.866000      -6.617250   26
     119.876183      -0.662150      16.667900       3.036500      -1.926250       4.938500      -3.012250      -1.318000       0.236500      -6.353250   26
     119.874619      -0.616960      16.667900       2.858100      -2.101500       4.458000      -2.356500      -1.641250       0.727250      -6.100000   26
     119.873047      -0.571770      16.667900       2.692500      -2.555500       4.261250      -1.705750      -2.029250       0.682000      -5.754000   26
     119.871483      -0.526580      16.667900       2.564100      -2.441000       3.555000      -1.114000      -2.675000       0.450500      -5.345749   26
     119.869919      -0.481390      16.667900       2.476000      -1.405750       2.191250      -0.785500      -3.418750       0.437250      -4.969000   26
     119.868347      -0.436200      16.667900       2.461300      -0.110000       0.782250      -0.672250      -3.972250      -0.099750      -4.645500   26
     119.866791      -0.391010      16.667900       2.341700       0.261250       0.251500      -0.512750      -3.583750      -0.345250      -4.602500   26
     119.865219      -0.345820      16.667900       2.366300       0.411750       0.372750      -0.784500      -2.637500       0.255000      -5.245250   26
     119.863647      -0.300630      16.667900       2.528600      -0.032000       0.804000      -0.772000      -1.624750       0.600250      -6.036500   26
     119.862091      -0.255430      16.667900       2.680100      -0.527250       0.866750      -0.339500      -1.201250       0.612000      -6.549749   26
     119.860519      -0.210240      16.667900       2.569200      -0.741250       0.445000       0.296250      -0.738500       0.420500      -6.373500   26
     119.858948      -0.165050      16.667900       2.163300      -0.436000      -0.360750       0.796750      -0.387250      -0.228250      -5.356250   26
     119.857384      -0.119860      16.667900       1.824000      -0.509000      -0.132000       0.641000      -0.608250      -1.422000      -4.250250   26
     119.855812      -0.074670      16.667900       1.295300      -0.553500      -0.224000       0.777500      -1.123500      -1.217000      -2.714250   26
     119.854240      -0.029480      16.667900       1.320200       0.798000      -1.324000       0.526000      -2.566250      -1.275750      -1.784250   26
     119.852669       0.015710      16.667900       1.584200       2.490750      -2.258250      -0.232500      -2.715250      -1.222000      -1.088750   26
     119.851097       0.060900      16.667900       1.323800       3.239250      -1.721750      -1.517500      -1.802750      -0.634250      -0.572500   26
     119.849533       0.106090      16.667900       0.960400       1.996750       0.243000      -2.239750      -0.997750       0.161500      -0.477500   26
     119.847961       0.151280      16.667900       1.000900       1.001500       1.287000      -2.288500      -1.054000       0.472250      -0.994250   26
     119.846390       0.196470      16.667900       0.765000       0.248750       1.077000      -1.325750      -1.093500       0.113000      -1.021250   26
     119.903961      -1.928060      12.000000       0.000000            NaN            NaN            NaN            NaN            NaN            NaN   26
     119.902397      -1.882870      12.000000       0.000000            NaN            NaN            NaN            NaN            NaN            NaN   26
     119.900833      -1.837680      12.000000       0.000000            NaN            NaN            NaN            NaN            NaN            NaN   26
     119.899261      -1.792490      12.000000       0.000000            NaN            NaN            NaN            NaN            NaN            NaN   26
     119.897690      -1.747300      12.000000       0.000000            NaN            NaN            NaN            NaN            NaN            NaN   26
     119.896133      -1.702110      12.000000       0.093500      -0.710000       0.595000       0.115000       1.047500      -2.037500       0.070000   26
     119.894562      -1.656920      12.000000       0.180900      -2.357500       3.627500      -1.270000       2.822500      -1.615000      -0.370000   26
     119.892990      -1.611730      12.000000       0.307900      -4.912500       8.640000      -3.727500       1.437500       0.782500      -3.182500   26
     119.891418      -1.566530      12.000000       0.462200      -4.707500       9.737500      -5.030000      -0.170000       0.115000      -8.887500   26
     119.889862      -1.521340      12.000000       0.855500      -0.154500       0.537250      -0.382750      -0.522750      -0.484500      -1.960000   26
     119.888290      -1.476150      12.000000       1.254200       0.550250      -0.644000       0.093750      -0.632750      -0.873750      -2.962750   26
     119.886719      -1.430960      12.000000       1.732900       1.635250      -2.800000       1.164750      -0.613250      -0.670500      -3.768000   26
     119.885162      -1.385770      12.000000       1.994500       2.141500      -4.055500       1.914000      -0.815750      -0.318000      -3.934250   26
     119.883591      -1.340580      12.000000       1.810000       1.872250      -3.402500       1.530250      -1.038750      -0.396500      -3.687500   26
     119.882019      -1.295390      12.000000       1.456000       1.653750      -1.766250       0.112500      -0.856500      -0.554000      -3.426750   26
     119.880463      -1.250200      12.000000       1.532100       1.510250       0.459250      -1.969500      -0.662500      -0.535750      -3.555500   26
     119.878891      -1.205010      12.000000       2.061600       1.329750       2.574750      -3.904500      -0.471000      -0.979250      -3.903000   26
     119.877319      -1.159820      12.000000       2.467700       1.188000       3.818000      -5.006000      -0.445500      -1.040000      -4.197250   26
     119.875763      -1.114630      12.000000       2.592300       1.059000       4.256250      -5.315250      -0.381250      -0.441250      -4.336250   26
     119.874191      -1.069440      12.000000       2.604000       0.533750       4.251000      -4.784750      -0.278750      -0.318250      -4.669500   26
     119.872620      -1.024250      12.000000       2.594500      -0.387250       3.894000      -3.506750      -0.248750      -0.711000      -5.269001   26
     119.871063      -0.979050      12.000000       2.581600      -1.394000       3.348500      -1.954500      -0.207000      -1.437500      -5.646500   26
     119.869492      -0.933860      12.000000       2.669500      -1.808000       2.727500      -0.919500      -0.110500      -1.901250      -6.036251   26
     119.867928      -0.888670      12.000000       2.909500      -1.983750       3.007500      -1.023750      -1.290500      -2.232000      -6.291000   26
     119.866364      -0.843480      12.000000       3.198500      -1.867500       4.027750      -2.160250      -2.129000      -1.912250      -6.621500   26
     119.864792      -0.798290      12.000000       3.642000      -1.924250       5.585000      -3.660750      -1.964250      -1.797750      -7.243000   26
     119.863228      -0.753100      12.000000       3.776300      -2.079250       6.306750      -4.227500      -1.570500      -1.390500      -7.451501   26
     119.861656      -0.707910      12.000000       3.723600      -2.620500       6.623500      -4.003000      -0.994000      -0.880250      -7.462500   26
     119.860092      -0.662720      12.000000       3.534900      -2.998500       6.397250      -3.398750      -1.170500      -0.263500      -7.233251   26
     119.858528      -0.617530      12.000000       3.173300      -3.444250       6.031750      -2.587500      -1.327250       0.260500      -6.548250   26
     119.856956      -0.572340      12.000000       3.009700      -3.655000       5.478750      -1.823750      -2.439750       0.128000      -5.994250   26
     119.855400      -0.527150      12.000000       2.967300      -3.771000       4.935000      -1.164000      -3.203000      -0.398750      -5.379250   26
     119.853828      -0.481950      12.000000       2.895400      -2.974000       3.778500      -0.804500      -3.996000      -0.579750      -5.071000   26
     119.852257      -0.436760      12.000000       2.752200      -1.645500       2.353500      -0.708000      -4.253750      -0.820750      -4.932000   26
     119.850700      -0.391570      12.000000       2.582200      -0.324000       0.948500      -0.624500      -3.575000      -0.734000      -5.264000   26
     119.849129      -0.346380      12.000000       2.534300      -0.231000       0.889750      -0.658750      -2.345250      -0.055750      -5.835000   26
     119.847572      -0.301190      12.000000       2.913800      -1.025500       1.813500      -0.788000      -1.630000      -0.355000      -6.952750   26
     119.846001      -0.256000      12.000000       3.111200      -1.378250       1.836750      -0.458500      -1.233250      -0.290250      -7.571500   26
     119.844429      -0.210810      12.000000       2.913800      -1.351250       1.284000       0.067250      -0.483500      -0.265750      -7.231500   26
     119.842873      -0.165620      12.000000       2.502400      -1.454750       0.939500       0.515250       0.006750      -0.909000      -6.176250   26
     119.841301      -0.120430      12.000000       2.000700      -1.137750       0.755500       0.382250      -0.135000      -1.739000      -4.629750   26
     119.839737      -0.075240      12.000000       1.706100      -1.011250       0.398000       0.613250      -0.988750      -2.000750      -3.530500   26
     119.838173      -0.030050      12.000000       1.571500      -0.176500      -0.352250       0.528750      -2.955500      -1.533500      -2.531500   26
     119.836601       0.015150      12.000000       1.575400       1.506500      -1.640500       0.134000      -3.115500      -1.024000      -1.750000   26
     119.835037       0.060340      12.000000       1.302200       2.352250      -1.688000      -0.664250      -2.153750      -0.384500      -1.184500   26
     119.833473       0.105530      12.000000       0.842800       1.738250      -0.308750      -1.429500      -1.057250       0.307500      -0.867000   26
     119.831909       0.150720      12.000000       0.820100       0.183000       1.216500      -1.399500      -0.533250       0.916000      -1.159500   26
     119.830338       0.195910      12.000000       0.589000      -0.088500       1.031500      -0.943000      -0.113000       0.331500      -1.033750   26
     119.887871      -1.928620       7.332100       0.000000            NaN            NaN            NaN            NaN            NaN            NaN   26
     119.886299      -1.883430       7.332100       0.000000            NaN            NaN            NaN            NaN            NaN            NaN   26
     119.884743      -1.838240       7.332100       0.000000            NaN            NaN            NaN            NaN            NaN            NaN   26
     119.883171      -1.793050       7.332100       0.000000            NaN            NaN            NaN            NaN            NaN            NaN   26
     119.881599      -1.747860       7.332100       0.000000            NaN            NaN            NaN            NaN            NaN            NaN   26
     119.880028      -1.702670       7.332100       0.100300       0.420000      -0.425000       0.005000      -1.920000      -1.532500      -0.272500   26
     119.878471      -1.657480       7.332100       0.125700       1.442500      -1.260000      -0.182500       0.545000      -2.935000       0.177500   26
     119.876900      -1.612290       7.332100       0.170100      -0.892500       3.062500      -2.170000       0.687500      -0.580000      -3.255000   26
     119.875328      -1.567100       7.332100       0.433600      -2.522500       4.915000      -2.392500      -3.372500      -0.275000      -9.595000   26
     119.873772      -1.521910       7.332100       0.886800      -0.051750      -0.074750       0.126500      -0.760250      -0.644750      -2.002750   26
     119.872200      -1.476720       7.332100       1.403400       0.544500      -1.333750       0.789250      -0.799750      -1.186750      -3.072500   26
     119.870628      -1.431530       7.332100       1.984600       1.372750      -3.066250       1.693500      -0.875250      -1.599750      -3.952750   26
     119.869072      -1.386340       7.332100       2.247900       2.018750      -4.216250       2.197500      -1.152000      -1.806250      -4.035500   26
     119.867500      -1.341150       7.332100       2.058200       1.701000      -3.250500       1.549500      -1.653750      -1.992500      -3.842000   26
     119.865929      -1.295960       7.332100       1.727900       1.588750      -1.486250      -0.102500      -1.958000      -2.007500      -3.612000   26
     119.864372      -1.250760       7.332100       1.874800       1.293750       0.996500      -2.290250      -1.921000      -1.997250      -3.718250   26
     119.862801      -1.205570       7.332100       2.222100       1.230000       2.870750      -4.100750      -1.294500      -1.498250      -3.948250   26
     119.861229      -1.160380       7.332100       2.433000       1.296500       3.865000      -5.161500      -0.436750      -0.476250      -4.033750   26
     119.859673      -1.115190       7.332100       2.505500       1.183250       4.142250      -5.325500      -0.406000      -0.174250      -4.075750   26
     119.858101      -1.070000       7.332100       2.449100       0.693750       3.958250      -4.652000      -0.292500      -0.092000      -4.342000   26
     119.856537      -1.024810       7.332100       2.451600      -0.238500       3.822500      -3.584000       0.137250      -0.284000      -4.873750   26
     119.854973      -0.979620       7.332100       2.549000      -1.615500       3.734500      -2.119000       0.159250      -1.010250      -5.545250   26
     119.853401      -0.934430       7.332100       2.645900      -1.856750       3.115000      -1.258250      -0.061750      -1.425750      -6.013500   26
     119.851837      -0.889240       7.332100       2.977100      -1.908250       3.295250      -1.387000      -1.022000      -1.832750      -6.602750   26
     119.850273      -0.844050       7.332100       3.365100      -2.114250       4.251000      -2.136750      -1.854000      -1.913250      -7.128500   26
     119.848701      -0.798860       7.332100       3.806000      -2.290750       5.689750      -3.399000      -2.354000      -1.475750      -7.739250   26
     119.847137      -0.753670       7.332100       3.939800      -2.601500       6.723000      -4.121500      -1.317000      -1.158750      -7.941250   26
     119.845612      -0.708470       7.332100       3.964200      -3.649750       7.680750      -4.031000      -0.676750      -0.811500      -7.848250   26
     119.844040      -0.663280       7.332100       3.756700      -4.253250       7.717751      -3.464500      -0.786250      -0.642000      -7.368501   26
     119.842468      -0.618090       7.332100       3.366600      -4.793750       7.201750      -2.408000      -1.394500      -0.117500      -6.598001   26
     119.840897      -0.572900       7.332100       3.412200      -5.242500       6.905750      -1.663250      -2.694000      -0.540250      -5.893250   26
     119.839333      -0.527710       7.332100       3.506900      -5.316500       6.483500      -1.167000      -3.760000      -1.355250      -5.245750   26
     119.837761      -0.482520       7.332100       3.327000      -4.168750       4.958750      -0.790000      -4.527500      -1.681250      -4.989750   26
     119.836189      -0.437330       7.332100       3.032500      -2.441000       3.109500      -0.668500      -4.663750      -1.563000      -5.024250   26
     119.834618      -0.392140       7.332100       2.704000      -1.291750       1.904000      -0.612250      -3.307500      -1.230250      -5.514750   26
     119.833054      -0.346950       7.332100       2.700900      -0.781500       1.380750      -0.599250      -2.007000      -1.167750      -6.226000   26
     119.831482      -0.301760       7.332100       3.021000      -1.147500       1.736750      -0.589250      -1.518750      -1.340000      -7.126500   26
     119.829910      -0.256570       7.332100       3.165300      -1.554500       1.894500      -0.340000      -0.395000      -1.493750      -7.639750   26
     119.828346      -0.211370       7.332100       3.021100      -1.891500       1.878250       0.013250       0.237000      -1.656500      -7.287500   26
     119.826782      -0.166180       7.332100       2.646200      -1.479250       1.273750       0.205500       0.365250      -1.864750      -6.308750   26
     119.825218      -0.120990       7.332100       2.293100      -1.573500       1.328750       0.244750      -0.309500      -2.710750      -4.848751   26
     119.823647      -0.075800       7.332100       1.907600      -1.000500       0.662000       0.338500      -1.199500      -2.589000      -3.758750   26
     119.822083      -0.030610       7.332100       1.813400      -0.896250       0.393500       0.502750      -3.249750      -1.697750      -2.883500   26
     119.820518       0.014580       7.332100       1.737500       0.518750      -0.715000       0.196250      -3.722250      -1.027000      -2.112500   26
     119.818947       0.059770       7.332100       1.312900       1.486000      -1.354750      -0.131250      -2.487000      -0.057750      -1.620000   26
     119.817390       0.104960       7.332100       0.843400       0.735500      -0.159500      -0.576000      -1.245750       0.905000      -1.392500   26
     119.815819       0.150150       7.332100       0.785700      -0.504500       1.252750      -0.748250      -0.326250       1.153250      -1.112000   26
     119.814247       0.195340       7.332100       0.560400      -0.669750       1.050500      -0.380750      -0.412500       0.660500      -0.780000   26
     119.871780      -1.929190       2.664200       0.000000            NaN            NaN            NaN            NaN            NaN            NaN   26
     119.870209      -1.884000       2.664200       0.000000            NaN            NaN            NaN            NaN            NaN            NaN   26
     119.868637      -1.838810       2.664200       0.000000            NaN            NaN            NaN            NaN            NaN            NaN   26
     119.867081      -1.793620       2.664200       0.000000            NaN            NaN            NaN            NaN            NaN            NaN   26
     119.865509      -1.748430       2.664200       0.000000            NaN            NaN            NaN            NaN            NaN            NaN   26
     119.863937      -1.703240       2.664200       0.038100       6.150000      -6.400000       0.250000       4.825000      -5.650001      -0.500000   26
     119.862373      -1.658050       2.664200       0.076200       1.632500      -1.640000       0.007500       0.962500      -0.120000      -0.112500   26
     119.860809      -1.612860       2.664200       0.179100       1.072500      -0.372500      -0.700000      -2.737500       1.690000      -3.167500   26
     119.859238      -1.567660       2.664200       0.419800       0.207500       0.040000      -0.247500      -4.902500       0.700000      -9.260000   26
     119.857681      -1.522470       2.664200       0.862800       0.104250      -0.476250       0.372000      -0.732750      -0.624000      -1.925500   26
     119.856110      -1.477280       2.664200       1.453600       0.556500      -1.576250       1.019750      -0.871500      -1.523000      -2.952000   26
     119.854538      -1.432090       2.664200       2.077100       1.224250      -2.994000       1.769750      -0.998750      -2.347250      -3.800500   26
     119.852982      -1.386900       2.664200       2.330600       1.679500      -3.742500       2.063000      -1.207500      -2.707000      -3.966500   26
     119.851410      -1.341710       2.664200       2.243800       1.692000      -3.045750       1.353750      -1.824000      -2.948250      -3.804250   26
     119.849838      -1.296520       2.664200       2.024200       1.645500      -1.434250      -0.211250      -2.359500      -2.959750      -3.645250   26
     119.848282      -1.251330       2.664200       1.972900       1.317750       0.986000      -2.303750      -2.284000      -2.464750      -3.693500   26
     119.846710      -1.206140       2.664200       2.215200       1.132500       2.847500      -3.980000      -1.610000      -1.565500      -3.837250   26
     119.845207      -1.160950       2.664200       2.382800       1.133250       3.854000      -4.987249      -0.772500      -0.399000      -3.891750   26
     119.843643      -1.115760       2.664200       2.400800       1.035000       4.016750      -5.051750      -0.390000       0.119500      -3.904000   26
     119.842072      -1.070570       2.664200       2.314100       0.658250       3.746500      -4.404750       0.052500       0.155250      -4.103000   26
     119.840500      -1.025380       2.664200       2.307900      -0.143000       3.583500      -3.440500       0.346250      -0.064250      -4.564750   26
     119.838928      -0.980190       2.664200       2.430500      -1.401500       3.650000      -2.248500       0.198500      -0.654500      -5.263500   26
     119.837357      -0.934990       2.664200       2.647100      -2.060750       3.605750      -1.545000      -0.229000      -1.142750      -5.911500   26
     119.835793      -0.889800       2.664200       2.987600      -2.153250       3.701250      -1.548000      -0.925500      -1.526750      -6.620500   26
     119.834221      -0.844610       2.664200       3.328300      -2.113000       4.213750      -2.100750      -1.595250      -1.653750      -7.193750   26
     119.832657      -0.799420       2.664200       3.672300      -2.180250       5.264250      -3.084000      -2.044250      -1.311500      -7.689000   26
     119.831093      -0.754230       2.664200       3.856200      -2.722500       6.500249      -3.777750      -1.430750      -1.064000      -7.860500   26
     119.829521      -0.709040       2.664200       3.895400      -3.722000       7.572249      -3.850250      -0.865500      -0.869750      -7.686000   26
     119.827950      -0.663850       2.664200       3.717600      -4.528250       7.886750      -3.358500      -0.738750      -0.659500      -7.194500   26
     119.826378      -0.618660       2.664200       3.421500      -5.100500       7.495250      -2.394750      -1.431500      -0.400500      -6.422500   26
     119.824806      -0.573470       2.664200       3.472600      -5.417500       7.021500      -1.604000      -2.750500      -0.973000      -5.704000   26
     119.823242      -0.528280       2.664200       3.618600      -5.337250       6.420250      -1.083000      -4.109250      -2.065750      -5.096000   26
     119.821671      -0.483090       2.664200       3.535900      -4.406000       5.220250      -0.814250      -4.964250      -2.442250      -4.885750   26
     119.820099      -0.437900       2.664200       3.151600      -2.798500       3.499000      -0.700500      -4.774500      -2.187000      -4.937500   26
     119.818527      -0.392700       2.664200       2.765600      -1.614000       2.263000      -0.649000      -3.258250      -1.732250      -5.490750   26
     119.816963      -0.347510       2.664200       2.773700      -1.079750       1.675000      -0.595250      -1.936250      -1.658750      -6.278500   26
     119.815399      -0.302320       2.664200       2.969500      -0.996000       1.493500      -0.497500      -1.077250      -1.743250      -7.019500   26
     119.813828      -0.257130       2.664200       3.072500      -1.260500       1.578250      -0.317750       0.035500      -2.054250      -7.317250   26
     119.812263      -0.211940       2.664200       2.961800      -1.387250       1.483000      -0.095750       0.862750      -2.245250      -6.996000   26
     119.810692      -0.166750       2.664200       2.631600      -1.454250       1.409250       0.045000       0.796750      -2.299250      -6.105500   26
     119.809128      -0.121560       2.664200       2.284500      -1.495750       1.374000       0.121750      -0.125500      -2.722750      -4.841751   26
     119.807564      -0.076370       2.664200       2.035800      -1.297750       1.063000       0.234750      -1.687000      -2.910000      -3.753250   26
     119.806000      -0.031180       2.664200       1.874300      -0.821500       0.430750       0.390750      -3.222000      -2.256250      -3.019750   26
     119.804428       0.014020       2.664200       1.808100       0.306250      -0.619250       0.313000      -3.810500      -1.182250      -2.359000   26
     119.802856       0.059210       2.664200       1.488200       0.965250      -1.090000       0.124750      -3.079750       0.063750      -1.828250   26
     119.801300       0.104400       2.664200       0.979600       0.265500      -0.123000      -0.142500      -1.885750       0.957000      -1.449500   26
     119.799728       0.149590       2.664200       0.833400      -0.778750       1.094250      -0.315500      -0.834000       1.296000      -1.076000   26
     119.798172       0.194780       2.664200       0.619200      -7.852500       9.955000      -2.102500      -5.475000       9.252500      -6.585000   26
