      xloc      yloc          depth         ave SR         max SR         #     start       end     max SR all       str       dip      rake flag
   -185.00    -15.00      26.003710       0.000000       0.000000        14      13.0      14.0       0.633608   180.000    45.000    90.000    0     119.952240      -1.926360
   -185.00    -10.00      21.335800       0.000000       0.000000        14      13.0      14.0       0.633608   180.000    45.000    90.000    0     119.936150      -1.926930
   -185.00     -5.00      16.667900       0.000000       0.000000        14      13.0      14.0       0.633608   180.000    45.000    90.000    0     119.920059      -1.927490
   -185.00      0.00      12.000000       0.000000       0.000000        14      13.0      14.0       0.633608   180.000    45.000    90.000    0     119.903961      -1.928060
   -185.00      5.00       7.332100       0.000000       0.000000        14      13.0      14.0       0.633608   180.000    45.000    90.000    0     119.887871      -1.928620
   -185.00     10.00       2.664200       0.000000       0.000000        14      13.0      14.0       0.633608   180.000    45.000    90.000    0     119.871780      -1.929190
   -180.00    -15.00      26.003710       0.000000       0.000000        14      13.0      14.0       0.633608   180.000    45.000    90.000    0     119.950684      -1.881170
   -180.00    -10.00      21.335800       0.000000       0.000000        14      13.0      14.0       0.633608   180.000    45.000    90.000    0     119.934578      -1.881740
   -180.00     -5.00      16.667900       0.000000       0.000000        14      13.0      14.0       0.633608   180.000    45.000    90.000    0     119.918488      -1.882300
   -180.00      0.00      12.000000       0.000000       0.000000        14      13.0      14.0       0.633608   180.000    45.000    90.000    0     119.902397      -1.882870
   -180.00      5.00       7.332100       0.000000       0.000000        14      13.0      14.0       0.633608   180.000    45.000    90.000    0     119.886299      -1.883430
   -180.00     10.00       2.664200       0.000000       0.000000        14      13.0      14.0       0.633608   180.000    45.000    90.000    0     119.870209      -1.884000
   -175.00    -15.00      26.003710       0.000000       0.000000        14      13.0      14.0       0.633608   180.000    45.000    90.000    0     119.949112      -1.835980
   -175.00    -10.00      21.335800       0.000000       0.000000        14      13.0      14.0       0.633608   180.000    45.000    90.000    0     119.933006      -1.836550
   -175.00     -5.00      16.667900       0.000000       0.000000        14      13.0      14.0       0.633608   180.000    45.000    90.000    0     119.916924      -1.837110
   -175.00      0.00      12.000000       0.000000       0.000000        14      13.0      14.0       0.633608   180.000    45.000    90.000    0     119.900833      -1.837680
   -175.00      5.00       7.332100       0.000000       0.000000        14      13.0      14.0       0.633608   180.000    45.000    90.000    0     119.884743      -1.838240
   -175.00     10.00       2.664200       0.000000       0.000000        14      13.0      14.0       0.633608   180.000    45.000    90.000    0     119.868637      -1.838810
   -170.00    -15.00      26.003710       0.000000       0.000000        14      13.0      14.0       0.633608   180.000    45.000    90.000    0     119.947540      -1.790790
   -170.00    -10.00      21.335800       0.000000       0.000000        14      13.0      14.0       0.633608   180.000    45.000    90.000    0     119.931450      -1.791360
   -170.00     -5.00      16.667900       0.000000       0.000000        14      13.0      14.0       0.633608   180.000    45.000    90.000    0     119.915352      -1.791920
   -170.00      0.00      12.000000       0.000000       0.000000        14      13.0      14.0       0.633608   180.000    45.000    90.000    0     119.899261      -1.792490
   -170.00      5.00       7.332100       0.000000       0.000000        14      13.0      14.0       0.633608   180.000    45.000    90.000    0     119.883171      -1.793050
   -170.00     10.00       2.664200       0.000000       0.000000        14      13.0      14.0       0.633608   180.000    45.000    90.000    0     119.867081      -1.793620
   -165.00    -15.00      26.003710       0.000000       0.000000        14      13.0      14.0       0.633608   180.000    45.000    90.000    0     119.945969      -1.745600
   -165.00    -10.00      21.335800       0.000000       0.000000        14      13.0      14.0       0.633608   180.000    45.000    90.000    0     119.929878      -1.746170
   -165.00     -5.00      16.667900       0.000000       0.000000        14      13.0      14.0       0.633608   180.000    45.000    90.000    0     119.913788      -1.746730
   -165.00      0.00      12.000000       0.000000       0.000000        14      13.0      14.0       0.633608   180.000    45.000    90.000    0     119.897690      -1.747300
   -165.00      5.00       7.332100       0.000000       0.000000        14      13.0      14.0       0.633608   180.000    45.000    90.000    0     119.881599      -1.747860
   -165.00     10.00       2.664200       0.000000       0.000000        14      13.0      14.0       0.633608   180.000    45.000    90.000    0     119.865509      -1.748430
   -160.00    -15.00      26.003710       0.000000       0.000000        14      13.0      14.0       0.633608   180.000    45.000    90.000    0     119.944397      -1.700410
   -160.00    -10.00      21.335800       0.000000       0.000000        14      13.0      14.0       0.633608   180.000    45.000    90.000    0     119.928307      -1.700980
   -160.00     -5.00      16.667900       0.000000       0.000000        14      13.0      14.0       0.633608   180.000    45.000    90.000    0     119.912216      -1.701540
   -160.00      0.00      12.000000       0.000000       0.000000        14      13.0      14.0       0.633608   180.000    45.000    90.000    0     119.896133      -1.702110
   -160.00      5.00       7.332100       0.000000       0.000000        14      13.0      14.0       0.633608   180.000    45.000    90.000    0     119.880028      -1.702670
   -160.00     10.00       2.664200       0.000000       0.000000        14      13.0      14.0       0.633608   180.000    45.000    90.000    0     119.863937      -1.703240
   -155.00    -15.00      26.003710       0.000000       0.000000        14      13.0      14.0       0.633608   180.000    45.000    90.000    0     119.942841      -1.655220
   -155.00    -10.00      21.335800       0.000000       0.000000        14      13.0      14.0       0.633608   180.000    45.000    90.000    0     119.926743      -1.655790
   -155.00     -5.00      16.667900       0.000000       0.000000        14      13.0      14.0       0.633608   180.000    45.000    90.000    0     119.910652      -1.656350
   -155.00      0.00      12.000000       0.000000       0.000000        14      13.0      14.0       0.633608   180.000    45.000    90.000    0     119.894562      -1.656920
   -155.00      5.00       7.332100       0.000000       0.000000        14      13.0      14.0       0.633608   180.000    45.000    90.000    0     119.878471      -1.657480
   -155.00     10.00       2.664200       0.000000       0.000000        14      13.0      14.0       0.633608   180.000    45.000    90.000    0     119.862373      -1.658050
   -150.00    -15.00      26.003710       0.000000       0.000000        14      13.0      14.0       0.633608   180.000    45.000    90.000    0     119.941269      -1.610030
   -150.00    -10.00      21.335800       0.000000       0.000000        14      13.0      14.0       0.633608   180.000    45.000    90.000    0     119.925179      -1.610590
   -150.00     -5.00      16.667900       0.000000       0.000000        14      13.0      14.0       0.633608   180.000    45.000    90.000    0     119.909081      -1.611160
   -150.00      0.00      12.000000       0.000000       0.000000        14      13.0      14.0       0.633608   180.000    45.000    90.000    0     119.892990      -1.611730
   -150.00      5.00       7.332100       0.000000       0.000000        14      13.0      14.0       0.633608   180.000    45.000    90.000    0     119.876900      -1.612290
   -150.00     10.00       2.664200       0.000000       0.000000        14      13.0      14.0       0.633608   180.000    45.000    90.000    0     119.860809      -1.612860
   -145.00    -15.00      26.003710       0.000000       0.000000        14      13.0      14.0       0.633608   180.000    45.000    90.000    0     119.939697      -1.564840
   -145.00    -10.00      21.335800       0.000000       0.000000        14      13.0      14.0       0.633608   180.000    45.000    90.000    0     119.923607      -1.565400
   -145.00     -5.00      16.667900       0.000000       0.000000        14      13.0      14.0       0.633608   180.000    45.000    90.000    0     119.907516      -1.565970
   -145.00      0.00      12.000000       0.000000       0.000000        14      13.0      14.0       0.633608   180.000    45.000    90.000    0     119.891418      -1.566530
   -145.00      5.00       7.332100       0.000000       0.000000        14      13.0      14.0       0.633608   180.000    45.000    90.000    0     119.875328      -1.567100
   -145.00     10.00       2.664200       0.000000       0.000000        14      13.0      14.0       0.633608   180.000    45.000    90.000    0     119.859238      -1.567660
   -140.00    -15.00      26.003710       0.000000       0.000000        14      13.0      14.0       0.633608   180.000    45.000    90.000    0     119.938133      -1.519650
   -140.00    -10.00      21.335800       0.000000       0.000000        14      13.0      14.0       0.633608   180.000    45.000    90.000    0     119.922043      -1.520210
   -140.00     -5.00      16.667900       0.000000       0.000000        14      13.0      14.0       0.633608   180.000    45.000    90.000    0     119.905952      -1.520780
   -140.00      0.00      12.000000       0.000000       0.000000        14      13.0      14.0       0.633608   180.000    45.000    90.000    0     119.889862      -1.521340
   -140.00      5.00       7.332100       0.000000       0.000000        14      13.0      14.0       0.633608   180.000    45.000    90.000    0     119.873772      -1.521910
   -140.00     10.00       2.664200       0.000000       0.000000        14      13.0      14.0       0.633608   180.000    45.000    90.000    0     119.857681      -1.522470
   -135.00    -15.00      26.003710       0.000000       0.000000        14      13.0      14.0       0.633608   180.000    45.000    90.000    0     119.936562      -1.474460
   -135.00    -10.00      21.335800       0.000000       0.000000        14      13.0      14.0       0.633608   180.000    45.000    90.000    0     119.920471      -1.475020
   -135.00     -5.00      16.667900       0.000000       0.000000        14      13.0      14.0       0.633608   180.000    45.000    90.000    0     119.904381      -1.475590
   -135.00      0.00      12.000000       0.000000       0.000000        14      13.0      14.0       0.633608   180.000    45.000    90.000    0     119.888290      -1.476150
   -135.00      5.00       7.332100       0.000000       0.000000        14      13.0      14.0       0.633608   180.000    45.000    90.000    0     119.872200      -1.476720
   -135.00     10.00       2.664200       0.000000       0.000000        14      13.0      14.0       0.633608   180.000    45.000    90.000    0     119.856110      -1.477280
   -130.00    -15.00      26.003710       0.000000       0.000000        14      13.0      14.0       0.633608   180.000    45.000    90.000    0     119.934998      -1.429270
   -130.00    -10.00      21.335800       0.000000       0.000000        14      13.0      14.0       0.633608   180.000    45.000    90.000    0     119.918907      -1.429830
   -130.00     -5.00      16.667900       0.000000       0.000000        14      13.0      14.0       0.633608   180.000    45.000    90.000    0     119.902809      -1.430400
   -130.00      0.00      12.000000       0.000000       0.000000        14      13.0      14.0       0.633608   180.000    45.000    90.000    0     119.886719      -1.430960
   -130.00      5.00       7.332100       0.000000       0.000000        14      13.0      14.0       0.633608   180.000    45.000    90.000    0     119.870628      -1.431530
   -130.00     10.00       2.664200       0.000000       0.000000        14      13.0      14.0       0.633608   180.000    45.000    90.000    0     119.854538      -1.432090
   -125.00    -15.00      26.003710       0.000000       0.000000        14      13.0      14.0       0.633608   180.000    45.000    90.000    0     119.933434      -1.384080
   -125.00    -10.00      21.335800       0.000000       0.000000        14      13.0      14.0       0.633608   180.000    45.000    90.000    0     119.917343      -1.384640
   -125.00     -5.00      16.667900       0.000000       0.000000        14      13.0      14.0       0.633608   180.000    45.000    90.000    0     119.901253      -1.385210
   -125.00      0.00      12.000000       0.000000       0.000000        14      13.0      14.0       0.633608   180.000    45.000    90.000    0     119.885162      -1.385770
   -125.00      5.00       7.332100       0.000000       0.000000        14      13.0      14.0       0.633608   180.000    45.000    90.000    0     119.869072      -1.386340
   -125.00     10.00       2.664200       0.000000       0.000000        14      13.0      14.0       0.633608   180.000    45.000    90.000    0     119.852982      -1.386900
   -120.00    -15.00      26.003710       0.000000       0.000000        14      13.0      14.0       0.633608   180.000    45.000    90.000    0     119.931862      -1.338890
   -120.00    -10.00      21.335800       0.000000       0.000000        14      13.0      14.0       0.633608   180.000    45.000    90.000    0     119.915771      -1.339450
   -120.00     -5.00      16.667900       0.000000       0.000000        14      13.0      14.0       0.633608   180.000    45.000    90.000    0     119.899681      -1.340020
   -120.00      0.00      12.000000       0.000000       0.000000        14      13.0      14.0       0.633608   180.000    45.000    90.000    0     119.883591      -1.340580
   -120.00      5.00       7.332100       0.000000       0.000000        14      13.0      14.0       0.633608   180.000    45.000    90.000    0     119.867500      -1.341150
   -120.00     10.00       2.664200       0.000000       0.000000        14      13.0      14.0       0.633608   180.000    45.000    90.000    0     119.851410      -1.341710
   -115.00    -15.00      26.003710       0.000000       0.000000        14      13.0      14.0       0.633608   180.000    45.000    90.000    0     119.930290      -1.293690
   -115.00    -10.00      21.335800       0.000000       0.000000        14      13.0      14.0       0.633608   180.000    45.000    90.000    0     119.914200      -1.294260
   -115.00     -5.00      16.667900       0.000000       0.000000        14      13.0      14.0       0.633608   180.000    45.000    90.000    0     119.898109      -1.294830
   -115.00      0.00      12.000000       0.000000       0.000000        14      13.0      14.0       0.633608   180.000    45.000    90.000    0     119.882019      -1.295390
   -115.00      5.00       7.332100       0.000000       0.000000        14      13.0      14.0       0.633608   180.000    45.000    90.000    0     119.865929      -1.295960
   -115.00     10.00       2.664200       0.000000       0.000000        14      13.0      14.0       0.633608   180.000    45.000    90.000    0     119.849838      -1.296520
   -110.00    -15.00      26.003710       0.000000       0.000000        14      13.0      14.0       0.633608   180.000    45.000    90.000    0     119.928726      -1.248500
   -110.00    -10.00      21.335800       0.000000       0.000000        14      13.0      14.0       0.633608   180.000    45.000    90.000    0     119.912643      -1.249070
   -110.00     -5.00      16.667900       0.000000       0.000000        14      13.0      14.0       0.633608   180.000    45.000    90.000    0     119.896553      -1.249630
   -110.00      0.00      12.000000       0.000000       0.000000        14      13.0      14.0       0.633608   180.000    45.000    90.000    0     119.880463      -1.250200
   -110.00      5.00       7.332100       0.000000       0.000000        14      13.0      14.0       0.633608   180.000    45.000    90.000    0     119.864372      -1.250760
   -110.00     10.00       2.664200       0.000000       0.000000        14      13.0      14.0       0.633608   180.000    45.000    90.000    0     119.848282      -1.251330
   -105.00    -15.00      26.003710       0.000000       0.000000        14      13.0      14.0       0.633608   180.000    45.000    90.000    0     119.927162      -1.203310
   -105.00    -10.00      21.335800       0.000000       0.000000        14      13.0      14.0       0.633608   180.000    45.000    90.000    0     119.911072      -1.203880
   -105.00     -5.00      16.667900       0.000000       0.000000        14      13.0      14.0       0.633608   180.000    45.000    90.000    0     119.894981      -1.204440
   -105.00      0.00      12.000000       0.000000       0.000000        14      13.0      14.0       0.633608   180.000    45.000    90.000    0     119.878891      -1.205010
   -105.00      5.00       7.332100       0.000000       0.000000        14      13.0      14.0       0.633608   180.000    45.000    90.000    0     119.862801      -1.205570
   -105.00     10.00       2.664200       0.000000       0.000000        14      13.0      14.0       0.633608   180.000    45.000    90.000    0     119.846710      -1.206140
   -100.00    -15.00      26.003710       0.000000       0.000000        14      13.0      14.0       0.633608   180.000    45.000    90.000    0     119.925591      -1.158120
   -100.00    -10.00      21.335800       0.000000       0.000000        14      13.0      14.0       0.633608   180.000    45.000    90.000    0     119.909500      -1.158690
   -100.00     -5.00      16.667900       0.000000       0.000000        14      13.0      14.0       0.633608   180.000    45.000    90.000    0     119.893410      -1.159250
   -100.00      0.00      12.000000       0.000000       0.000000        14      13.0      14.0       0.633608   180.000    45.000    90.000    0     119.877319      -1.159820
   -100.00      5.00       7.332100       0.000000       0.000000        14      13.0      14.0       0.633608   180.000    45.000    90.000    0     119.861229      -1.160380
   -100.00     10.00       2.664200       0.000000       0.000000        14      13.0      14.0       0.633608   180.000    45.000    90.000    0     119.845207      -1.160950
    -95.00    -15.00      26.003710       0.000000       0.000000        14      13.0      14.0       0.633608   180.000    45.000    90.000    0     119.924026      -1.112930
    -95.00    -10.00      21.335800       0.000000       0.000000        14      13.0      14.0       0.633608   180.000    45.000    90.000    0     119.907944      -1.113500
    -95.00     -5.00      16.667900       0.000000       0.000000        14      13.0      14.0       0.633608   180.000    45.000    90.000    0     119.891853      -1.114060
    -95.00      0.00      12.000000       0.000000       0.000000        14      13.0      14.0       0.633608   180.000    45.000    90.000    0     119.875763      -1.114630
    -95.00      5.00       7.332100       0.000000       0.000000        14      13.0      14.0       0.633608   180.000    45.000    90.000    0     119.859673      -1.115190
    -95.00     10.00       2.664200       0.000000       0.000000        14      13.0      14.0       0.633608   180.000    45.000    90.000    0     119.843643      -1.115760
    -90.00    -15.00      26.003710       0.000000       0.000000        14      13.0      14.0       0.633608   180.000    45.000    90.000    0     119.922462      -1.067740
    -90.00    -10.00      21.335800       0.000000       0.000000        14      13.0      14.0       0.633608   180.000    45.000    90.000    0     119.906372      -1.068310
    -90.00     -5.00      16.667900       0.000000       0.000000        14      13.0      14.0       0.633608   180.000    45.000    90.000    0     119.890282      -1.068870
    -90.00      0.00      12.000000       0.000000       0.000000        14      13.0      14.0       0.633608   180.000    45.000    90.000    0     119.874191      -1.069440
    -90.00      5.00       7.332100       0.000000       0.000000        14      13.0      14.0       0.633608   180.000    45.000    90.000    0     119.858101      -1.070000
    -90.00     10.00       2.664200       0.000000       0.000000        14      13.0      14.0       0.633608   180.000    45.000    90.000    0     119.842072      -1.070570
    -85.00    -15.00      26.003710       0.000000       0.000000        14      13.0      14.0       0.633608   180.000    45.000    90.000    0     119.920891      -1.022550
    -85.00    -10.00      21.335800       0.000000       0.000000        14      13.0      14.0       0.633608   180.000    45.000    90.000    0     119.904800      -1.023120
    -85.00     -5.00      16.667900       0.000000       0.000000        14      13.0      14.0       0.633608   180.000    45.000    90.000    0     119.888710      -1.023680
    -85.00      0.00      12.000000       0.000000       0.000000        14      13.0      14.0       0.633608   180.000    45.000    90.000    0     119.872620      -1.024250
    -85.00      5.00       7.332100       0.000000       0.000000        14      13.0      14.0       0.633608   180.000    45.000    90.000    0     119.856537      -1.024810
    -85.00     10.00       2.664200       0.000000       0.000000        14      13.0      14.0       0.633608   180.000    45.000    90.000    0     119.840500      -1.025380
    -80.00    -15.00      26.003710       0.000000       0.000000        14      13.0      14.0       0.633608   180.000    45.000    90.000    0     119.919319      -0.977360
    -80.00    -10.00      21.335800       0.000000       0.000000        14      13.0      14.0       0.633608   180.000    45.000    90.000    0     119.903236      -0.977920
    -80.00     -5.00      16.667900       0.000000       0.000000        14      13.0      14.0       0.633608   180.000    45.000    90.000    0     119.887154      -0.978490
    -80.00      0.00      12.000000       0.000000       0.000000        14      13.0      14.0       0.633608   180.000    45.000    90.000    0     119.871063      -0.979050
    -80.00      5.00       7.332100       0.000000       0.000000        14      13.0      14.0       0.633608   180.000    45.000    90.000    0     119.854973      -0.979620
    -80.00     10.00       2.664200       0.000000       0.000000        14      13.0      14.0       0.633608   180.000    45.000    90.000    0     119.838928      -0.980190
    -75.00    -15.00      26.003710       0.000000       0.000000        14      13.0      14.0       0.633608   180.000    45.000    90.000    0     119.917763      -0.932170
    -75.00    -10.00      21.335800       0.000000       0.000000        14      13.0      14.0       0.633608   180.000    45.000    90.000    0     119.901672      -0.932730
    -75.00     -5.00      16.667900       0.000000       0.000000        14      13.0      14.0       0.633608   180.000    45.000    90.000    0     119.885582      -0.933300
    -75.00      0.00      12.000000       0.000000       0.000000        14      13.0      14.0       0.633608   180.000    45.000    90.000    0     119.869492      -0.933860
    -75.00      5.00       7.332100       0.000000       0.000000        14      13.0      14.0       0.633608   180.000    45.000    90.000    0     119.853401      -0.934430
    -75.00     10.00       2.664200       0.000000       0.000000        14      13.0      14.0       0.633608   180.000    45.000    90.000    0     119.837357      -0.934990
    -70.00    -15.00      26.003710       0.000000       0.000000        14      13.0      14.0       0.633608   180.000    45.000    90.000    0     119.916191      -0.886980
    -70.00    -10.00      21.335800       0.000000       0.000000        14      13.0      14.0       0.633608   180.000    45.000    90.000    0     119.900101      -0.887540
    -70.00     -5.00      16.667900       0.000000       0.000000        14      13.0      14.0       0.633608   180.000    45.000    90.000    0     119.884010      -0.888110
    -70.00      0.00      12.000000       0.000000       0.000000        14      13.0      14.0       0.633608   180.000    45.000    90.000    0     119.867928      -0.888670
    -70.00      5.00       7.332100       0.000000       0.000000        14      13.0      14.0       0.633608   180.000    45.000    90.000    0     119.851837      -0.889240
    -70.00     10.00       2.664200       0.000000       0.000000        14      13.0      14.0       0.633608   180.000    45.000    90.000    0     119.835793      -0.889800
    -65.00    -15.00      26.003710       0.000000       0.000000        14      13.0      14.0       0.633608   180.000    45.000    90.000    0     119.914619      -0.841790
    -65.00    -10.00      21.335800       0.000000       0.000000        14      13.0      14.0       0.633608   180.000    45.000    90.000    0     119.898537      -0.842350
    -65.00     -5.00      16.667900       0.000000       0.000000        14      13.0      14.0       0.633608   180.000    45.000    90.000    0     119.882446      -0.842920
    -65.00      0.00      12.000000       0.000000       0.000000        14      13.0      14.0       0.633608   180.000    45.000    90.000    0     119.866364      -0.843480
    -65.00      5.00       7.332100       0.000000       0.000000        14      13.0      14.0       0.633608   180.000    45.000    90.000    0     119.850273      -0.844050
    -65.00     10.00       2.664200       0.000000       0.000000        14      13.0      14.0       0.633608   180.000    45.000    90.000    0     119.834221      -0.844610
    -60.00    -15.00      26.003710       0.000000       0.000000        14      13.0      14.0       0.633608   180.000    45.000    90.000    0     119.913063      -0.796600
    -60.00    -10.00      21.335800       0.014372       0.014372        14      13.0      14.0       0.633608   353.580    84.570    -6.800    0     119.896973      -0.797160
    -60.00     -5.00      16.667900       0.016931       0.016931        14      13.0      14.0       0.633608   358.450    60.040    38.370    0     119.880882      -0.797730
    -60.00      0.00      12.000000       0.055356       0.055356        14      13.0      14.0       0.633608   329.960    75.020   -46.170    0     119.864792      -0.798290
    -60.00      5.00       7.332100       0.058725       0.058725        14      13.0      14.0       0.633608   329.960    44.700   -19.210    0     119.848701      -0.798860
    -60.00     10.00       2.664200       0.038582       0.038582        14      13.0      14.0       0.633608   338.280    53.450    -8.450    0     119.832657      -0.799420
    -55.00    -15.00      26.003710       0.083657       0.083657        14      13.0      14.0       0.633608     3.390    87.490    24.060    0     119.911491      -0.751410
    -55.00    -10.00      21.335800       0.150759       0.150759        14      13.0      14.0       0.633608   354.650    74.910   -19.890    0     119.895401      -0.751970
    -55.00     -5.00      16.667900       0.186538       0.186538        14      13.0      14.0       0.633608   349.730    75.120   -21.600    0     119.879311      -0.752540
    -55.00      0.00      12.000000       0.171603       0.171603        14      13.0      14.0       0.633608   337.350    73.470   -22.760    0     119.863228      -0.753100
    -55.00      5.00       7.332100       0.237451       0.237451        14      13.0      14.0       0.633608   158.790    70.980    -2.490    0     119.847137      -0.753670
    -55.00     10.00       2.664200       0.230460       0.230460        14      13.0      14.0       0.633608   337.790    78.710   -10.050    0     119.831093      -0.754230
    -50.00    -15.00      26.003710       0.135415       0.135415        14      13.0      14.0       0.633608   350.310    68.160   -10.120    0     119.909920      -0.706210
    -50.00    -10.00      21.335800       0.253106       0.253106        14      13.0      14.0       0.633608   349.360    67.840   -18.110    0     119.893837      -0.706780
    -50.00     -5.00      16.667900       0.318612       0.318612        14      13.0      14.0       0.633608   347.430    72.920   -20.010    0     119.877747      -0.707340
    -50.00      0.00      12.000000       0.338718       0.338718        14      13.0      14.0       0.633608   342.650    77.470   -15.140    0     119.861656      -0.707910
    -50.00      5.00       7.332100       0.395389       0.395389        14      13.0      14.0       0.633608   160.290    82.540    -3.580    0     119.845612      -0.708470
    -50.00     10.00       2.664200       0.407514       0.407514        14      13.0      14.0       0.633608   338.710    78.010   -11.350    0     119.829521      -0.709040
    -45.00    -15.00      26.003710       0.183464       0.183464        14      13.0      14.0       0.633608   346.060    58.150    -9.590    0     119.908363      -0.661020
    -45.00    -10.00      21.335800       0.308463       0.308463        14      13.0      14.0       0.633608   348.570    65.880   -11.460    0     119.892273      -0.661590
    -45.00     -5.00      16.667900       0.394552       0.394552        14      13.0      14.0       0.633608   346.830    72.160   -14.980    0     119.876183      -0.662150
    -45.00      0.00      12.000000       0.447204       0.447204        14      13.0      14.0       0.633608   344.760    80.010    -9.610    0     119.860092      -0.662720
    -45.00      5.00       7.332100       0.493452       0.493452        14      13.0      14.0       0.633608   341.510    85.600    -1.040    0     119.844040      -0.663280
    -45.00     10.00       2.664200       0.512017       0.512017        14      13.0      14.0       0.633608   338.340    71.740   -15.790    0     119.827950      -0.663850
    -40.00    -15.00      26.003710       0.196646       0.196646        14      13.0      14.0       0.633608   347.470    55.150    -3.430    0     119.906792      -0.615830
    -40.00    -10.00      21.335800       0.329965       0.329965        14      13.0      14.0       0.633608   348.520    63.570    -6.520    0     119.890701      -0.616400
    -40.00     -5.00      16.667900       0.409225       0.409225        14      13.0      14.0       0.633608   347.390    73.300    -9.020    0     119.874619      -0.616960
    -40.00      0.00      12.000000       0.475124       0.475124        14      13.0      14.0       0.633608   345.800    79.920    -6.460    0     119.858528      -0.617530
    -40.00      5.00       7.332100       0.522501       0.522501        14      13.0      14.0       0.633608   338.730    63.970   -19.920    0     119.842468      -0.618090
    -40.00     10.00       2.664200       0.544977       0.544977        14      13.0      14.0       0.633608   334.800    60.180   -26.780    0     119.826378      -0.618660
    -35.00    -15.00      26.003710       0.185998       0.185998        14      13.0      14.0       0.633608   349.760    60.940    10.190    0     119.905220      -0.570640
    -35.00    -10.00      21.335800       0.316933       0.316933        14      13.0      14.0       0.633608   349.450    61.650    -2.430    0     119.889137      -0.571210
    -35.00     -5.00      16.667900       0.371784       0.371784        14      13.0      14.0       0.633608   349.060    79.870     0.880    0     119.873047      -0.571770
    -35.00      0.00      12.000000       0.439865       0.439865        14      13.0      14.0       0.633608   344.030    67.150   -16.240    0     119.856956      -0.572340
    -35.00      5.00       7.332100       0.517001       0.517001        14      13.0      14.0       0.633608   330.460    49.770   -37.960    0     119.840897      -0.572900
    -35.00     10.00       2.664200       0.522364       0.522364        14      13.0      14.0       0.633608   329.450    51.370   -37.480    0     119.824806      -0.573470
    -30.00    -15.00      26.003710       0.170349       0.170349        14      13.0      14.0       0.633608   346.280    74.310    29.360    0     119.903664      -0.525450
    -30.00    -10.00      21.335800       0.270391       0.270391        14      13.0      14.0       0.633608   352.270    59.710     3.080    0     119.887573      -0.526020
    -30.00     -5.00      16.667900       0.294646       0.294646        14      13.0      14.0       0.633608   168.520    86.830   -18.510    0     119.871483      -0.526580
    -30.00      0.00      12.000000       0.337440       0.337440        14      13.0      14.0       0.633608   336.590    51.160   -36.460    0     119.855400      -0.527150
    -30.00      5.00       7.332100       0.416349       0.416349        14      13.0      14.0       0.633608   327.960    48.480   -42.680    0     119.839333      -0.527710
    -30.00     10.00       2.664200       0.441842       0.441842        14      13.0      14.0       0.633608   326.730    47.370   -40.730    0     119.823242      -0.528280
    -25.00    -15.00      26.003710       0.145427       0.145427        14      13.0      14.0       0.633608   348.420    73.650    37.400    0     119.902092      -0.480260
    -25.00    -10.00      21.335800       0.199035       0.199035        14      13.0      14.0       0.633608   356.190    56.020     9.910    0     119.886002      -0.480820
    -25.00     -5.00      16.667900       0.186129       0.186129        14      13.0      14.0       0.633608   166.300    81.270   -34.370    0     119.869919      -0.481390
    -25.00      0.00      12.000000       0.203459       0.203459        14      13.0      14.0       0.633608   316.370    39.270   -69.080    0     119.853828      -0.481950
    -25.00      5.00       7.332100       0.270832       0.270832        14      13.0      14.0       0.633608   324.380    48.230   -46.050    0     119.837761      -0.482520
    -25.00     10.00       2.664200       0.297293       0.297293        14      13.0      14.0       0.633608   325.410    44.550   -37.930    0     119.821671      -0.483090
    -20.00    -15.00      26.003710       0.100666       0.100666        14      13.0      14.0       0.633608     1.770    60.560    36.640    0     119.900528      -0.435070
    -20.00    -10.00      21.335800       0.084557       0.084557        14      13.0      14.0       0.633608     8.260    43.140    30.710    0     119.884438      -0.435630
    -20.00     -5.00      16.667900       0.020541       0.020541        14      13.0      14.0       0.633608   124.990    73.850   -85.850    1     119.868347      -0.436200
    -20.00      0.00      12.000000       0.033912       0.033912        14      13.0      14.0       0.633608    97.460    60.640  -103.680    1     119.852257      -0.436760
    -20.00      5.00       7.332100       0.037677       0.037677        14      13.0      14.0       0.633608   319.550    21.990   -26.000    0     119.836189      -0.437330
    -20.00     10.00       2.664200       0.095083       0.095083        14      13.0      14.0       0.633608   323.230    26.250   -18.700    0     119.820099      -0.437900
    -15.00    -15.00      26.003710       0.019557       0.019557        14      13.0      14.0       0.633608   352.090    85.510   -60.690    0     119.898956      -0.389880
    -15.00    -10.00      21.335800       0.000000       0.000000        14      13.0      14.0       0.633608   180.000    45.000    90.000    0     119.882874      -0.390440
    -15.00     -5.00      16.667900       0.000000       0.000000        14      13.0      14.0       0.633608   180.000    45.000    90.000    0     119.866791      -0.391010
    -15.00      0.00      12.000000       0.000000       0.000000        14      13.0      14.0       0.633608   180.000    45.000    90.000    0     119.850700      -0.391570
    -15.00      5.00       7.332100       0.000000       0.000000        14      13.0      14.0       0.633608   180.000    45.000    90.000    0     119.834618      -0.392140
    -15.00     10.00       2.664200       0.000000       0.000000        14      13.0      14.0       0.633608   180.000    45.000    90.000    0     119.818527      -0.392700
    -10.00    -15.00      26.003710       0.000000       0.000000        14      13.0      14.0       0.633608   180.000    45.000    90.000    0     119.897392      -0.344690
    -10.00    -10.00      21.335800       0.000000       0.000000        14      13.0      14.0       0.633608   180.000    45.000    90.000    0     119.881310      -0.345250
    -10.00     -5.00      16.667900       0.000000       0.000000        14      13.0      14.0       0.633608   180.000    45.000    90.000    0     119.865219      -0.345820
    -10.00      0.00      12.000000       0.000000       0.000000        14      13.0      14.0       0.633608   180.000    45.000    90.000    0     119.849129      -0.346380
    -10.00      5.00       7.332100       0.000000       0.000000        14      13.0      14.0       0.633608   180.000    45.000    90.000    0     119.833054      -0.346950
    -10.00     10.00       2.664200       0.000000       0.000000        14      13.0      14.0       0.633608   180.000    45.000    90.000    0     119.816963      -0.347510
     -5.00    -15.00      26.003710       0.000000       0.000000        14      13.0      14.0       0.633608   180.000    45.000    90.000    0     119.895828      -0.299500
     -5.00    -10.00      21.335800       0.000000       0.000000        14      13.0      14.0       0.633608   180.000    45.000    90.000    0     119.879738      -0.300060
     -5.00     -5.00      16.667900       0.000000       0.000000        14      13.0      14.0       0.633608   180.000    45.000    90.000    0     119.863647      -0.300630
     -5.00      0.00      12.000000       0.000000       0.000000        14      13.0      14.0       0.633608   180.000    45.000    90.000    0     119.847572      -0.301190
     -5.00      5.00       7.332100       0.000000       0.000000        14      13.0      14.0       0.633608   180.000    45.000    90.000    0     119.831482      -0.301760
     -5.00     10.00       2.664200       0.000000       0.000000        14      13.0      14.0       0.633608   180.000    45.000    90.000    0     119.815399      -0.302320
      0.00    -15.00      26.003710       0.000000       0.000000        14      13.0      14.0       0.633608   180.000    45.000    90.000    0     119.894257      -0.254300
      0.00    -10.00      21.335800       0.000000       0.000000        14      13.0      14.0       0.633608   180.000    45.000    90.000    0     119.878166      -0.254870
      0.00     -5.00      16.667900       0.000000       0.000000        14      13.0      14.0       0.633608   180.000    45.000    90.000    0     119.862091      -0.255430
      0.00      0.00      12.000000       0.000000       0.000000        14      13.0      14.0       0.633608   180.000    45.000    90.000    0     119.846001      -0.256000
      0.00      5.00       7.332100       0.000000       0.000000        14      13.0      14.0       0.633608   180.000    45.000    90.000    0     119.829910      -0.256570
      0.00     10.00       2.664200       0.000000       0.000000        14      13.0      14.0       0.633608   180.000    45.000    90.000    0     119.813828      -0.257130
      5.00    -15.00      26.003710       0.000000       0.000000        14      13.0      14.0       0.633608   180.000    45.000    90.000    0     119.892693      -0.209110
      5.00    -10.00      21.335800       0.000000       0.000000        14      13.0      14.0       0.633608   180.000    45.000    90.000    0     119.876602      -0.209680
      5.00     -5.00      16.667900       0.000000       0.000000        14      13.0      14.0       0.633608   180.000    45.000    90.000    0     119.860519      -0.210240
      5.00      0.00      12.000000       0.000000       0.000000        14      13.0      14.0       0.633608   180.000    45.000    90.000    0     119.844429      -0.210810
      5.00      5.00       7.332100       0.000000       0.000000        14      13.0      14.0       0.633608   180.000    45.000    90.000    0     119.828346      -0.211370
      5.00     10.00       2.664200       0.000000       0.000000        14      13.0      14.0       0.633608   180.000    45.000    90.000    0     119.812263      -0.211940
     10.00    -15.00      26.003710       0.000000       0.000000        14      13.0      14.0       0.633608   180.000    45.000    90.000    0     119.891121      -0.163920
     10.00    -10.00      21.335800       0.000000       0.000000        14      13.0      14.0       0.633608   180.000    45.000    90.000    0     119.875038      -0.164490
     10.00     -5.00      16.667900       0.000000       0.000000        14      13.0      14.0       0.633608   180.000    45.000    90.000    0     119.858948      -0.165050
     10.00      0.00      12.000000       0.000000       0.000000        14      13.0      14.0       0.633608   180.000    45.000    90.000    0     119.842873      -0.165620
     10.00      5.00       7.332100       0.000000       0.000000        14      13.0      14.0       0.633608   180.000    45.000    90.000    0     119.826782      -0.166180
     10.00     10.00       2.664200       0.000000       0.000000        14      13.0      14.0       0.633608   180.000    45.000    90.000    0     119.810692      -0.166750
     15.00    -15.00      26.003710       0.009796       0.009796        14      13.0      14.0       0.633608   127.230    25.600   123.130    1     119.889549      -0.118730
     15.00    -10.00      21.335800       0.000000       0.000000        14      13.0      14.0       0.633608   180.000    45.000    90.000    0     119.873466      -0.119300
     15.00     -5.00      16.667900       0.000000       0.000000        14      13.0      14.0       0.633608   180.000    45.000    90.000    0     119.857384      -0.119860
     15.00      0.00      12.000000       0.000000       0.000000        14      13.0      14.0       0.633608   180.000    45.000    90.000    0     119.841301      -0.120430
     15.00      5.00       7.332100       0.000000       0.000000        14      13.0      14.0       0.633608   180.000    45.000    90.000    0     119.825218      -0.120990
     15.00     10.00       2.664200       0.000000       0.000000        14      13.0      14.0       0.633608   180.000    45.000    90.000    0     119.809128      -0.121560
     20.00    -15.00      26.003710       0.098552       0.098552        14      13.0      14.0       0.633608    68.570    56.800    53.450    1     119.887978      -0.073540
     20.00    -10.00      21.335800       0.056596       0.056596        14      13.0      14.0       0.633608   153.770    10.900     7.770    0     119.871902      -0.074100
     20.00     -5.00      16.667900       0.010181       0.010181        14      13.0      14.0       0.633608   211.590    66.190    44.770    0     119.855812      -0.074670
     20.00      0.00      12.000000       0.015941       0.015941        14      13.0      14.0       0.633608    12.960    46.250     7.780    0     119.839737      -0.075240
     20.00      5.00       7.332100       0.018555       0.018555        14      13.0      14.0       0.633608    72.460    16.910   103.620    1     119.823647      -0.075800
     20.00     10.00       2.664200       0.059402       0.059402        14      13.0      14.0       0.633608    84.860     9.340   125.010    1     119.807564      -0.076370
     25.00    -15.00      26.003710       0.071298       0.071298        14      13.0      14.0       0.633608   200.260    24.850   129.190    0     119.886414      -0.028350
     25.00    -10.00      21.335800       0.114762       0.114762        14      13.0      14.0       0.633608   337.640    39.060    20.240    0     119.870331      -0.028910
     25.00     -5.00      16.667900       0.148477       0.148477        14      13.0      14.0       0.633608     8.100    33.500    51.290    0     119.854240      -0.029480
     25.00      0.00      12.000000       0.150956       0.150956        14      13.0      14.0       0.633608    15.660    26.380    35.680    0     119.838173      -0.030050
     25.00      5.00       7.332100       0.149087       0.149087        14      13.0      14.0       0.633608   357.250    28.840   -12.610    0     119.822083      -0.030610
     25.00     10.00       2.664200       0.145978       0.145978        14      13.0      14.0       0.633608     6.920    29.000     6.590    0     119.806000      -0.031180
     30.00    -15.00      26.003710       0.116831       0.116831        14      13.0      14.0       0.633608   201.970    40.670   128.900    0     119.884850       0.016840
     30.00    -10.00      21.335800       0.210106       0.210106        14      13.0      14.0       0.633608   215.480    62.850   121.530    0     119.868759       0.016280
     30.00     -5.00      16.667900       0.234768       0.234768        14      13.0      14.0       0.633608    11.260    30.210    60.680    0     119.852669       0.015710
     30.00      0.00      12.000000       0.203899       0.203899        14      13.0      14.0       0.633608    30.430    24.600    58.830    0     119.836601       0.015150
     30.00      5.00       7.332100       0.189549       0.189549        14      13.0      14.0       0.633608    14.200    23.040    16.550    0     119.820518       0.014580
     30.00     10.00       2.664200       0.185106       0.185106        14      13.0      14.0       0.633608    17.930    30.340    14.480    0     119.804428       0.014020
     35.00    -15.00      26.003710       0.159078       0.159078        14      13.0      14.0       0.633608   202.470    47.480   130.540    0     119.883278       0.062030
     35.00    -10.00      21.335800       0.259186       0.259186        14      13.0      14.0       0.633608   208.320    59.080   126.590    0     119.867188       0.061470
     35.00     -5.00      16.667900       0.249082       0.249082        14      13.0      14.0       0.633608   213.470    62.370   110.570    0     119.851097       0.060900
     35.00      0.00      12.000000       0.188997       0.188997        14      13.0      14.0       0.633608    16.310    29.310    57.480    0     119.835037       0.060340
     35.00      5.00       7.332100       0.191236       0.191236        14      13.0      14.0       0.633608    21.000    23.230    25.200    0     119.818947       0.059770
     35.00     10.00       2.664200       0.180744       0.180744        14      13.0      14.0       0.633608    22.130    32.420    14.050    0     119.802856       0.059210
     40.00    -15.00      26.003710       0.188757       0.188757        14      13.0      14.0       0.633608   208.080    56.310   143.040    0     119.881706       0.107230
     40.00    -10.00      21.335800       0.261492       0.261492        14      13.0      14.0       0.633608   208.760    61.470   133.270    0     119.865623       0.106660
     40.00     -5.00      16.667900       0.223499       0.223499        14      13.0      14.0       0.633608   209.730    64.190   118.690    0     119.849533       0.106090
     40.00      0.00      12.000000       0.165751       0.165751        14      13.0      14.0       0.633608   344.920    37.720    37.380    0     119.833473       0.105530
     40.00      5.00       7.332100       0.143751       0.143751        14      13.0      14.0       0.633608     6.620    27.870    12.680    0     119.817390       0.104960
     40.00     10.00       2.664200       0.147665       0.147665        14      13.0      14.0       0.633608    18.200    23.070    -5.260    0     119.801300       0.104400
     45.00    -15.00      26.003710       0.191384       0.191384        14      13.0      14.0       0.633608   313.610    66.880    28.740    0     119.880142       0.152420
     45.00    -10.00      21.335800       0.234175       0.234175        14      13.0      14.0       0.633608   316.020    60.340    18.400    0     119.864052       0.151850
     45.00     -5.00      16.667900       0.195415       0.195415        14      13.0      14.0       0.633608   318.190    53.400     9.650    0     119.847961       0.151280
     45.00      0.00      12.000000       0.168680       0.168680        14      13.0      14.0       0.633608   324.630    50.640     6.760    0     119.831909       0.150720
     45.00      5.00       7.332100       0.099988       0.099988        14      13.0      14.0       0.633608   324.170    28.170   -42.850    0     119.815819       0.150150
     45.00     10.00       2.664200       0.134137       0.134137        14      13.0      14.0       0.633608   139.500    76.880   -79.070    0     119.799728       0.149590
     50.00    -15.00      26.003710       0.148007       0.148007        14      13.0      14.0       0.633608   213.170    70.330   162.260    0     119.878571       0.197610
     50.00    -10.00      21.335800       0.156433       0.156433        14      13.0      14.0       0.633608   220.500    88.970   163.320    0     119.862480       0.197040
     50.00     -5.00      16.667900       0.136044       0.136044        14      13.0      14.0       0.633608   312.460    55.640    -4.650    1     119.846390       0.196470
     50.00      0.00      12.000000       0.141036       0.141036        14      13.0      14.0       0.633608   319.180    49.940    -9.140    0     119.830338       0.195910
     50.00      5.00       7.332100       0.087692       0.087692        14      13.0      14.0       0.633608   108.660    48.390   -84.630    1     119.814247       0.195340
     50.00     10.00       2.664200       0.098020       0.098020        14      13.0      14.0       0.633608   137.860    70.750   -71.760    0     119.798172       0.194780
