      xloc      yloc          depth         ave SR         max SR         #     start       end     max SR all       str       dip      rake flag
   -185.00    -15.00      26.003710       0.000000       0.000000        11      10.0      11.0       0.572369   180.000    45.000    90.000    0     119.952240      -1.926360
   -185.00    -10.00      21.335800       0.000000       0.000000        11      10.0      11.0       0.572369   180.000    45.000    90.000    0     119.936150      -1.926930
   -185.00     -5.00      16.667900       0.000000       0.000000        11      10.0      11.0       0.572369   180.000    45.000    90.000    0     119.920059      -1.927490
   -185.00      0.00      12.000000       0.000000       0.000000        11      10.0      11.0       0.572369   180.000    45.000    90.000    0     119.903961      -1.928060
   -185.00      5.00       7.332100       0.000000       0.000000        11      10.0      11.0       0.572369   180.000    45.000    90.000    0     119.887871      -1.928620
   -185.00     10.00       2.664200       0.000000       0.000000        11      10.0      11.0       0.572369   180.000    45.000    90.000    0     119.871780      -1.929190
   -180.00    -15.00      26.003710       0.000000       0.000000        11      10.0      11.0       0.572369   180.000    45.000    90.000    0     119.950684      -1.881170
   -180.00    -10.00      21.335800       0.000000       0.000000        11      10.0      11.0       0.572369   180.000    45.000    90.000    0     119.934578      -1.881740
   -180.00     -5.00      16.667900       0.000000       0.000000        11      10.0      11.0       0.572369   180.000    45.000    90.000    0     119.918488      -1.882300
   -180.00      0.00      12.000000       0.000000       0.000000        11      10.0      11.0       0.572369   180.000    45.000    90.000    0     119.902397      -1.882870
   -180.00      5.00       7.332100       0.000000       0.000000        11      10.0      11.0       0.572369   180.000    45.000    90.000    0     119.886299      -1.883430
   -180.00     10.00       2.664200       0.000000       0.000000        11      10.0      11.0       0.572369   180.000    45.000    90.000    0     119.870209      -1.884000
   -175.00    -15.00      26.003710       0.000000       0.000000        11      10.0      11.0       0.572369   180.000    45.000    90.000    0     119.949112      -1.835980
   -175.00    -10.00      21.335800       0.000000       0.000000        11      10.0      11.0       0.572369   180.000    45.000    90.000    0     119.933006      -1.836550
   -175.00     -5.00      16.667900       0.000000       0.000000        11      10.0      11.0       0.572369   180.000    45.000    90.000    0     119.916924      -1.837110
   -175.00      0.00      12.000000       0.000000       0.000000        11      10.0      11.0       0.572369   180.000    45.000    90.000    0     119.900833      -1.837680
   -175.00      5.00       7.332100       0.000000       0.000000        11      10.0      11.0       0.572369   180.000    45.000    90.000    0     119.884743      -1.838240
   -175.00     10.00       2.664200       0.000000       0.000000        11      10.0      11.0       0.572369   180.000    45.000    90.000    0     119.868637      -1.838810
   -170.00    -15.00      26.003710       0.000000       0.000000        11      10.0      11.0       0.572369   180.000    45.000    90.000    0     119.947540      -1.790790
   -170.00    -10.00      21.335800       0.000000       0.000000        11      10.0      11.0       0.572369   180.000    45.000    90.000    0     119.931450      -1.791360
   -170.00     -5.00      16.667900       0.000000       0.000000        11      10.0      11.0       0.572369   180.000    45.000    90.000    0     119.915352      -1.791920
   -170.00      0.00      12.000000       0.000000       0.000000        11      10.0      11.0       0.572369   180.000    45.000    90.000    0     119.899261      -1.792490
   -170.00      5.00       7.332100       0.000000       0.000000        11      10.0      11.0       0.572369   180.000    45.000    90.000    0     119.883171      -1.793050
   -170.00     10.00       2.664200       0.000000       0.000000        11      10.0      11.0       0.572369   180.000    45.000    90.000    0     119.867081      -1.793620
   -165.00    -15.00      26.003710       0.000000       0.000000        11      10.0      11.0       0.572369   180.000    45.000    90.000    0     119.945969      -1.745600
   -165.00    -10.00      21.335800       0.000000       0.000000        11      10.0      11.0       0.572369   180.000    45.000    90.000    0     119.929878      -1.746170
   -165.00     -5.00      16.667900       0.000000       0.000000        11      10.0      11.0       0.572369   180.000    45.000    90.000    0     119.913788      -1.746730
   -165.00      0.00      12.000000       0.000000       0.000000        11      10.0      11.0       0.572369   180.000    45.000    90.000    0     119.897690      -1.747300
   -165.00      5.00       7.332100       0.000000       0.000000        11      10.0      11.0       0.572369   180.000    45.000    90.000    0     119.881599      -1.747860
   -165.00     10.00       2.664200       0.000000       0.000000        11      10.0      11.0       0.572369   180.000    45.000    90.000    0     119.865509      -1.748430
   -160.00    -15.00      26.003710       0.000000       0.000000        11      10.0      11.0       0.572369   180.000    45.000    90.000    0     119.944397      -1.700410
   -160.00    -10.00      21.335800       0.000000       0.000000        11      10.0      11.0       0.572369   180.000    45.000    90.000    0     119.928307      -1.700980
   -160.00     -5.00      16.667900       0.000000       0.000000        11      10.0      11.0       0.572369   180.000    45.000    90.000    0     119.912216      -1.701540
   -160.00      0.00      12.000000       0.000000       0.000000        11      10.0      11.0       0.572369   180.000    45.000    90.000    0     119.896133      -1.702110
   -160.00      5.00       7.332100       0.000000       0.000000        11      10.0      11.0       0.572369   180.000    45.000    90.000    0     119.880028      -1.702670
   -160.00     10.00       2.664200       0.000000       0.000000        11      10.0      11.0       0.572369   180.000    45.000    90.000    0     119.863937      -1.703240
   -155.00    -15.00      26.003710       0.000000       0.000000        11      10.0      11.0       0.572369   180.000    45.000    90.000    0     119.942841      -1.655220
   -155.00    -10.00      21.335800       0.000000       0.000000        11      10.0      11.0       0.572369   180.000    45.000    90.000    0     119.926743      -1.655790
   -155.00     -5.00      16.667900       0.000000       0.000000        11      10.0      11.0       0.572369   180.000    45.000    90.000    0     119.910652      -1.656350
   -155.00      0.00      12.000000       0.000000       0.000000        11      10.0      11.0       0.572369   180.000    45.000    90.000    0     119.894562      -1.656920
   -155.00      5.00       7.332100       0.000000       0.000000        11      10.0      11.0       0.572369   180.000    45.000    90.000    0     119.878471      -1.657480
   -155.00     10.00       2.664200       0.000000       0.000000        11      10.0      11.0       0.572369   180.000    45.000    90.000    0     119.862373      -1.658050
   -150.00    -15.00      26.003710       0.000000       0.000000        11      10.0      11.0       0.572369   180.000    45.000    90.000    0     119.941269      -1.610030
   -150.00    -10.00      21.335800       0.000000       0.000000        11      10.0      11.0       0.572369   180.000    45.000    90.000    0     119.925179      -1.610590
   -150.00     -5.00      16.667900       0.000000       0.000000        11      10.0      11.0       0.572369   180.000    45.000    90.000    0     119.909081      -1.611160
   -150.00      0.00      12.000000       0.000000       0.000000        11      10.0      11.0       0.572369   180.000    45.000    90.000    0     119.892990      -1.611730
   -150.00      5.00       7.332100       0.000000       0.000000        11      10.0      11.0       0.572369   180.000    45.000    90.000    0     119.876900      -1.612290
   -150.00     10.00       2.664200       0.000000       0.000000        11      10.0      11.0       0.572369   180.000    45.000    90.000    0     119.860809      -1.612860
   -145.00    -15.00      26.003710       0.000000       0.000000        11      10.0      11.0       0.572369   180.000    45.000    90.000    0     119.939697      -1.564840
   -145.00    -10.00      21.335800       0.000000       0.000000        11      10.0      11.0       0.572369   180.000    45.000    90.000    0     119.923607      -1.565400
   -145.00     -5.00      16.667900       0.000000       0.000000        11      10.0      11.0       0.572369   180.000    45.000    90.000    0     119.907516      -1.565970
   -145.00      0.00      12.000000       0.000000       0.000000        11      10.0      11.0       0.572369   180.000    45.000    90.000    0     119.891418      -1.566530
   -145.00      5.00       7.332100       0.000000       0.000000        11      10.0      11.0       0.572369   180.000    45.000    90.000    0     119.875328      -1.567100
   -145.00     10.00       2.664200       0.000000       0.000000        11      10.0      11.0       0.572369   180.000    45.000    90.000    0     119.859238      -1.567660
   -140.00    -15.00      26.003710       0.000000       0.000000        11      10.0      11.0       0.572369   180.000    45.000    90.000    0     119.938133      -1.519650
   -140.00    -10.00      21.335800       0.000000       0.000000        11      10.0      11.0       0.572369   180.000    45.000    90.000    0     119.922043      -1.520210
   -140.00     -5.00      16.667900       0.000000       0.000000        11      10.0      11.0       0.572369   180.000    45.000    90.000    0     119.905952      -1.520780
   -140.00      0.00      12.000000       0.000000       0.000000        11      10.0      11.0       0.572369   180.000    45.000    90.000    0     119.889862      -1.521340
   -140.00      5.00       7.332100       0.000000       0.000000        11      10.0      11.0       0.572369   180.000    45.000    90.000    0     119.873772      -1.521910
   -140.00     10.00       2.664200       0.000000       0.000000        11      10.0      11.0       0.572369   180.000    45.000    90.000    0     119.857681      -1.522470
   -135.00    -15.00      26.003710       0.000000       0.000000        11      10.0      11.0       0.572369   180.000    45.000    90.000    0     119.936562      -1.474460
   -135.00    -10.00      21.335800       0.000000       0.000000        11      10.0      11.0       0.572369   180.000    45.000    90.000    0     119.920471      -1.475020
   -135.00     -5.00      16.667900       0.000000       0.000000        11      10.0      11.0       0.572369   180.000    45.000    90.000    0     119.904381      -1.475590
   -135.00      0.00      12.000000       0.000000       0.000000        11      10.0      11.0       0.572369   180.000    45.000    90.000    0     119.888290      -1.476150
   -135.00      5.00       7.332100       0.000000       0.000000        11      10.0      11.0       0.572369   180.000    45.000    90.000    0     119.872200      -1.476720
   -135.00     10.00       2.664200       0.000000       0.000000        11      10.0      11.0       0.572369   180.000    45.000    90.000    0     119.856110      -1.477280
   -130.00    -15.00      26.003710       0.000000       0.000000        11      10.0      11.0       0.572369   180.000    45.000    90.000    0     119.934998      -1.429270
   -130.00    -10.00      21.335800       0.000000       0.000000        11      10.0      11.0       0.572369   180.000    45.000    90.000    0     119.918907      -1.429830
   -130.00     -5.00      16.667900       0.000000       0.000000        11      10.0      11.0       0.572369   180.000    45.000    90.000    0     119.902809      -1.430400
   -130.00      0.00      12.000000       0.000000       0.000000        11      10.0      11.0       0.572369   180.000    45.000    90.000    0     119.886719      -1.430960
   -130.00      5.00       7.332100       0.000000       0.000000        11      10.0      11.0       0.572369   180.000    45.000    90.000    0     119.870628      -1.431530
   -130.00     10.00       2.664200       0.000000       0.000000        11      10.0      11.0       0.572369   180.000    45.000    90.000    0     119.854538      -1.432090
   -125.00    -15.00      26.003710       0.000000       0.000000        11      10.0      11.0       0.572369   180.000    45.000    90.000    0     119.933434      -1.384080
   -125.00    -10.00      21.335800       0.000000       0.000000        11      10.0      11.0       0.572369   180.000    45.000    90.000    0     119.917343      -1.384640
   -125.00     -5.00      16.667900       0.000000       0.000000        11      10.0      11.0       0.572369   180.000    45.000    90.000    0     119.901253      -1.385210
   -125.00      0.00      12.000000       0.000000       0.000000        11      10.0      11.0       0.572369   180.000    45.000    90.000    0     119.885162      -1.385770
   -125.00      5.00       7.332100       0.000000       0.000000        11      10.0      11.0       0.572369   180.000    45.000    90.000    0     119.869072      -1.386340
   -125.00     10.00       2.664200       0.000000       0.000000        11      10.0      11.0       0.572369   180.000    45.000    90.000    0     119.852982      -1.386900
   -120.00    -15.00      26.003710       0.000000       0.000000        11      10.0      11.0       0.572369   180.000    45.000    90.000    0     119.931862      -1.338890
   -120.00    -10.00      21.335800       0.000000       0.000000        11      10.0      11.0       0.572369   180.000    45.000    90.000    0     119.915771      -1.339450
   -120.00     -5.00      16.667900       0.000000       0.000000        11      10.0      11.0       0.572369   180.000    45.000    90.000    0     119.899681      -1.340020
   -120.00      0.00      12.000000       0.000000       0.000000        11      10.0      11.0       0.572369   180.000    45.000    90.000    0     119.883591      -1.340580
   -120.00      5.00       7.332100       0.000000       0.000000        11      10.0      11.0       0.572369   180.000    45.000    90.000    0     119.867500      -1.341150
   -120.00     10.00       2.664200       0.000000       0.000000        11      10.0      11.0       0.572369   180.000    45.000    90.000    0     119.851410      -1.341710
   -115.00    -15.00      26.003710       0.000000       0.000000        11      10.0      11.0       0.572369   180.000    45.000    90.000    0     119.930290      -1.293690
   -115.00    -10.00      21.335800       0.000000       0.000000        11      10.0      11.0       0.572369   180.000    45.000    90.000    0     119.914200      -1.294260
   -115.00     -5.00      16.667900       0.000000       0.000000        11      10.0      11.0       0.572369   180.000    45.000    90.000    0     119.898109      -1.294830
   -115.00      0.00      12.000000       0.000000       0.000000        11      10.0      11.0       0.572369   180.000    45.000    90.000    0     119.882019      -1.295390
   -115.00      5.00       7.332100       0.000000       0.000000        11      10.0      11.0       0.572369   180.000    45.000    90.000    0     119.865929      -1.295960
   -115.00     10.00       2.664200       0.000000       0.000000        11      10.0      11.0       0.572369   180.000    45.000    90.000    0     119.849838      -1.296520
   -110.00    -15.00      26.003710       0.000000       0.000000        11      10.0      11.0       0.572369   180.000    45.000    90.000    0     119.928726      -1.248500
   -110.00    -10.00      21.335800       0.000000       0.000000        11      10.0      11.0       0.572369   180.000    45.000    90.000    0     119.912643      -1.249070
   -110.00     -5.00      16.667900       0.000000       0.000000        11      10.0      11.0       0.572369   180.000    45.000    90.000    0     119.896553      -1.249630
   -110.00      0.00      12.000000       0.000000       0.000000        11      10.0      11.0       0.572369   180.000    45.000    90.000    0     119.880463      -1.250200
   -110.00      5.00       7.332100       0.000000       0.000000        11      10.0      11.0       0.572369   180.000    45.000    90.000    0     119.864372      -1.250760
   -110.00     10.00       2.664200       0.000000       0.000000        11      10.0      11.0       0.572369   180.000    45.000    90.000    0     119.848282      -1.251330
   -105.00    -15.00      26.003710       0.000000       0.000000        11      10.0      11.0       0.572369   180.000    45.000    90.000    0     119.927162      -1.203310
   -105.00    -10.00      21.335800       0.000000       0.000000        11      10.0      11.0       0.572369   180.000    45.000    90.000    0     119.911072      -1.203880
   -105.00     -5.00      16.667900       0.000000       0.000000        11      10.0      11.0       0.572369   180.000    45.000    90.000    0     119.894981      -1.204440
   -105.00      0.00      12.000000       0.000000       0.000000        11      10.0      11.0       0.572369   180.000    45.000    90.000    0     119.878891      -1.205010
   -105.00      5.00       7.332100       0.000000       0.000000        11      10.0      11.0       0.572369   180.000    45.000    90.000    0     119.862801      -1.205570
   -105.00     10.00       2.664200       0.000000       0.000000        11      10.0      11.0       0.572369   180.000    45.000    90.000    0     119.846710      -1.206140
   -100.00    -15.00      26.003710       0.000000       0.000000        11      10.0      11.0       0.572369   180.000    45.000    90.000    0     119.925591      -1.158120
   -100.00    -10.00      21.335800       0.000000       0.000000        11      10.0      11.0       0.572369   180.000    45.000    90.000    0     119.909500      -1.158690
   -100.00     -5.00      16.667900       0.000000       0.000000        11      10.0      11.0       0.572369   180.000    45.000    90.000    0     119.893410      -1.159250
   -100.00      0.00      12.000000       0.000000       0.000000        11      10.0      11.0       0.572369   180.000    45.000    90.000    0     119.877319      -1.159820
   -100.00      5.00       7.332100       0.000000       0.000000        11      10.0      11.0       0.572369   180.000    45.000    90.000    0     119.861229      -1.160380
   -100.00     10.00       2.664200       0.000000       0.000000        11      10.0      11.0       0.572369   180.000    45.000    90.000    0     119.845207      -1.160950
    -95.00    -15.00      26.003710       0.000000       0.000000        11      10.0      11.0       0.572369   180.000    45.000    90.000    0     119.924026      -1.112930
    -95.00    -10.00      21.335800       0.000000       0.000000        11      10.0      11.0       0.572369   180.000    45.000    90.000    0     119.907944      -1.113500
    -95.00     -5.00      16.667900       0.000000       0.000000        11      10.0      11.0       0.572369   180.000    45.000    90.000    0     119.891853      -1.114060
    -95.00      0.00      12.000000       0.000000       0.000000        11      10.0      11.0       0.572369   180.000    45.000    90.000    0     119.875763      -1.114630
    -95.00      5.00       7.332100       0.000000       0.000000        11      10.0      11.0       0.572369   180.000    45.000    90.000    0     119.859673      -1.115190
    -95.00     10.00       2.664200       0.000000       0.000000        11      10.0      11.0       0.572369   180.000    45.000    90.000    0     119.843643      -1.115760
    -90.00    -15.00      26.003710       0.000000       0.000000        11      10.0      11.0       0.572369   180.000    45.000    90.000    0     119.922462      -1.067740
    -90.00    -10.00      21.335800       0.000000       0.000000        11      10.0      11.0       0.572369   180.000    45.000    90.000    0     119.906372      -1.068310
    -90.00     -5.00      16.667900       0.000000       0.000000        11      10.0      11.0       0.572369   180.000    45.000    90.000    0     119.890282      -1.068870
    -90.00      0.00      12.000000       0.000000       0.000000        11      10.0      11.0       0.572369   180.000    45.000    90.000    0     119.874191      -1.069440
    -90.00      5.00       7.332100       0.000000       0.000000        11      10.0      11.0       0.572369   180.000    45.000    90.000    0     119.858101      -1.070000
    -90.00     10.00       2.664200       0.000000       0.000000        11      10.0      11.0       0.572369   180.000    45.000    90.000    0     119.842072      -1.070570
    -85.00    -15.00      26.003710       0.000000       0.000000        11      10.0      11.0       0.572369   180.000    45.000    90.000    0     119.920891      -1.022550
    -85.00    -10.00      21.335800       0.000000       0.000000        11      10.0      11.0       0.572369   180.000    45.000    90.000    0     119.904800      -1.023120
    -85.00     -5.00      16.667900       0.000000       0.000000        11      10.0      11.0       0.572369   180.000    45.000    90.000    0     119.888710      -1.023680
    -85.00      0.00      12.000000       0.000000       0.000000        11      10.0      11.0       0.572369   180.000    45.000    90.000    0     119.872620      -1.024250
    -85.00      5.00       7.332100       0.000000       0.000000        11      10.0      11.0       0.572369   180.000    45.000    90.000    0     119.856537      -1.024810
    -85.00     10.00       2.664200       0.000000       0.000000        11      10.0      11.0       0.572369   180.000    45.000    90.000    0     119.840500      -1.025380
    -80.00    -15.00      26.003710       0.000000       0.000000        11      10.0      11.0       0.572369   180.000    45.000    90.000    0     119.919319      -0.977360
    -80.00    -10.00      21.335800       0.000000       0.000000        11      10.0      11.0       0.572369   180.000    45.000    90.000    0     119.903236      -0.977920
    -80.00     -5.00      16.667900       0.000000       0.000000        11      10.0      11.0       0.572369   180.000    45.000    90.000    0     119.887154      -0.978490
    -80.00      0.00      12.000000       0.000000       0.000000        11      10.0      11.0       0.572369   180.000    45.000    90.000    0     119.871063      -0.979050
    -80.00      5.00       7.332100       0.000000       0.000000        11      10.0      11.0       0.572369   180.000    45.000    90.000    0     119.854973      -0.979620
    -80.00     10.00       2.664200       0.000000       0.000000        11      10.0      11.0       0.572369   180.000    45.000    90.000    0     119.838928      -0.980190
    -75.00    -15.00      26.003710       0.000000       0.000000        11      10.0      11.0       0.572369   180.000    45.000    90.000    0     119.917763      -0.932170
    -75.00    -10.00      21.335800       0.000000       0.000000        11      10.0      11.0       0.572369   180.000    45.000    90.000    0     119.901672      -0.932730
    -75.00     -5.00      16.667900       0.000000       0.000000        11      10.0      11.0       0.572369   180.000    45.000    90.000    0     119.885582      -0.933300
    -75.00      0.00      12.000000       0.000000       0.000000        11      10.0      11.0       0.572369   180.000    45.000    90.000    0     119.869492      -0.933860
    -75.00      5.00       7.332100       0.000000       0.000000        11      10.0      11.0       0.572369   180.000    45.000    90.000    0     119.853401      -0.934430
    -75.00     10.00       2.664200       0.000000       0.000000        11      10.0      11.0       0.572369   180.000    45.000    90.000    0     119.837357      -0.934990
    -70.00    -15.00      26.003710       0.000000       0.000000        11      10.0      11.0       0.572369   180.000    45.000    90.000    0     119.916191      -0.886980
    -70.00    -10.00      21.335800       0.000000       0.000000        11      10.0      11.0       0.572369   180.000    45.000    90.000    0     119.900101      -0.887540
    -70.00     -5.00      16.667900       0.000000       0.000000        11      10.0      11.0       0.572369   180.000    45.000    90.000    0     119.884010      -0.888110
    -70.00      0.00      12.000000       0.000000       0.000000        11      10.0      11.0       0.572369   180.000    45.000    90.000    0     119.867928      -0.888670
    -70.00      5.00       7.332100       0.000000       0.000000        11      10.0      11.0       0.572369   180.000    45.000    90.000    0     119.851837      -0.889240
    -70.00     10.00       2.664200       0.000000       0.000000        11      10.0      11.0       0.572369   180.000    45.000    90.000    0     119.835793      -0.889800
    -65.00    -15.00      26.003710       0.000000       0.000000        11      10.0      11.0       0.572369   180.000    45.000    90.000    0     119.914619      -0.841790
    -65.00    -10.00      21.335800       0.000000       0.000000        11      10.0      11.0       0.572369   180.000    45.000    90.000    0     119.898537      -0.842350
    -65.00     -5.00      16.667900       0.000000       0.000000        11      10.0      11.0       0.572369   180.000    45.000    90.000    0     119.882446      -0.842920
    -65.00      0.00      12.000000       0.000000       0.000000        11      10.0      11.0       0.572369   180.000    45.000    90.000    0     119.866364      -0.843480
    -65.00      5.00       7.332100       0.000000       0.000000        11      10.0      11.0       0.572369   180.000    45.000    90.000    0     119.850273      -0.844050
    -65.00     10.00       2.664200       0.000000       0.000000        11      10.0      11.0       0.572369   180.000    45.000    90.000    0     119.834221      -0.844610
    -60.00    -15.00      26.003710       0.000000       0.000000        11      10.0      11.0       0.572369   180.000    45.000    90.000    0     119.913063      -0.796600
    -60.00    -10.00      21.335800       0.000000       0.000000        11      10.0      11.0       0.572369   180.000    45.000    90.000    0     119.896973      -0.797160
    -60.00     -5.00      16.667900       0.000000       0.000000        11      10.0      11.0       0.572369   180.000    45.000    90.000    0     119.880882      -0.797730
    -60.00      0.00      12.000000       0.000000       0.000000        11      10.0      11.0       0.572369   180.000    45.000    90.000    0     119.864792      -0.798290
    -60.00      5.00       7.332100       0.000000       0.000000        11      10.0      11.0       0.572369   180.000    45.000    90.000    0     119.848701      -0.798860
    -60.00     10.00       2.664200       0.000000       0.000000        11      10.0      11.0       0.572369   180.000    45.000    90.000    0     119.832657      -0.799420
    -55.00    -15.00      26.003710       0.070326       0.070326        11      10.0      11.0       0.572369   145.670    51.160   -51.220    0     119.911491      -0.751410
    -55.00    -10.00      21.335800       0.044118       0.044118        11      10.0      11.0       0.572369   142.980    38.910   -37.430    0     119.895401      -0.751970
    -55.00     -5.00      16.667900       0.066396       0.066396        11      10.0      11.0       0.572369   347.390    78.740    -0.930    0     119.879311      -0.752540
    -55.00      0.00      12.000000       0.087146       0.087146        11      10.0      11.0       0.572369   163.830    63.560    -9.890    0     119.863228      -0.753100
    -55.00      5.00       7.332100       0.061515       0.061515        11      10.0      11.0       0.572369   184.070    69.640    30.370    0     119.847137      -0.753670
    -55.00     10.00       2.664200       0.073708       0.073708        11      10.0      11.0       0.572369   344.550    84.130   -10.960    0     119.831093      -0.754230
    -50.00    -15.00      26.003710       0.115174       0.115174        11      10.0      11.0       0.572369   155.090    55.030   -39.970    0     119.909920      -0.706210
    -50.00    -10.00      21.335800       0.184621       0.184621        11      10.0      11.0       0.572369   158.640    66.800   -31.430    0     119.893837      -0.706780
    -50.00     -5.00      16.667900       0.205971       0.205971        11      10.0      11.0       0.572369   157.070    78.770   -31.880    0     119.877747      -0.707340
    -50.00      0.00      12.000000       0.187327       0.187327        11      10.0      11.0       0.572369   159.350    85.790   -24.590    0     119.861656      -0.707910
    -50.00      5.00       7.332100       0.176427       0.176427        11      10.0      11.0       0.572369   344.920    76.230   -11.660    0     119.845612      -0.708470
    -50.00     10.00       2.664200       0.198456       0.198456        11      10.0      11.0       0.572369   340.530    72.730   -17.750    0     119.829521      -0.709040
    -45.00    -15.00      26.003710       0.160770       0.160770        11      10.0      11.0       0.572369   163.310    63.750   -25.140    0     119.908363      -0.661020
    -45.00    -10.00      21.335800       0.274339       0.274339        11      10.0      11.0       0.572369   160.560    69.630   -26.740    0     119.892273      -0.661590
    -45.00     -5.00      16.667900       0.285989       0.285989        11      10.0      11.0       0.572369   159.950    84.660   -21.680    0     119.876183      -0.662150
    -45.00      0.00      12.000000       0.280198       0.280198        11      10.0      11.0       0.572369   341.860    79.800     9.870    0     119.860092      -0.662720
    -45.00      5.00       7.332100       0.303166       0.303166        11      10.0      11.0       0.572369   339.020    58.770   -21.250    0     119.844040      -0.663280
    -45.00     10.00       2.664200       0.324913       0.324913        11      10.0      11.0       0.572369   335.910    57.580   -26.650    0     119.827950      -0.663850
    -40.00    -15.00      26.003710       0.190610       0.190610        11      10.0      11.0       0.572369   165.900    69.150   -21.220    0     119.906792      -0.615830
    -40.00    -10.00      21.335800       0.301667       0.301667        11      10.0      11.0       0.572369   163.770    75.030   -18.890    0     119.890701      -0.616400
    -40.00     -5.00      16.667900       0.337565       0.337565        11      10.0      11.0       0.572369   343.790    71.770    -0.970    0     119.874619      -0.616960
    -40.00      0.00      12.000000       0.359057       0.359057        11      10.0      11.0       0.572369   341.130    57.500   -12.550    0     119.858528      -0.617530
    -40.00      5.00       7.332100       0.402537       0.402537        11      10.0      11.0       0.572369   335.890    50.190   -26.980    0     119.842468      -0.618090
    -40.00     10.00       2.664200       0.417781       0.417781        11      10.0      11.0       0.572369   335.080    52.030   -27.850    0     119.826378      -0.618660
    -35.00    -15.00      26.003710       0.189491       0.189491        11      10.0      11.0       0.572369   168.420    73.860   -19.420    0     119.905220      -0.570640
    -35.00    -10.00      21.335800       0.288585       0.288585        11      10.0      11.0       0.572369   348.040    84.940     2.060    0     119.889137      -0.571210
    -35.00     -5.00      16.667900       0.368734       0.368734        11      10.0      11.0       0.572369   343.780    60.800    -9.610    0     119.873047      -0.571770
    -35.00      0.00      12.000000       0.401338       0.401338        11      10.0      11.0       0.572369   341.330    53.170   -15.080    0     119.856956      -0.572340
    -35.00      5.00       7.332100       0.433921       0.433921        11      10.0      11.0       0.572369   337.000    48.810   -25.400    0     119.840897      -0.572900
    -35.00     10.00       2.664200       0.450541       0.450541        11      10.0      11.0       0.572369   336.200    50.740   -26.520    0     119.824806      -0.573470
    -30.00    -15.00      26.003710       0.162353       0.162353        11      10.0      11.0       0.572369   172.730    85.280   -13.160    0     119.903664      -0.525450
    -30.00    -10.00      21.335800       0.270301       0.270301        11      10.0      11.0       0.572369   349.110    66.910    -9.230    0     119.887573      -0.526020
    -30.00     -5.00      16.667900       0.358512       0.358512        11      10.0      11.0       0.572369   345.190    55.860   -10.100    0     119.871483      -0.526580
    -30.00      0.00      12.000000       0.391267       0.391267        11      10.0      11.0       0.572369   343.220    52.310   -13.260    0     119.855400      -0.527150
    -30.00      5.00       7.332100       0.407953       0.407953        11      10.0      11.0       0.572369   339.480    49.580   -22.530    0     119.839333      -0.527710
    -30.00     10.00       2.664200       0.425872       0.425872        11      10.0      11.0       0.572369   338.300    51.220   -24.420    0     119.823242      -0.528280
    -25.00    -15.00      26.003710       0.127121       0.127121        11      10.0      11.0       0.572369   356.820    73.550     1.290    0     119.902092      -0.480260
    -25.00    -10.00      21.335800       0.235912       0.235912        11      10.0      11.0       0.572369   349.880    56.730    -9.320    0     119.886002      -0.480820
    -25.00     -5.00      16.667900       0.316841       0.316841        11      10.0      11.0       0.572369   347.690    49.500    -4.930    0     119.869919      -0.481390
    -25.00      0.00      12.000000       0.336008       0.336008        11      10.0      11.0       0.572369   346.320    51.960    -9.490    0     119.853828      -0.481950
    -25.00      5.00       7.332100       0.341807       0.341807        11      10.0      11.0       0.572369   342.980    52.370   -18.980    0     119.837761      -0.482520
    -25.00     10.00       2.664200       0.359326       0.359326        11      10.0      11.0       0.572369   341.150    53.330   -22.130    0     119.821671      -0.483090
    -20.00    -15.00      26.003710       0.098561       0.098561        11      10.0      11.0       0.572369   359.710    45.810    -6.510    0     119.900528      -0.435070
    -20.00    -10.00      21.335800       0.193020       0.193020        11      10.0      11.0       0.572369     2.120    24.990    26.120    0     119.884438      -0.435630
    -20.00     -5.00      16.667900       0.263657       0.263657        11      10.0      11.0       0.572369   359.580    28.950    21.790    0     119.868347      -0.436200
    -20.00      0.00      12.000000       0.266475       0.266475        11      10.0      11.0       0.572369   349.640    46.780    -3.450    0     119.852257      -0.436760
    -20.00      5.00       7.332100       0.256449       0.256449        11      10.0      11.0       0.572369   347.090    56.350   -16.760    0     119.836189      -0.437330
    -20.00     10.00       2.664200       0.276362       0.276362        11      10.0      11.0       0.572369   343.970    56.300   -21.250    0     119.820099      -0.437900
    -15.00    -15.00      26.003710       0.076483       0.076483        11      10.0      11.0       0.572369     6.020    18.810     2.870    0     119.898956      -0.389880
    -15.00    -10.00      21.335800       0.163051       0.163051        11      10.0      11.0       0.572369    84.440    19.860   115.530    1     119.882874      -0.390440
    -15.00     -5.00      16.667900       0.209492       0.209492        11      10.0      11.0       0.572369    40.220    17.280    68.840    0     119.866791      -0.391010
    -15.00      0.00      12.000000       0.191633       0.191633        11      10.0      11.0       0.572369   354.440    34.930     7.400    0     119.850700      -0.391570
    -15.00      5.00       7.332100       0.177658       0.177658        11      10.0      11.0       0.572369   348.780    57.360   -18.110    0     119.834618      -0.392140
    -15.00     10.00       2.664200       0.199859       0.199859        11      10.0      11.0       0.572369   345.520    58.950   -23.320    0     119.818527      -0.392700
    -10.00    -15.00      26.003710       0.048983       0.048983        11      10.0      11.0       0.572369    87.130    86.080   -87.890    1     119.897392      -0.344690
    -10.00    -10.00      21.335800       0.087272       0.087272        11      10.0      11.0       0.572369   110.710    47.040   119.650    1     119.881310      -0.345250
    -10.00     -5.00      16.667900       0.082654       0.082654        11      10.0      11.0       0.572369    46.570    14.360    65.930    1     119.865219      -0.345820
    -10.00      0.00      12.000000       0.068997       0.068997        11      10.0      11.0       0.572369     9.130    26.650    19.990    0     119.849129      -0.346380
    -10.00      5.00       7.332100       0.067308       0.067308        11      10.0      11.0       0.572369     3.010    88.560   -48.950    0     119.833054      -0.346950
    -10.00     10.00       2.664200       0.125371       0.125371        11      10.0      11.0       0.572369     0.330    82.890   -45.310    0     119.816963      -0.347510
     -5.00    -15.00      26.003710       0.035745       0.035745        11      10.0      11.0       0.572369   134.170    46.180   106.430    0     119.895828      -0.299500
     -5.00    -10.00      21.335800       0.043696       0.043696        11      10.0      11.0       0.572369    70.130    62.220    74.450    1     119.879738      -0.300060
     -5.00     -5.00      16.667900       0.000000       0.000000        11      10.0      11.0       0.572369   180.000    45.000    90.000    0     119.863647      -0.300630
     -5.00      0.00      12.000000       0.000000       0.000000        11      10.0      11.0       0.572369   180.000    45.000    90.000    0     119.847572      -0.301190
     -5.00      5.00       7.332100       0.000000       0.000000        11      10.0      11.0       0.572369   180.000    45.000    90.000    0     119.831482      -0.301760
     -5.00     10.00       2.664200       0.062813       0.062813        11      10.0      11.0       0.572369   206.070    78.680    68.750    0     119.815399      -0.302320
      0.00    -15.00      26.003710       0.105220       0.105220        11      10.0      11.0       0.572369   115.960    54.490   106.990    1     119.894257      -0.254300
      0.00    -10.00      21.335800       0.055173       0.055173        11      10.0      11.0       0.572369    79.000    69.860    76.280    1     119.878166      -0.254870
      0.00     -5.00      16.667900       0.000000       0.000000        11      10.0      11.0       0.572369   180.000    45.000    90.000    0     119.862091      -0.255430
      0.00      0.00      12.000000       0.000000       0.000000        11      10.0      11.0       0.572369   180.000    45.000    90.000    0     119.846001      -0.256000
      0.00      5.00       7.332100       0.000000       0.000000        11      10.0      11.0       0.572369   180.000    45.000    90.000    0     119.829910      -0.256570
      0.00     10.00       2.664200       0.049834       0.049834        11      10.0      11.0       0.572369   192.840    80.460    51.700    0     119.813828      -0.257130
      5.00    -15.00      26.003710       0.136658       0.136658        11      10.0      11.0       0.572369   117.590    40.220   124.630    1     119.892693      -0.209110
      5.00    -10.00      21.335800       0.030294       0.030294        11      10.0      11.0       0.572369    72.320    51.840    56.400    1     119.876602      -0.209680
      5.00     -5.00      16.667900       0.000000       0.000000        11      10.0      11.0       0.572369   180.000    45.000    90.000    0     119.860519      -0.210240
      5.00      0.00      12.000000       0.000000       0.000000        11      10.0      11.0       0.572369   180.000    45.000    90.000    0     119.844429      -0.210810
      5.00      5.00       7.332100       0.000000       0.000000        11      10.0      11.0       0.572369   180.000    45.000    90.000    0     119.828346      -0.211370
      5.00     10.00       2.664200       0.042707       0.042707        11      10.0      11.0       0.572369   178.020    85.100    22.470    0     119.812263      -0.211940
     10.00    -15.00      26.003710       0.160891       0.160891        11      10.0      11.0       0.572369   109.360    33.560   127.480    1     119.891121      -0.163920
     10.00    -10.00      21.335800       0.106056       0.106056        11      10.0      11.0       0.572369   110.780    57.670   127.820    1     119.875038      -0.164490
     10.00     -5.00      16.667900       0.057152       0.057152        11      10.0      11.0       0.572369    99.980    45.760   126.320    1     119.858948      -0.165050
     10.00      0.00      12.000000       0.075060       0.075060        11      10.0      11.0       0.572369   122.630    34.880   -84.440    1     119.842873      -0.165620
     10.00      5.00       7.332100       0.071235       0.071235        11      10.0      11.0       0.572369   167.940    77.490   -30.750    0     119.826782      -0.166180
     10.00     10.00       2.664200       0.088639       0.088639        11      10.0      11.0       0.572369   174.720    88.990     0.060    0     119.810692      -0.166750
     15.00    -15.00      26.003710       0.135475       0.135475        11      10.0      11.0       0.572369   101.710    30.030   130.110    1     119.889549      -0.118730
     15.00    -10.00      21.335800       0.133875       0.133875        11      10.0      11.0       0.572369   219.840    58.980    41.290    0     119.873466      -0.119300
     15.00     -5.00      16.667900       0.093643       0.093643        11      10.0      11.0       0.572369   196.980    77.840    21.840    0     119.857384      -0.119860
     15.00      0.00      12.000000       0.156315       0.156315        11      10.0      11.0       0.572369   333.650    54.030   -49.450    0     119.841301      -0.120430
     15.00      5.00       7.332100       0.178683       0.178683        11      10.0      11.0       0.572369   324.510    47.140   -59.290    0     119.825218      -0.120990
     15.00     10.00       2.664200       0.168136       0.168136        11      10.0      11.0       0.572369   335.460    51.780   -44.440    0     119.809128      -0.121560
     20.00    -15.00      26.003710       0.117659       0.117659        11      10.0      11.0       0.572369    96.780    23.000   124.870    1     119.887978      -0.073540
     20.00    -10.00      21.335800       0.151571       0.151571        11      10.0      11.0       0.572369   214.470    78.090    48.810    0     119.871902      -0.074100
     20.00     -5.00      16.667900       0.148796       0.148796        11      10.0      11.0       0.572369    13.340    84.170   -38.730    0     119.855812      -0.074670
     20.00      0.00      12.000000       0.209039       0.209039        11      10.0      11.0       0.572369   348.020    61.820   -40.000    0     119.839737      -0.075240
     20.00      5.00       7.332100       0.252620       0.252620        11      10.0      11.0       0.572369   341.280    53.380   -35.250    0     119.823647      -0.075800
     20.00     10.00       2.664200       0.254334       0.254334        11      10.0      11.0       0.572369   340.970    51.260   -32.070    0     119.807564      -0.076370
     25.00    -15.00      26.003710       0.094049       0.094049        11      10.0      11.0       0.572369    76.820    18.460   101.700    1     119.886414      -0.028350
     25.00    -10.00      21.335800       0.158323       0.158323        11      10.0      11.0       0.572369   213.700    82.950    51.360    0     119.870331      -0.028910
     25.00     -5.00      16.667900       0.175285       0.175285        11      10.0      11.0       0.572369    15.050    83.780   -41.180    0     119.854240      -0.029480
     25.00      0.00      12.000000       0.224352       0.224352        11      10.0      11.0       0.572369   357.910    67.340   -33.270    0     119.838173      -0.030050
     25.00      5.00       7.332100       0.287239       0.287239        11      10.0      11.0       0.572369   346.040    51.490   -24.070    0     119.822083      -0.030610
     25.00     10.00       2.664200       0.298310       0.298310        11      10.0      11.0       0.572369   343.910    46.610   -21.180    0     119.806000      -0.031180
     30.00    -15.00      26.003710       0.073241       0.073241        11      10.0      11.0       0.572369    76.130    25.290   103.010    1     119.884850       0.016840
     30.00    -10.00      21.335800       0.136128       0.136128        11      10.0      11.0       0.572369   217.600    79.040    53.080    0     119.868759       0.016280
     30.00     -5.00      16.667900       0.175521       0.175521        11      10.0      11.0       0.572369   205.140    86.150    45.060    0     119.852669       0.015710
     30.00      0.00      12.000000       0.206986       0.206986        11      10.0      11.0       0.572369     4.760    67.990   -21.330    0     119.836601       0.015150
     30.00      5.00       7.332100       0.284032       0.284032        11      10.0      11.0       0.572369    -9.420    31.570     3.750    0     119.820518       0.014580
     30.00     10.00       2.664200       0.303844       0.303844        11      10.0      11.0       0.572369   348.300    34.000    -2.170    0     119.804428       0.014020
     35.00    -15.00      26.003710       0.056869       0.056869        11      10.0      11.0       0.572369    81.760    51.010   102.220    1     119.883278       0.062030
     35.00    -10.00      21.335800       0.100316       0.100316        11      10.0      11.0       0.572369   106.390    46.910   138.330    1     119.867188       0.061470
     35.00     -5.00      16.667900       0.170235       0.170235        11      10.0      11.0       0.572369   103.200    39.890   140.490    1     119.851097       0.060900
     35.00      0.00      12.000000       0.218198       0.218198        11      10.0      11.0       0.572369    52.250    24.390    76.290    1     119.835037       0.060340
     35.00      5.00       7.332100       0.285921       0.285921        11      10.0      11.0       0.572369    23.370    21.450    46.530    0     119.818947       0.059770
     35.00     10.00       2.664200       0.298089       0.298089        11      10.0      11.0       0.572369    10.760    21.800    32.210    0     119.802856       0.059210
     40.00    -15.00      26.003710       0.064751       0.064751        11      10.0      11.0       0.572369    76.580    71.150    85.770    1     119.881706       0.107230
     40.00    -10.00      21.335800       0.107497       0.107497        11      10.0      11.0       0.572369    75.070    54.110    79.460    1     119.865623       0.106660
     40.00     -5.00      16.667900       0.187235       0.187235        11      10.0      11.0       0.572369    82.550    41.510    94.850    1     119.849533       0.106090
     40.00      0.00      12.000000       0.246964       0.246964        11      10.0      11.0       0.572369    60.970    29.450    74.780    1     119.833473       0.105530
     40.00      5.00       7.332100       0.283917       0.283917        11      10.0      11.0       0.572369    46.000    25.760    65.060    1     119.817390       0.104960
     40.00     10.00       2.664200       0.279431       0.279431        11      10.0      11.0       0.572369    38.950    22.290    61.480    0     119.801300       0.104400
     45.00    -15.00      26.003710       0.078798       0.078798        11      10.0      11.0       0.572369   -82.800     7.390   123.960    0     119.880142       0.152420
     45.00    -10.00      21.335800       0.129008       0.129008        11      10.0      11.0       0.572369    67.200    66.550    69.470    1     119.864052       0.151850
     45.00     -5.00      16.667900       0.196018       0.196018        11      10.0      11.0       0.572369    79.020    47.490    80.320    1     119.847961       0.151280
     45.00      0.00      12.000000       0.247365       0.247365        11      10.0      11.0       0.572369    72.380    31.520    77.560    1     119.831909       0.150720
     45.00      5.00       7.332100       0.252547       0.252547        11      10.0      11.0       0.572369    55.880    32.620    67.780    1     119.815819       0.150150
     45.00     10.00       2.664200       0.226780       0.226780        11      10.0      11.0       0.572369    55.090    28.460    74.770    1     119.799728       0.149590
     50.00    -15.00      26.003710       0.067836       0.067836        11      10.0      11.0       0.572369   219.610    88.510  -107.220    0     119.878571       0.197610
     50.00    -10.00      21.335800       0.097107       0.097107        11      10.0      11.0       0.572369    57.180    74.010    71.610    1     119.862480       0.197040
     50.00     -5.00      16.667900       0.131496       0.131496        11      10.0      11.0       0.572369    92.300    48.860    91.150    1     119.846390       0.196470
     50.00      0.00      12.000000       0.179488       0.179488        11      10.0      11.0       0.572369    83.490    34.900    82.830    1     119.830338       0.195910
     50.00      5.00       7.332100       0.158323       0.158323        11      10.0      11.0       0.572369    56.080    41.450    65.600    1     119.814247       0.195340
     50.00     10.00       2.664200       0.124635       0.124635        11      10.0      11.0       0.572369    60.540    39.500    79.210    1     119.798172       0.194780
