      xloc      yloc          depth         ave SR         max SR         #     start       end     max SR all       str       dip      rake flag
   -185.00    -15.00      26.003710       0.000000       0.000000        25      24.0      25.0       0.572369   180.000    45.000    90.000    0     119.952240      -1.926360
   -185.00    -10.00      21.335800       0.000000       0.000000        25      24.0      25.0       0.572369   180.000    45.000    90.000    0     119.936150      -1.926930
   -185.00     -5.00      16.667900       0.000000       0.000000        25      24.0      25.0       0.572369   180.000    45.000    90.000    0     119.920059      -1.927490
   -185.00      0.00      12.000000       0.000000       0.000000        25      24.0      25.0       0.572369   180.000    45.000    90.000    0     119.903961      -1.928060
   -185.00      5.00       7.332100       0.000000       0.000000        25      24.0      25.0       0.572369   180.000    45.000    90.000    0     119.887871      -1.928620
   -185.00     10.00       2.664200       0.000000       0.000000        25      24.0      25.0       0.572369   180.000    45.000    90.000    0     119.871780      -1.929190
   -180.00    -15.00      26.003710       0.000000       0.000000        25      24.0      25.0       0.572369   180.000    45.000    90.000    0     119.950684      -1.881170
   -180.00    -10.00      21.335800       0.000000       0.000000        25      24.0      25.0       0.572369   180.000    45.000    90.000    0     119.934578      -1.881740
   -180.00     -5.00      16.667900       0.000000       0.000000        25      24.0      25.0       0.572369   180.000    45.000    90.000    0     119.918488      -1.882300
   -180.00      0.00      12.000000       0.000000       0.000000        25      24.0      25.0       0.572369   180.000    45.000    90.000    0     119.902397      -1.882870
   -180.00      5.00       7.332100       0.000000       0.000000        25      24.0      25.0       0.572369   180.000    45.000    90.000    0     119.886299      -1.883430
   -180.00     10.00       2.664200       0.000000       0.000000        25      24.0      25.0       0.572369   180.000    45.000    90.000    0     119.870209      -1.884000
   -175.00    -15.00      26.003710       0.000000       0.000000        25      24.0      25.0       0.572369   180.000    45.000    90.000    0     119.949112      -1.835980
   -175.00    -10.00      21.335800       0.000000       0.000000        25      24.0      25.0       0.572369   180.000    45.000    90.000    0     119.933006      -1.836550
   -175.00     -5.00      16.667900       0.000000       0.000000        25      24.0      25.0       0.572369   180.000    45.000    90.000    0     119.916924      -1.837110
   -175.00      0.00      12.000000       0.000000       0.000000        25      24.0      25.0       0.572369   180.000    45.000    90.000    0     119.900833      -1.837680
   -175.00      5.00       7.332100       0.000000       0.000000        25      24.0      25.0       0.572369   180.000    45.000    90.000    0     119.884743      -1.838240
   -175.00     10.00       2.664200       0.000000       0.000000        25      24.0      25.0       0.572369   180.000    45.000    90.000    0     119.868637      -1.838810
   -170.00    -15.00      26.003710       0.000000       0.000000        25      24.0      25.0       0.572369   180.000    45.000    90.000    0     119.947540      -1.790790
   -170.00    -10.00      21.335800       0.000000       0.000000        25      24.0      25.0       0.572369   180.000    45.000    90.000    0     119.931450      -1.791360
   -170.00     -5.00      16.667900       0.000000       0.000000        25      24.0      25.0       0.572369   180.000    45.000    90.000    0     119.915352      -1.791920
   -170.00      0.00      12.000000       0.000000       0.000000        25      24.0      25.0       0.572369   180.000    45.000    90.000    0     119.899261      -1.792490
   -170.00      5.00       7.332100       0.000000       0.000000        25      24.0      25.0       0.572369   180.000    45.000    90.000    0     119.883171      -1.793050
   -170.00     10.00       2.664200       0.000000       0.000000        25      24.0      25.0       0.572369   180.000    45.000    90.000    0     119.867081      -1.793620
   -165.00    -15.00      26.003710       0.000000       0.000000        25      24.0      25.0       0.572369   180.000    45.000    90.000    0     119.945969      -1.745600
   -165.00    -10.00      21.335800       0.000000       0.000000        25      24.0      25.0       0.572369   180.000    45.000    90.000    0     119.929878      -1.746170
   -165.00     -5.00      16.667900       0.000000       0.000000        25      24.0      25.0       0.572369   180.000    45.000    90.000    0     119.913788      -1.746730
   -165.00      0.00      12.000000       0.000000       0.000000        25      24.0      25.0       0.572369   180.000    45.000    90.000    0     119.897690      -1.747300
   -165.00      5.00       7.332100       0.000000       0.000000        25      24.0      25.0       0.572369   180.000    45.000    90.000    0     119.881599      -1.747860
   -165.00     10.00       2.664200       0.000000       0.000000        25      24.0      25.0       0.572369   180.000    45.000    90.000    0     119.865509      -1.748430
   -160.00    -15.00      26.003710       0.000000       0.000000        25      24.0      25.0       0.572369   180.000    45.000    90.000    0     119.944397      -1.700410
   -160.00    -10.00      21.335800       0.000000       0.000000        25      24.0      25.0       0.572369   180.000    45.000    90.000    0     119.928307      -1.700980
   -160.00     -5.00      16.667900       0.000000       0.000000        25      24.0      25.0       0.572369   180.000    45.000    90.000    0     119.912216      -1.701540
   -160.00      0.00      12.000000       0.000000       0.000000        25      24.0      25.0       0.572369   180.000    45.000    90.000    0     119.896133      -1.702110
   -160.00      5.00       7.332100       0.000000       0.000000        25      24.0      25.0       0.572369   180.000    45.000    90.000    0     119.880028      -1.702670
   -160.00     10.00       2.664200       0.000000       0.000000        25      24.0      25.0       0.572369   180.000    45.000    90.000    0     119.863937      -1.703240
   -155.00    -15.00      26.003710       0.000000       0.000000        25      24.0      25.0       0.572369   180.000    45.000    90.000    0     119.942841      -1.655220
   -155.00    -10.00      21.335800       0.000000       0.000000        25      24.0      25.0       0.572369   180.000    45.000    90.000    0     119.926743      -1.655790
   -155.00     -5.00      16.667900       0.000000       0.000000        25      24.0      25.0       0.572369   180.000    45.000    90.000    0     119.910652      -1.656350
   -155.00      0.00      12.000000       0.000000       0.000000        25      24.0      25.0       0.572369   180.000    45.000    90.000    0     119.894562      -1.656920
   -155.00      5.00       7.332100       0.000000       0.000000        25      24.0      25.0       0.572369   180.000    45.000    90.000    0     119.878471      -1.657480
   -155.00     10.00       2.664200       0.000000       0.000000        25      24.0      25.0       0.572369   180.000    45.000    90.000    0     119.862373      -1.658050
   -150.00    -15.00      26.003710       0.000000       0.000000        25      24.0      25.0       0.572369   180.000    45.000    90.000    0     119.941269      -1.610030
   -150.00    -10.00      21.335800       0.000000       0.000000        25      24.0      25.0       0.572369   180.000    45.000    90.000    0     119.925179      -1.610590
   -150.00     -5.00      16.667900       0.000000       0.000000        25      24.0      25.0       0.572369   180.000    45.000    90.000    0     119.909081      -1.611160
   -150.00      0.00      12.000000       0.000000       0.000000        25      24.0      25.0       0.572369   180.000    45.000    90.000    0     119.892990      -1.611730
   -150.00      5.00       7.332100       0.000000       0.000000        25      24.0      25.0       0.572369   180.000    45.000    90.000    0     119.876900      -1.612290
   -150.00     10.00       2.664200       0.000000       0.000000        25      24.0      25.0       0.572369   180.000    45.000    90.000    0     119.860809      -1.612860
   -145.00    -15.00      26.003710       0.000000       0.000000        25      24.0      25.0       0.572369   180.000    45.000    90.000    0     119.939697      -1.564840
   -145.00    -10.00      21.335800       0.000000       0.000000        25      24.0      25.0       0.572369   180.000    45.000    90.000    0     119.923607      -1.565400
   -145.00     -5.00      16.667900       0.000000       0.000000        25      24.0      25.0       0.572369   180.000    45.000    90.000    0     119.907516      -1.565970
   -145.00      0.00      12.000000       0.000000       0.000000        25      24.0      25.0       0.572369   180.000    45.000    90.000    0     119.891418      -1.566530
   -145.00      5.00       7.332100       0.000000       0.000000        25      24.0      25.0       0.572369   180.000    45.000    90.000    0     119.875328      -1.567100
   -145.00     10.00       2.664200       0.000000       0.000000        25      24.0      25.0       0.572369   180.000    45.000    90.000    0     119.859238      -1.567660
   -140.00    -15.00      26.003710       0.000000       0.000000        25      24.0      25.0       0.572369   180.000    45.000    90.000    0     119.938133      -1.519650
   -140.00    -10.00      21.335800       0.000000       0.000000        25      24.0      25.0       0.572369   180.000    45.000    90.000    0     119.922043      -1.520210
   -140.00     -5.00      16.667900       0.000000       0.000000        25      24.0      25.0       0.572369   180.000    45.000    90.000    0     119.905952      -1.520780
   -140.00      0.00      12.000000       0.000000       0.000000        25      24.0      25.0       0.572369   180.000    45.000    90.000    0     119.889862      -1.521340
   -140.00      5.00       7.332100       0.000000       0.000000        25      24.0      25.0       0.572369   180.000    45.000    90.000    0     119.873772      -1.521910
   -140.00     10.00       2.664200       0.000000       0.000000        25      24.0      25.0       0.572369   180.000    45.000    90.000    0     119.857681      -1.522470
   -135.00    -15.00      26.003710       0.000000       0.000000        25      24.0      25.0       0.572369   180.000    45.000    90.000    0     119.936562      -1.474460
   -135.00    -10.00      21.335800       0.000000       0.000000        25      24.0      25.0       0.572369   180.000    45.000    90.000    0     119.920471      -1.475020
   -135.00     -5.00      16.667900       0.000000       0.000000        25      24.0      25.0       0.572369   180.000    45.000    90.000    0     119.904381      -1.475590
   -135.00      0.00      12.000000       0.000000       0.000000        25      24.0      25.0       0.572369   180.000    45.000    90.000    0     119.888290      -1.476150
   -135.00      5.00       7.332100       0.000000       0.000000        25      24.0      25.0       0.572369   180.000    45.000    90.000    0     119.872200      -1.476720
   -135.00     10.00       2.664200       0.000000       0.000000        25      24.0      25.0       0.572369   180.000    45.000    90.000    0     119.856110      -1.477280
   -130.00    -15.00      26.003710       0.000000       0.000000        25      24.0      25.0       0.572369   180.000    45.000    90.000    0     119.934998      -1.429270
   -130.00    -10.00      21.335800       0.000000       0.000000        25      24.0      25.0       0.572369   180.000    45.000    90.000    0     119.918907      -1.429830
   -130.00     -5.00      16.667900       0.000000       0.000000        25      24.0      25.0       0.572369   180.000    45.000    90.000    0     119.902809      -1.430400
   -130.00      0.00      12.000000       0.000000       0.000000        25      24.0      25.0       0.572369   180.000    45.000    90.000    0     119.886719      -1.430960
   -130.00      5.00       7.332100       0.000000       0.000000        25      24.0      25.0       0.572369   180.000    45.000    90.000    0     119.870628      -1.431530
   -130.00     10.00       2.664200       0.000000       0.000000        25      24.0      25.0       0.572369   180.000    45.000    90.000    0     119.854538      -1.432090
   -125.00    -15.00      26.003710       0.034476       0.034476        25      24.0      25.0       0.572369   180.320    49.500   -13.890    0     119.933434      -1.384080
   -125.00    -10.00      21.335800       0.070827       0.070827        25      24.0      25.0       0.572369   147.050    45.440   -18.500    0     119.917343      -1.384640
   -125.00     -5.00      16.667900       0.060784       0.060784        25      24.0      25.0       0.572369   325.960    76.180   -26.210    0     119.901253      -1.385210
   -125.00      0.00      12.000000       0.062798       0.062798        25      24.0      25.0       0.572369   330.500    89.830   -25.000    0     119.885162      -1.385770
   -125.00      5.00       7.332100       0.069447       0.069447        25      24.0      25.0       0.572369   152.250    70.810    -3.910    0     119.869072      -1.386340
   -125.00     10.00       2.664200       0.064718       0.064718        25      24.0      25.0       0.572369   153.780    82.070    -5.380    0     119.852982      -1.386900
   -120.00    -15.00      26.003710       0.079744       0.079744        25      24.0      25.0       0.572369   354.440    85.330   -38.480    0     119.931862      -1.338890
   -120.00    -10.00      21.335800       0.112298       0.112298        25      24.0      25.0       0.572369   160.350    80.250     2.660    0     119.915771      -1.339450
   -120.00     -5.00      16.667900       0.146721       0.146721        25      24.0      25.0       0.572369   151.160    88.780    -9.430    0     119.899681      -1.340020
   -120.00      0.00      12.000000       0.146656       0.146656        25      24.0      25.0       0.572369   332.580    78.730    12.150    0     119.883591      -1.340580
   -120.00      5.00       7.332100       0.154196       0.154196        25      24.0      25.0       0.572369   334.070    87.550     6.510    0     119.867500      -1.341150
   -120.00     10.00       2.664200       0.157435       0.157435        25      24.0      25.0       0.572369   154.470    87.560    -2.920    0     119.851410      -1.341710
   -115.00    -15.00      26.003710       0.126340       0.126340        25      24.0      25.0       0.572369   353.300    86.970   -41.200    0     119.930290      -1.293690
   -115.00    -10.00      21.335800       0.174538       0.174538        25      24.0      25.0       0.572369   341.850    81.030    -4.100    0     119.914200      -1.294260
   -115.00     -5.00      16.667900       0.222333       0.222333        25      24.0      25.0       0.572369   336.370    82.980    10.410    0     119.898109      -1.294830
   -115.00      0.00      12.000000       0.225637       0.225637        25      24.0      25.0       0.572369   337.030    80.910    17.400    0     119.882019      -1.295390
   -115.00      5.00       7.332100       0.224489       0.224489        25      24.0      25.0       0.572369   336.490    84.010    10.060    0     119.865929      -1.295960
   -115.00     10.00       2.664200       0.224651       0.224651        25      24.0      25.0       0.572369   335.910    88.480     3.750    0     119.849838      -1.296520
   -110.00    -15.00      26.003710       0.148627       0.148627        25      24.0      25.0       0.572369   349.490    86.420   -34.870    0     119.928726      -1.248500
   -110.00    -10.00      21.335800       0.226612       0.226612        25      24.0      25.0       0.572369   342.620    79.190    -7.200    0     119.912643      -1.249070
   -110.00     -5.00      16.667900       0.274547       0.274547        25      24.0      25.0       0.572369   340.300    78.480     7.130    0     119.896553      -1.249630
   -110.00      0.00      12.000000       0.273618       0.273618        25      24.0      25.0       0.572369   340.250    83.320    15.650    0     119.880463      -1.250200
   -110.00      5.00       7.332100       0.264509       0.264509        25      24.0      25.0       0.572369   339.080    85.020     9.030    0     119.864372      -1.250760
   -110.00     10.00       2.664200       0.263149       0.263149        25      24.0      25.0       0.572369   338.520    87.630     2.680    0     119.848282      -1.251330
   -105.00    -15.00      26.003710       0.161600       0.161600        25      24.0      25.0       0.572369   347.880    89.090   -29.510    0     119.927162      -1.203310
   -105.00    -10.00      21.335800       0.256396       0.256396        25      24.0      25.0       0.572369   343.330    81.360    -9.800    0     119.911072      -1.203880
   -105.00     -5.00      16.667900       0.298073       0.298073        25      24.0      25.0       0.572369   343.230    78.970     4.060    0     119.894981      -1.204440
   -105.00      0.00      12.000000       0.293774       0.293774        25      24.0      25.0       0.572369   343.430    83.070     9.380    0     119.878891      -1.205010
   -105.00      5.00       7.332100       0.276759       0.276759        25      24.0      25.0       0.572369   342.080    85.530     5.790    0     119.862801      -1.205570
   -105.00     10.00       2.664200       0.277052       0.277052        25      24.0      25.0       0.572369   341.460    87.480    -0.670    0     119.846710      -1.206140
   -100.00    -15.00      26.003710       0.169317       0.169317        25      24.0      25.0       0.572369   346.760    89.420   -26.640    0     119.925591      -1.158120
   -100.00    -10.00      21.335800       0.266458       0.266458        25      24.0      25.0       0.572369   344.520    85.290   -14.200    0     119.909500      -1.158690
   -100.00     -5.00      16.667900       0.294987       0.294987        25      24.0      25.0       0.572369   346.200    84.470    -0.750    0     119.893410      -1.159250
   -100.00      0.00      12.000000       0.292552       0.292552        25      24.0      25.0       0.572369   346.280    83.210     1.530    0     119.877319      -1.159820
   -100.00      5.00       7.332100       0.269176       0.269176        25      24.0      25.0       0.572369   344.830    87.520     0.450    0     119.861229      -1.160380
   -100.00     10.00       2.664200       0.272055       0.272055        25      24.0      25.0       0.572369   344.130    88.310    -6.120    0     119.845207      -1.160950
    -95.00    -15.00      26.003710       0.167863       0.167863        25      24.0      25.0       0.572369   343.870    82.720   -24.380    0     119.924026      -1.112930
    -95.00    -10.00      21.335800       0.260306       0.260306        25      24.0      25.0       0.572369   345.800    88.820   -18.570    0     119.907944      -1.113500
    -95.00     -5.00      16.667900       0.273760       0.273760        25      24.0      25.0       0.572369   169.300    88.920     6.590    0     119.891853      -1.114060
    -95.00      0.00      12.000000       0.271053       0.271053        25      24.0      25.0       0.572369   348.860    84.730    -6.840    0     119.875763      -1.114630
    -95.00      5.00       7.332100       0.248883       0.248883        25      24.0      25.0       0.572369   347.050    88.260    -6.330    0     119.859673      -1.115190
    -95.00     10.00       2.664200       0.253784       0.253784        25      24.0      25.0       0.572369   345.400    86.990   -12.940    0     119.843643      -1.115760
    -90.00    -15.00      26.003710       0.155198       0.155198        25      24.0      25.0       0.572369   340.290    74.440   -25.770    0     119.922462      -1.067740
    -90.00    -10.00      21.335800       0.225159       0.225159        25      24.0      25.0       0.572369   167.180    88.900    20.440    0     119.906372      -1.068310
    -90.00     -5.00      16.667900       0.232322       0.232322        25      24.0      25.0       0.572369   171.400    83.920     8.440    0     119.890282      -1.068870
    -90.00      0.00      12.000000       0.226193       0.226193        25      24.0      25.0       0.572369   350.780    85.430   -14.290    0     119.874191      -1.069440
    -90.00      5.00       7.332100       0.213920       0.213920        25      24.0      25.0       0.572369   347.260    83.990   -13.510    0     119.858101      -1.070000
    -90.00     10.00       2.664200       0.219773       0.219773        25      24.0      25.0       0.572369   343.580    81.450   -21.260    0     119.842072      -1.070570
    -85.00    -15.00      26.003710       0.121669       0.121669        25      24.0      25.0       0.572369   338.210    63.260   -28.680    0     119.920891      -1.022550
    -85.00    -10.00      21.335800       0.155600       0.155600        25      24.0      25.0       0.572369   171.130    81.380    17.850    0     119.904800      -1.023120
    -85.00     -5.00      16.667900       0.162538       0.162538        25      24.0      25.0       0.572369   171.510    75.800    -0.370    0     119.888710      -1.023680
    -85.00      0.00      12.000000       0.155677       0.155677        25      24.0      25.0       0.572369   349.060    78.630   -20.540    0     119.872620      -1.024250
    -85.00      5.00       7.332100       0.157189       0.157189        25      24.0      25.0       0.572369   342.370    72.350   -23.990    0     119.856537      -1.024810
    -85.00     10.00       2.664200       0.164606       0.164606        25      24.0      25.0       0.572369   335.660    70.350   -34.420    0     119.840500      -1.025380
    -80.00    -15.00      26.003710       0.040361       0.040361        25      24.0      25.0       0.572369   206.850    80.340    55.510    0     119.919319      -0.977360
    -80.00    -10.00      21.335800       0.084247       0.084247        25      24.0      25.0       0.572369   198.330    36.730    19.830    0     119.903236      -0.977920
    -80.00     -5.00      16.667900       0.074950       0.074950        25      24.0      25.0       0.572369   330.200    46.500   -52.020    0     119.887154      -0.978490
    -80.00      0.00      12.000000       0.055556       0.055556        25      24.0      25.0       0.572369   330.700    57.790   -40.000    0     119.871063      -0.979050
    -80.00      5.00       7.332100       0.062280       0.062280        25      24.0      25.0       0.572369   335.240    69.240   -35.020    0     119.854973      -0.979620
    -80.00     10.00       2.664200       0.064451       0.064451        25      24.0      25.0       0.572369   324.430    61.100   -47.860    0     119.838928      -0.980190
    -75.00    -15.00      26.003710       0.000000       0.000000        25      24.0      25.0       0.572369   180.000    45.000    90.000    0     119.917763      -0.932170
    -75.00    -10.00      21.335800       0.000000       0.000000        25      24.0      25.0       0.572369   180.000    45.000    90.000    0     119.901672      -0.932730
    -75.00     -5.00      16.667900       0.000000       0.000000        25      24.0      25.0       0.572369   180.000    45.000    90.000    0     119.885582      -0.933300
    -75.00      0.00      12.000000       0.000000       0.000000        25      24.0      25.0       0.572369   180.000    45.000    90.000    0     119.869492      -0.933860
    -75.00      5.00       7.332100       0.000000       0.000000        25      24.0      25.0       0.572369   180.000    45.000    90.000    0     119.853401      -0.934430
    -75.00     10.00       2.664200       0.000000       0.000000        25      24.0      25.0       0.572369   180.000    45.000    90.000    0     119.837357      -0.934990
    -70.00    -15.00      26.003710       0.000000       0.000000        25      24.0      25.0       0.572369   180.000    45.000    90.000    0     119.916191      -0.886980
    -70.00    -10.00      21.335800       0.000000       0.000000        25      24.0      25.0       0.572369   180.000    45.000    90.000    0     119.900101      -0.887540
    -70.00     -5.00      16.667900       0.000000       0.000000        25      24.0      25.0       0.572369   180.000    45.000    90.000    0     119.884010      -0.888110
    -70.00      0.00      12.000000       0.000000       0.000000        25      24.0      25.0       0.572369   180.000    45.000    90.000    0     119.867928      -0.888670
    -70.00      5.00       7.332100       0.000000       0.000000        25      24.0      25.0       0.572369   180.000    45.000    90.000    0     119.851837      -0.889240
    -70.00     10.00       2.664200       0.000000       0.000000        25      24.0      25.0       0.572369   180.000    45.000    90.000    0     119.835793      -0.889800
    -65.00    -15.00      26.003710       0.000000       0.000000        25      24.0      25.0       0.572369   180.000    45.000    90.000    0     119.914619      -0.841790
    -65.00    -10.00      21.335800       0.000000       0.000000        25      24.0      25.0       0.572369   180.000    45.000    90.000    0     119.898537      -0.842350
    -65.00     -5.00      16.667900       0.000000       0.000000        25      24.0      25.0       0.572369   180.000    45.000    90.000    0     119.882446      -0.842920
    -65.00      0.00      12.000000       0.000000       0.000000        25      24.0      25.0       0.572369   180.000    45.000    90.000    0     119.866364      -0.843480
    -65.00      5.00       7.332100       0.000000       0.000000        25      24.0      25.0       0.572369   180.000    45.000    90.000    0     119.850273      -0.844050
    -65.00     10.00       2.664200       0.000000       0.000000        25      24.0      25.0       0.572369   180.000    45.000    90.000    0     119.834221      -0.844610
    -60.00    -15.00      26.003710       0.000000       0.000000        25      24.0      25.0       0.572369   180.000    45.000    90.000    0     119.913063      -0.796600
    -60.00    -10.00      21.335800       0.000000       0.000000        25      24.0      25.0       0.572369   180.000    45.000    90.000    0     119.896973      -0.797160
    -60.00     -5.00      16.667900       0.000000       0.000000        25      24.0      25.0       0.572369   180.000    45.000    90.000    0     119.880882      -0.797730
    -60.00      0.00      12.000000       0.000000       0.000000        25      24.0      25.0       0.572369   180.000    45.000    90.000    0     119.864792      -0.798290
    -60.00      5.00       7.332100       0.000000       0.000000        25      24.0      25.0       0.572369   180.000    45.000    90.000    0     119.848701      -0.798860
    -60.00     10.00       2.664200       0.000000       0.000000        25      24.0      25.0       0.572369   180.000    45.000    90.000    0     119.832657      -0.799420
    -55.00    -15.00      26.003710       0.000000       0.000000        25      24.0      25.0       0.572369   180.000    45.000    90.000    0     119.911491      -0.751410
    -55.00    -10.00      21.335800       0.000000       0.000000        25      24.0      25.0       0.572369   180.000    45.000    90.000    0     119.895401      -0.751970
    -55.00     -5.00      16.667900       0.000000       0.000000        25      24.0      25.0       0.572369   180.000    45.000    90.000    0     119.879311      -0.752540
    -55.00      0.00      12.000000       0.000000       0.000000        25      24.0      25.0       0.572369   180.000    45.000    90.000    0     119.863228      -0.753100
    -55.00      5.00       7.332100       0.000000       0.000000        25      24.0      25.0       0.572369   180.000    45.000    90.000    0     119.847137      -0.753670
    -55.00     10.00       2.664200       0.000000       0.000000        25      24.0      25.0       0.572369   180.000    45.000    90.000    0     119.831093      -0.754230
    -50.00    -15.00      26.003710       0.000000       0.000000        25      24.0      25.0       0.572369   180.000    45.000    90.000    0     119.909920      -0.706210
    -50.00    -10.00      21.335800       0.000000       0.000000        25      24.0      25.0       0.572369   180.000    45.000    90.000    0     119.893837      -0.706780
    -50.00     -5.00      16.667900       0.000000       0.000000        25      24.0      25.0       0.572369   180.000    45.000    90.000    0     119.877747      -0.707340
    -50.00      0.00      12.000000       0.000000       0.000000        25      24.0      25.0       0.572369   180.000    45.000    90.000    0     119.861656      -0.707910
    -50.00      5.00       7.332100       0.000000       0.000000        25      24.0      25.0       0.572369   180.000    45.000    90.000    0     119.845612      -0.708470
    -50.00     10.00       2.664200       0.000000       0.000000        25      24.0      25.0       0.572369   180.000    45.000    90.000    0     119.829521      -0.709040
    -45.00    -15.00      26.003710       0.000000       0.000000        25      24.0      25.0       0.572369   180.000    45.000    90.000    0     119.908363      -0.661020
    -45.00    -10.00      21.335800       0.000000       0.000000        25      24.0      25.0       0.572369   180.000    45.000    90.000    0     119.892273      -0.661590
    -45.00     -5.00      16.667900       0.000000       0.000000        25      24.0      25.0       0.572369   180.000    45.000    90.000    0     119.876183      -0.662150
    -45.00      0.00      12.000000       0.000000       0.000000        25      24.0      25.0       0.572369   180.000    45.000    90.000    0     119.860092      -0.662720
    -45.00      5.00       7.332100       0.000000       0.000000        25      24.0      25.0       0.572369   180.000    45.000    90.000    0     119.844040      -0.663280
    -45.00     10.00       2.664200       0.000000       0.000000        25      24.0      25.0       0.572369   180.000    45.000    90.000    0     119.827950      -0.663850
    -40.00    -15.00      26.003710       0.000000       0.000000        25      24.0      25.0       0.572369   180.000    45.000    90.000    0     119.906792      -0.615830
    -40.00    -10.00      21.335800       0.000000       0.000000        25      24.0      25.0       0.572369   180.000    45.000    90.000    0     119.890701      -0.616400
    -40.00     -5.00      16.667900       0.000000       0.000000        25      24.0      25.0       0.572369   180.000    45.000    90.000    0     119.874619      -0.616960
    -40.00      0.00      12.000000       0.000000       0.000000        25      24.0      25.0       0.572369   180.000    45.000    90.000    0     119.858528      -0.617530
    -40.00      5.00       7.332100       0.000000       0.000000        25      24.0      25.0       0.572369   180.000    45.000    90.000    0     119.842468      -0.618090
    -40.00     10.00       2.664200       0.000000       0.000000        25      24.0      25.0       0.572369   180.000    45.000    90.000    0     119.826378      -0.618660
    -35.00    -15.00      26.003710       0.000000       0.000000        25      24.0      25.0       0.572369   180.000    45.000    90.000    0     119.905220      -0.570640
    -35.00    -10.00      21.335800       0.000000       0.000000        25      24.0      25.0       0.572369   180.000    45.000    90.000    0     119.889137      -0.571210
    -35.00     -5.00      16.667900       0.000000       0.000000        25      24.0      25.0       0.572369   180.000    45.000    90.000    0     119.873047      -0.571770
    -35.00      0.00      12.000000       0.000000       0.000000        25      24.0      25.0       0.572369   180.000    45.000    90.000    0     119.856956      -0.572340
    -35.00      5.00       7.332100       0.000000       0.000000        25      24.0      25.0       0.572369   180.000    45.000    90.000    0     119.840897      -0.572900
    -35.00     10.00       2.664200       0.000000       0.000000        25      24.0      25.0       0.572369   180.000    45.000    90.000    0     119.824806      -0.573470
    -30.00    -15.00      26.003710       0.000000       0.000000        25      24.0      25.0       0.572369   180.000    45.000    90.000    0     119.903664      -0.525450
    -30.00    -10.00      21.335800       0.000000       0.000000        25      24.0      25.0       0.572369   180.000    45.000    90.000    0     119.887573      -0.526020
    -30.00     -5.00      16.667900       0.000000       0.000000        25      24.0      25.0       0.572369   180.000    45.000    90.000    0     119.871483      -0.526580
    -30.00      0.00      12.000000       0.000000       0.000000        25      24.0      25.0       0.572369   180.000    45.000    90.000    0     119.855400      -0.527150
    -30.00      5.00       7.332100       0.000000       0.000000        25      24.0      25.0       0.572369   180.000    45.000    90.000    0     119.839333      -0.527710
    -30.00     10.00       2.664200       0.000000       0.000000        25      24.0      25.0       0.572369   180.000    45.000    90.000    0     119.823242      -0.528280
    -25.00    -15.00      26.003710       0.000000       0.000000        25      24.0      25.0       0.572369   180.000    45.000    90.000    0     119.902092      -0.480260
    -25.00    -10.00      21.335800       0.000000       0.000000        25      24.0      25.0       0.572369   180.000    45.000    90.000    0     119.886002      -0.480820
    -25.00     -5.00      16.667900       0.000000       0.000000        25      24.0      25.0       0.572369   180.000    45.000    90.000    0     119.869919      -0.481390
    -25.00      0.00      12.000000       0.000000       0.000000        25      24.0      25.0       0.572369   180.000    45.000    90.000    0     119.853828      -0.481950
    -25.00      5.00       7.332100       0.000000       0.000000        25      24.0      25.0       0.572369   180.000    45.000    90.000    0     119.837761      -0.482520
    -25.00     10.00       2.664200       0.000000       0.000000        25      24.0      25.0       0.572369   180.000    45.000    90.000    0     119.821671      -0.483090
    -20.00    -15.00      26.003710       0.000000       0.000000        25      24.0      25.0       0.572369   180.000    45.000    90.000    0     119.900528      -0.435070
    -20.00    -10.00      21.335800       0.000000       0.000000        25      24.0      25.0       0.572369   180.000    45.000    90.000    0     119.884438      -0.435630
    -20.00     -5.00      16.667900       0.000000       0.000000        25      24.0      25.0       0.572369   180.000    45.000    90.000    0     119.868347      -0.436200
    -20.00      0.00      12.000000       0.000000       0.000000        25      24.0      25.0       0.572369   180.000    45.000    90.000    0     119.852257      -0.436760
    -20.00      5.00       7.332100       0.000000       0.000000        25      24.0      25.0       0.572369   180.000    45.000    90.000    0     119.836189      -0.437330
    -20.00     10.00       2.664200       0.000000       0.000000        25      24.0      25.0       0.572369   180.000    45.000    90.000    0     119.820099      -0.437900
    -15.00    -15.00      26.003710       0.000000       0.000000        25      24.0      25.0       0.572369   180.000    45.000    90.000    0     119.898956      -0.389880
    -15.00    -10.00      21.335800       0.000000       0.000000        25      24.0      25.0       0.572369   180.000    45.000    90.000    0     119.882874      -0.390440
    -15.00     -5.00      16.667900       0.000000       0.000000        25      24.0      25.0       0.572369   180.000    45.000    90.000    0     119.866791      -0.391010
    -15.00      0.00      12.000000       0.000000       0.000000        25      24.0      25.0       0.572369   180.000    45.000    90.000    0     119.850700      -0.391570
    -15.00      5.00       7.332100       0.000000       0.000000        25      24.0      25.0       0.572369   180.000    45.000    90.000    0     119.834618      -0.392140
    -15.00     10.00       2.664200       0.000000       0.000000        25      24.0      25.0       0.572369   180.000    45.000    90.000    0     119.818527      -0.392700
    -10.00    -15.00      26.003710       0.000000       0.000000        25      24.0      25.0       0.572369   180.000    45.000    90.000    0     119.897392      -0.344690
    -10.00    -10.00      21.335800       0.000000       0.000000        25      24.0      25.0       0.572369   180.000    45.000    90.000    0     119.881310      -0.345250
    -10.00     -5.00      16.667900       0.000000       0.000000        25      24.0      25.0       0.572369   180.000    45.000    90.000    0     119.865219      -0.345820
    -10.00      0.00      12.000000       0.000000       0.000000        25      24.0      25.0       0.572369   180.000    45.000    90.000    0     119.849129      -0.346380
    -10.00      5.00       7.332100       0.000000       0.000000        25      24.0      25.0       0.572369   180.000    45.000    90.000    0     119.833054      -0.346950
    -10.00     10.00       2.664200       0.000000       0.000000        25      24.0      25.0       0.572369   180.000    45.000    90.000    0     119.816963      -0.347510
     -5.00    -15.00      26.003710       0.000000       0.000000        25      24.0      25.0       0.572369   180.000    45.000    90.000    0     119.895828      -0.299500
     -5.00    -10.00      21.335800       0.000000       0.000000        25      24.0      25.0       0.572369   180.000    45.000    90.000    0     119.879738      -0.300060
     -5.00     -5.00      16.667900       0.000000       0.000000        25      24.0      25.0       0.572369   180.000    45.000    90.000    0     119.863647      -0.300630
     -5.00      0.00      12.000000       0.000000       0.000000        25      24.0      25.0       0.572369   180.000    45.000    90.000    0     119.847572      -0.301190
     -5.00      5.00       7.332100       0.000000       0.000000        25      24.0      25.0       0.572369   180.000    45.000    90.000    0     119.831482      -0.301760
     -5.00     10.00       2.664200       0.000000       0.000000        25      24.0      25.0       0.572369   180.000    45.000    90.000    0     119.815399      -0.302320
      0.00    -15.00      26.003710       0.000000       0.000000        25      24.0      25.0       0.572369   180.000    45.000    90.000    0     119.894257      -0.254300
      0.00    -10.00      21.335800       0.000000       0.000000        25      24.0      25.0       0.572369   180.000    45.000    90.000    0     119.878166      -0.254870
      0.00     -5.00      16.667900       0.000000       0.000000        25      24.0      25.0       0.572369   180.000    45.000    90.000    0     119.862091      -0.255430
      0.00      0.00      12.000000       0.000000       0.000000        25      24.0      25.0       0.572369   180.000    45.000    90.000    0     119.846001      -0.256000
      0.00      5.00       7.332100       0.000000       0.000000        25      24.0      25.0       0.572369   180.000    45.000    90.000    0     119.829910      -0.256570
      0.00     10.00       2.664200       0.000000       0.000000        25      24.0      25.0       0.572369   180.000    45.000    90.000    0     119.813828      -0.257130
      5.00    -15.00      26.003710       0.000000       0.000000        25      24.0      25.0       0.572369   180.000    45.000    90.000    0     119.892693      -0.209110
      5.00    -10.00      21.335800       0.000000       0.000000        25      24.0      25.0       0.572369   180.000    45.000    90.000    0     119.876602      -0.209680
      5.00     -5.00      16.667900       0.000000       0.000000        25      24.0      25.0       0.572369   180.000    45.000    90.000    0     119.860519      -0.210240
      5.00      0.00      12.000000       0.000000       0.000000        25      24.0      25.0       0.572369   180.000    45.000    90.000    0     119.844429      -0.210810
      5.00      5.00       7.332100       0.000000       0.000000        25      24.0      25.0       0.572369   180.000    45.000    90.000    0     119.828346      -0.211370
      5.00     10.00       2.664200       0.000000       0.000000        25      24.0      25.0       0.572369   180.000    45.000    90.000    0     119.812263      -0.211940
     10.00    -15.00      26.003710       0.000000       0.000000        25      24.0      25.0       0.572369   180.000    45.000    90.000    0     119.891121      -0.163920
     10.00    -10.00      21.335800       0.000000       0.000000        25      24.0      25.0       0.572369   180.000    45.000    90.000    0     119.875038      -0.164490
     10.00     -5.00      16.667900       0.000000       0.000000        25      24.0      25.0       0.572369   180.000    45.000    90.000    0     119.858948      -0.165050
     10.00      0.00      12.000000       0.000000       0.000000        25      24.0      25.0       0.572369   180.000    45.000    90.000    0     119.842873      -0.165620
     10.00      5.00       7.332100       0.000000       0.000000        25      24.0      25.0       0.572369   180.000    45.000    90.000    0     119.826782      -0.166180
     10.00     10.00       2.664200       0.000000       0.000000        25      24.0      25.0       0.572369   180.000    45.000    90.000    0     119.810692      -0.166750
     15.00    -15.00      26.003710       0.000000       0.000000        25      24.0      25.0       0.572369   180.000    45.000    90.000    0     119.889549      -0.118730
     15.00    -10.00      21.335800       0.000000       0.000000        25      24.0      25.0       0.572369   180.000    45.000    90.000    0     119.873466      -0.119300
     15.00     -5.00      16.667900       0.000000       0.000000        25      24.0      25.0       0.572369   180.000    45.000    90.000    0     119.857384      -0.119860
     15.00      0.00      12.000000       0.000000       0.000000        25      24.0      25.0       0.572369   180.000    45.000    90.000    0     119.841301      -0.120430
     15.00      5.00       7.332100       0.000000       0.000000        25      24.0      25.0       0.572369   180.000    45.000    90.000    0     119.825218      -0.120990
     15.00     10.00       2.664200       0.000000       0.000000        25      24.0      25.0       0.572369   180.000    45.000    90.000    0     119.809128      -0.121560
     20.00    -15.00      26.003710       0.000000       0.000000        25      24.0      25.0       0.572369   180.000    45.000    90.000    0     119.887978      -0.073540
     20.00    -10.00      21.335800       0.000000       0.000000        25      24.0      25.0       0.572369   180.000    45.000    90.000    0     119.871902      -0.074100
     20.00     -5.00      16.667900       0.000000       0.000000        25      24.0      25.0       0.572369   180.000    45.000    90.000    0     119.855812      -0.074670
     20.00      0.00      12.000000       0.000000       0.000000        25      24.0      25.0       0.572369   180.000    45.000    90.000    0     119.839737      -0.075240
     20.00      5.00       7.332100       0.000000       0.000000        25      24.0      25.0       0.572369   180.000    45.000    90.000    0     119.823647      -0.075800
     20.00     10.00       2.664200       0.000000       0.000000        25      24.0      25.0       0.572369   180.000    45.000    90.000    0     119.807564      -0.076370
     25.00    -15.00      26.003710       0.000000       0.000000        25      24.0      25.0       0.572369   180.000    45.000    90.000    0     119.886414      -0.028350
     25.00    -10.00      21.335800       0.000000       0.000000        25      24.0      25.0       0.572369   180.000    45.000    90.000    0     119.870331      -0.028910
     25.00     -5.00      16.667900       0.000000       0.000000        25      24.0      25.0       0.572369   180.000    45.000    90.000    0     119.854240      -0.029480
     25.00      0.00      12.000000       0.000000       0.000000        25      24.0      25.0       0.572369   180.000    45.000    90.000    0     119.838173      -0.030050
     25.00      5.00       7.332100       0.000000       0.000000        25      24.0      25.0       0.572369   180.000    45.000    90.000    0     119.822083      -0.030610
     25.00     10.00       2.664200       0.000000       0.000000        25      24.0      25.0       0.572369   180.000    45.000    90.000    0     119.806000      -0.031180
     30.00    -15.00      26.003710       0.000000       0.000000        25      24.0      25.0       0.572369   180.000    45.000    90.000    0     119.884850       0.016840
     30.00    -10.00      21.335800       0.000000       0.000000        25      24.0      25.0       0.572369   180.000    45.000    90.000    0     119.868759       0.016280
     30.00     -5.00      16.667900       0.000000       0.000000        25      24.0      25.0       0.572369   180.000    45.000    90.000    0     119.852669       0.015710
     30.00      0.00      12.000000       0.000000       0.000000        25      24.0      25.0       0.572369   180.000    45.000    90.000    0     119.836601       0.015150
     30.00      5.00       7.332100       0.000000       0.000000        25      24.0      25.0       0.572369   180.000    45.000    90.000    0     119.820518       0.014580
     30.00     10.00       2.664200       0.000000       0.000000        25      24.0      25.0       0.572369   180.000    45.000    90.000    0     119.804428       0.014020
     35.00    -15.00      26.003710       0.000000       0.000000        25      24.0      25.0       0.572369   180.000    45.000    90.000    0     119.883278       0.062030
     35.00    -10.00      21.335800       0.000000       0.000000        25      24.0      25.0       0.572369   180.000    45.000    90.000    0     119.867188       0.061470
     35.00     -5.00      16.667900       0.000000       0.000000        25      24.0      25.0       0.572369   180.000    45.000    90.000    0     119.851097       0.060900
     35.00      0.00      12.000000       0.000000       0.000000        25      24.0      25.0       0.572369   180.000    45.000    90.000    0     119.835037       0.060340
     35.00      5.00       7.332100       0.000000       0.000000        25      24.0      25.0       0.572369   180.000    45.000    90.000    0     119.818947       0.059770
     35.00     10.00       2.664200       0.000000       0.000000        25      24.0      25.0       0.572369   180.000    45.000    90.000    0     119.802856       0.059210
     40.00    -15.00      26.003710       0.000000       0.000000        25      24.0      25.0       0.572369   180.000    45.000    90.000    0     119.881706       0.107230
     40.00    -10.00      21.335800       0.000000       0.000000        25      24.0      25.0       0.572369   180.000    45.000    90.000    0     119.865623       0.106660
     40.00     -5.00      16.667900       0.000000       0.000000        25      24.0      25.0       0.572369   180.000    45.000    90.000    0     119.849533       0.106090
     40.00      0.00      12.000000       0.000000       0.000000        25      24.0      25.0       0.572369   180.000    45.000    90.000    0     119.833473       0.105530
     40.00      5.00       7.332100       0.000000       0.000000        25      24.0      25.0       0.572369   180.000    45.000    90.000    0     119.817390       0.104960
     40.00     10.00       2.664200       0.000000       0.000000        25      24.0      25.0       0.572369   180.000    45.000    90.000    0     119.801300       0.104400
     45.00    -15.00      26.003710       0.000000       0.000000        25      24.0      25.0       0.572369   180.000    45.000    90.000    0     119.880142       0.152420
     45.00    -10.00      21.335800       0.000000       0.000000        25      24.0      25.0       0.572369   180.000    45.000    90.000    0     119.864052       0.151850
     45.00     -5.00      16.667900       0.000000       0.000000        25      24.0      25.0       0.572369   180.000    45.000    90.000    0     119.847961       0.151280
     45.00      0.00      12.000000       0.000000       0.000000        25      24.0      25.0       0.572369   180.000    45.000    90.000    0     119.831909       0.150720
     45.00      5.00       7.332100       0.000000       0.000000        25      24.0      25.0       0.572369   180.000    45.000    90.000    0     119.815819       0.150150
     45.00     10.00       2.664200       0.000000       0.000000        25      24.0      25.0       0.572369   180.000    45.000    90.000    0     119.799728       0.149590
     50.00    -15.00      26.003710       0.000000       0.000000        25      24.0      25.0       0.572369   180.000    45.000    90.000    0     119.878571       0.197610
     50.00    -10.00      21.335800       0.000000       0.000000        25      24.0      25.0       0.572369   180.000    45.000    90.000    0     119.862480       0.197040
     50.00     -5.00      16.667900       0.000000       0.000000        25      24.0      25.0       0.572369   180.000    45.000    90.000    0     119.846390       0.196470
     50.00      0.00      12.000000       0.000000       0.000000        25      24.0      25.0       0.572369   180.000    45.000    90.000    0     119.830338       0.195910
     50.00      5.00       7.332100       0.000000       0.000000        25      24.0      25.0       0.572369   180.000    45.000    90.000    0     119.814247       0.195340
     50.00     10.00       2.664200       0.000000       0.000000        25      24.0      25.0       0.572369   180.000    45.000    90.000    0     119.798172       0.194780
