   No     Tinit     Trise        D0           lonR           latR             dR         L         W    strike       dip      rake         x         y
    1     31.00      0.00     0.315     119.952240      -1.926360      26.003710      5.00      5.00    25.122    24.244    45.824   -185.00    -15.00
    2     31.00      0.00     0.545     119.950684      -1.881170      26.003710      5.00      5.00    10.954    32.816    28.924   -180.00    -15.00
    3     30.00      0.00     0.786     119.949112      -1.835980      26.003710      5.00      5.00     3.159    41.475    17.160   -175.00    -15.00
    4     29.00      0.00     0.875     119.947540      -1.790790      26.003710      5.00      5.00   359.221    52.581    10.399   -170.00    -15.00
    5     29.00      0.00     0.852     119.945969      -1.745600      26.003710      5.00      5.00   359.156    69.089    11.134   -165.00    -15.00
    6     27.00      0.00     0.783     119.944397      -1.700410      26.003710      5.00      5.00   357.147    84.244     7.790   -160.00    -15.00
    7     27.00      0.00     0.690     119.942841      -1.655220      26.003710      5.00      5.00   177.839    89.927    -3.456   -155.00    -15.00
    8     25.00      0.00     0.586     119.941269      -1.610030      26.003710      5.00      5.00   178.677    78.200    -0.940   -150.00    -15.00
    9     25.00      0.00     0.446     119.939697      -1.564840      26.003710      5.00      5.00   177.294    73.995    -5.964   -145.00    -15.00
   10     24.00      0.00     0.364     119.938133      -1.519650      26.003710      5.00      5.00   171.948    66.968     4.415   -140.00    -15.00
   11     23.00      0.00     0.340     119.936562      -1.474460      26.003710      5.00      5.00   162.902    83.466    20.017   -135.00    -15.00
   12     22.00      0.00     0.398     119.934998      -1.429270      26.003710      5.00      5.00   157.908    88.865    18.939   -130.00    -15.00
   13     22.00      0.00     0.465     119.933434      -1.384080      26.003710      5.00      5.00   157.217    87.339    18.191   -125.00    -15.00
   14     20.00      0.00     0.550     119.931862      -1.338890      26.003710      5.00      5.00   336.235    89.661    -5.553   -120.00    -15.00
   15     20.00      0.00     0.612     119.930290      -1.293690      26.003710      5.00      5.00   337.491    85.876    -3.004   -115.00    -15.00
   16     19.00      0.00     0.702     119.928726      -1.248500      26.003710      5.00      5.00   340.094    85.743    -8.768   -110.00    -15.00
   17     18.00      0.00     0.717     119.927162      -1.203310      26.003710      5.00      5.00   167.312    85.215    21.428   -105.00    -15.00
   18     17.00      0.00     0.790     119.925591      -1.158120      26.003710      5.00      5.00   184.624    72.767    48.872   -100.00    -15.00
   19     16.00      0.00     0.813     119.924026      -1.112930      26.003710      5.00      5.00   186.025    77.302    52.316    -95.00    -15.00
   20     16.00      0.00     0.840     119.922462      -1.067740      26.003710      5.00      5.00   186.106    81.905    53.353    -90.00    -15.00
   21     15.00      0.00     0.778     119.920891      -1.022550      26.003710      5.00      5.00   183.911    85.569    47.534    -85.00    -15.00
   22     14.00      0.00     0.741     119.919319      -0.977360      26.003710      5.00      5.00   347.465    73.287   -29.966    -80.00    -15.00
   23     13.00      0.00     0.856     119.917763      -0.932170      26.003710      5.00      5.00   338.267    64.437   -24.532    -75.00    -15.00
   24     12.00      0.00     0.899     119.916191      -0.886980      26.003710      5.00      5.00   335.555    70.113   -24.963    -70.00    -15.00
   25     12.00      0.00     0.938     119.914619      -0.841790      26.003710      5.00      5.00   333.141    74.138   -21.395    -65.00    -15.00
   26     12.00      0.00     1.018     119.913063      -0.796600      26.003710      5.00      5.00   333.210    77.419   -14.656    -60.00    -15.00
   27     10.00      0.00     1.131     119.911491      -0.751410      26.003710      5.00      5.00   335.825    88.825    -4.828    -55.00    -15.00
   28      9.00      0.00     1.180     119.909920      -0.706210      26.003710      5.00      5.00   158.715    85.581    -6.729    -50.00    -15.00
   29      8.00      0.00     1.223     119.908363      -0.661020      26.003710      5.00      5.00   161.577    87.473   -16.320    -45.00    -15.00
   30      7.00      0.00     1.224     119.906792      -0.615830      26.003710      5.00      5.00   346.705    84.754    23.692    -40.00    -15.00
   31      7.00      0.00     1.174     119.905220      -0.570640      26.003710      5.00      5.00   349.627    80.401    22.887    -35.00    -15.00
   32      6.00      0.00     1.083     119.903664      -0.525450      26.003710      5.00      5.00   353.939    73.951    19.524    -30.00    -15.00
   33      5.00      0.00     1.051     119.902092      -0.480260      26.003710      5.00      5.00     1.843    66.678    17.090    -25.00    -15.00
   34      4.00      0.00     1.079     119.900528      -0.435070      26.003710      5.00      5.00     5.868    61.993    13.983    -20.00    -15.00
   35      3.00      0.00     1.081     119.898956      -0.389880      26.003710      5.00      5.00     7.467    67.651    14.925    -15.00    -15.00
   36      3.00      0.00     1.073     119.897392      -0.344690      26.003710      5.00      5.00     5.872    71.872    10.333    -10.00    -15.00
   37      3.00      0.00     1.040     119.895828      -0.299500      26.003710      5.00      5.00     5.618    76.619     9.590     -5.00    -15.00
   38      3.00      0.00     1.008     119.894257      -0.254300      26.003710      5.00      5.00     7.061    83.221    10.364      0.00    -15.00
   39      3.00      0.00     0.985     119.892693      -0.209110      26.003710      5.00      5.00    10.732    86.553     9.539      5.00    -15.00
   40      3.00      0.00     0.946     119.891121      -0.163920      26.003710      5.00      5.00    14.550    86.067     8.823     10.00    -15.00
   41      3.00      0.00     0.860     119.889549      -0.118730      26.003710      5.00      5.00    58.741    46.474    86.265     15.00    -15.00
   42      4.00      0.00     0.722     119.887978      -0.073540      26.003710      5.00      5.00    53.980    36.109    82.856     20.00    -15.00
   43      5.00      0.00     0.658     119.886414      -0.028350      26.003710      5.00      5.00    62.586    25.057   102.957     25.00    -15.00
   44      6.00      0.00     0.611     119.884850       0.016840      26.003710      5.00      5.00   214.444    72.490    87.731     30.00    -15.00
   45      6.00      0.00     0.589     119.883278       0.062030      26.003710      5.00      5.00   194.219    69.829   100.664     35.00    -15.00
   46      8.00      0.00     0.501     119.881706       0.107230      26.003710      5.00      5.00   169.122    61.074   104.426     40.00    -15.00
   47      9.00      0.00     0.375     119.880142       0.152420      26.003710      5.00      5.00   148.039    59.058   104.857     45.00    -15.00
   48      9.00      0.00     0.219     119.878571       0.197610      26.003710      5.00      5.00   140.046    55.969   113.811     50.00    -15.00
   49     32.00      0.00     0.463     119.936150      -1.926930      21.335800      5.00      5.00    20.015    26.140    50.616   -185.00    -10.00
   50     31.00      0.00     0.839     119.934578      -1.881740      21.335800      5.00      5.00   358.063    54.125     6.851   -180.00    -10.00
   51     30.00      0.00     1.204     119.933006      -1.836550      21.335800      5.00      5.00     0.280    60.687     8.354   -175.00    -10.00
   52     29.00      0.00     1.451     119.931450      -1.791360      21.335800      5.00      5.00     0.690    65.078     9.720   -170.00    -10.00
   53     29.00      0.00     1.526     119.929878      -1.746170      21.335800      5.00      5.00     0.869    72.258    10.000   -165.00    -10.00
   54     28.00      0.00     1.469     119.928307      -1.700980      21.335800      5.00      5.00   359.950    80.065     7.096   -160.00    -10.00
   55     27.00      0.00     1.316     119.926743      -1.655790      21.335800      5.00      5.00     0.231    86.808     5.013   -155.00    -10.00
   56     26.00      0.00     1.090     119.925179      -1.610590      21.335800      5.00      5.00   180.646    89.418    -3.588   -150.00    -10.00
   57     26.00      0.00     0.849     119.923607      -1.565400      21.335800      5.00      5.00   179.428    83.817    -2.233   -145.00    -10.00
   58     24.00      0.00     0.681     119.922043      -1.520210      21.335800      5.00      5.00   172.548    80.328     5.340   -140.00    -10.00
   59     24.00      0.00     0.673     119.920471      -1.475020      21.335800      5.00      5.00   163.372    83.223    15.304   -135.00    -10.00
   60     23.00      0.00     0.796     119.918907      -1.429830      21.335800      5.00      5.00   158.284    87.887    19.123   -130.00    -10.00
   61     22.00      0.00     0.954     119.917343      -1.384640      21.335800      5.00      5.00   155.531    89.880    13.573   -125.00    -10.00
   62     21.00      0.00     1.121     119.915771      -1.339450      21.335800      5.00      5.00   334.550    87.055    -8.635   -120.00    -10.00
   63     21.00      0.00     1.264     119.914200      -1.294260      21.335800      5.00      5.00   335.125    89.026    -9.684   -115.00    -10.00
   64     19.00      0.00     1.361     119.912643      -1.249070      21.335800      5.00      5.00   158.497    89.421    16.200   -110.00    -10.00
   65     18.00      0.00     1.377     119.911072      -1.203880      21.335800      5.00      5.00   166.138    82.145    26.075   -105.00    -10.00
   66     17.00      0.00     1.434     119.909500      -1.158690      21.335800      5.00      5.00   178.130    76.111    40.964   -100.00    -10.00
   67     17.00      0.00     1.465     119.907944      -1.113500      21.335800      5.00      5.00   184.613    77.589    46.857    -95.00    -10.00
   68     16.00      0.00     1.456     119.906372      -1.068310      21.335800      5.00      5.00   182.608    85.982    45.893    -90.00    -10.00
   69     15.00      0.00     1.393     119.904800      -1.023120      21.335800      5.00      5.00   357.637    86.149   -40.237    -85.00    -10.00
   70     14.00      0.00     1.454     119.903236      -0.977920      21.335800      5.00      5.00   344.194    67.875   -27.488    -80.00    -10.00
   71     13.00      0.00     1.563     119.901672      -0.932730      21.335800      5.00      5.00   338.023    64.521   -26.617    -75.00    -10.00
   72     12.00      0.00     1.738     119.900101      -0.887540      21.335800      5.00      5.00   332.785    64.904   -27.514    -70.00    -10.00
   73     11.00      3.00     1.859     119.898537      -0.842350      21.335800      5.00      5.00   331.879    68.380   -22.270    -65.00    -10.00
   74     11.00      5.00     1.972     119.896973      -0.797160      21.335800      5.00      5.00   334.983    80.875    -8.206    -60.00    -10.00
   75     10.00      5.00     2.135     119.895401      -0.751970      21.335800      5.00      5.00   156.976    88.211    -1.557    -55.00    -10.00
   76      9.00      5.00     2.200     119.893837      -0.706780      21.335800      5.00      5.00   159.217    86.448    -6.514    -50.00    -10.00
   77      8.00      3.00     2.202     119.892273      -0.661590      21.335800      5.00      5.00   161.813    86.153   -12.391    -45.00    -10.00
   78      7.00      0.00     2.140     119.890701      -0.616400      21.335800      5.00      5.00   345.698    89.153    17.061    -40.00    -10.00
   79      6.00      0.00     2.070     119.889137      -0.571210      21.335800      5.00      5.00   350.228    80.093    17.516    -35.00    -10.00
   80      6.00      1.00     1.967     119.887573      -0.526020      21.335800      5.00      5.00   354.637    72.896    13.850    -30.00    -10.00
   81      5.00      1.00     1.919     119.886002      -0.480820      21.335800      5.00      5.00   358.561    67.018     9.477    -25.00    -10.00
   82      4.00      0.00     1.904     119.884438      -0.435630      21.335800      5.00      5.00     2.943    64.783     8.609    -20.00    -10.00
   83      3.00      0.00     1.962     119.882874      -0.390440      21.335800      5.00      5.00     3.728    66.477     5.658    -15.00    -10.00
   84      2.00      2.00     2.016     119.881310      -0.345250      21.335800      5.00      5.00     2.768    71.522     1.918    -10.00    -10.00
   85      2.00      2.00     1.996     119.879738      -0.300060      21.335800      5.00      5.00     2.492    75.220    -0.182     -5.00    -10.00
   86      2.00      2.00     1.945     119.878166      -0.254870      21.335800      5.00      5.00     4.525    79.090    -0.203      0.00    -10.00
   87      2.00      3.00     1.860     119.876602      -0.209680      21.335800      5.00      5.00     7.946    81.545    -1.693      5.00    -10.00
   88      3.00      3.00     1.698     119.875038      -0.164490      21.335800      5.00      5.00    11.614    87.098    -4.922     10.00    -10.00
   89      3.00      1.00     1.445     119.873466      -0.119300      21.335800      5.00      5.00   193.734    85.842    11.337     15.00    -10.00
   90      4.00      0.00     1.099     119.871902      -0.074100      21.335800      5.00      5.00   205.511    65.507    48.135     20.00    -10.00
   91      5.00      0.00     0.946     119.870331      -0.028910      21.335800      5.00      5.00    61.647    27.039   106.557     25.00    -10.00
   92      5.00      0.00     0.825     119.868759       0.016280      21.335800      5.00      5.00   217.677    70.338    93.252     30.00    -10.00
   93      7.00      0.00     0.859     119.867188       0.061470      21.335800      5.00      5.00   204.863    70.056   105.191     35.00    -10.00
   94      7.00      0.00     0.836     119.865623       0.106660      21.335800      5.00      5.00   194.538    67.871   110.135     40.00    -10.00
   95      9.00      0.00     0.614     119.864052       0.151850      21.335800      5.00      5.00   175.990    63.760   113.417     45.00    -10.00
   96      9.00      0.00     0.375     119.862480       0.197040      21.335800      5.00      5.00   151.262    57.207   116.904     50.00    -10.00
   97     32.00      0.00     0.570     119.920059      -1.927490      16.667900      5.00      5.00   353.801    80.332   -10.161   -185.00     -5.00
   98     31.00      0.00     1.103     119.918488      -1.882300      16.667900      5.00      5.00   354.408    77.677    -4.136   -180.00     -5.00
   99     30.00      2.00     1.550     119.916924      -1.837110      16.667900      5.00      5.00   356.703    77.480     2.303   -175.00     -5.00
  100     29.00      4.00     1.854     119.915352      -1.791920      16.667900      5.00      5.00   359.252    77.827     6.648   -170.00     -5.00
  101     29.00      4.00     1.988     119.913788      -1.746730      16.667900      5.00      5.00     0.940    78.865     7.139   -165.00     -5.00
  102     28.00      3.00     1.952     119.912216      -1.701540      16.667900      5.00      5.00     2.175    80.920     6.527   -160.00     -5.00
  103     27.00      0.00     1.762     119.910652      -1.656350      16.667900      5.00      5.00     2.527    83.438     3.305   -155.00     -5.00
  104     26.00      0.00     1.471     119.909081      -1.611160      16.667900      5.00      5.00     1.568    86.429     0.294   -150.00     -5.00
  105     25.00      0.00     1.168     119.907516      -1.565970      16.667900      5.00      5.00   178.596    86.930     4.307   -145.00     -5.00
  106     25.00      0.00     0.993     119.905952      -1.520780      16.667900      5.00      5.00   172.534    81.595    12.596   -140.00     -5.00
  107     23.00      0.00     1.023     119.904381      -1.475590      16.667900      5.00      5.00   162.543    86.246    17.817   -135.00     -5.00
  108     23.00      0.00     1.187     119.902809      -1.430400      16.667900      5.00      5.00   336.253    88.779   -15.060   -130.00     -5.00
  109     22.00      0.00     1.422     119.901253      -1.385210      16.667900      5.00      5.00   333.640    87.778   -12.224   -125.00     -5.00
  110     22.00      2.00     1.654     119.899681      -1.340020      16.667900      5.00      5.00   153.370    88.426    11.914   -120.00     -5.00
  111     21.00      3.00     1.831     119.898109      -1.294830      16.667900      5.00      5.00   154.319    87.718    15.284   -115.00     -5.00
  112     20.00      1.00     1.878     119.896553      -1.249630      16.667900      5.00      5.00   158.298    85.242    20.995   -110.00     -5.00
  113     18.00      0.00     1.859     119.894981      -1.204440      16.667900      5.00      5.00   165.927    80.936    30.114   -105.00     -5.00
  114     18.00      0.00     1.803     119.893410      -1.159250      16.667900      5.00      5.00   174.141    78.737    34.603   -100.00     -5.00
  115     17.00      0.00     1.807     119.891853      -1.114060      16.667900      5.00      5.00   179.611    81.605    38.579    -95.00     -5.00
  116     15.00      0.00     1.837     119.890282      -1.068870      16.667900      5.00      5.00   356.955    88.779   -38.201    -90.00     -5.00
  117     15.00      0.00     1.905     119.888710      -1.023680      16.667900      5.00      5.00   348.491    75.325   -31.009    -85.00     -5.00
  118     14.00      3.00     2.057     119.887154      -0.978490      16.667900      5.00      5.00   341.618    65.148   -27.222    -80.00     -5.00
  119     13.00      5.00     2.235     119.885582      -0.933300      16.667900      5.00      5.00   335.755    59.650   -27.398    -75.00     -5.00
  120     12.00      6.00     2.516     119.884010      -0.888110      16.667900      5.00      5.00   331.574    58.505   -27.304    -70.00     -5.00
  121     12.00      8.00     2.668     119.882446      -0.842920      16.667900      5.00      5.00   332.514    64.850   -20.289    -65.00     -5.00
  122     11.00      7.00     2.754     119.880882      -0.797730      16.667900      5.00      5.00   336.272    81.766    -3.540    -60.00     -5.00
  123     10.00      8.00     2.920     119.879311      -0.752540      16.667900      5.00      5.00   157.802    87.984    -5.364    -55.00     -5.00
  124      9.00      9.00     2.980     119.877747      -0.707340      16.667900      5.00      5.00   159.529    86.191    -7.390    -50.00     -5.00
  125      9.00      8.00     2.895     119.876183      -0.662150      16.667900      5.00      5.00   162.296    88.028    -9.260    -45.00     -5.00
  126      8.00      9.00     2.767     119.874619      -0.616960      16.667900      5.00      5.00   345.699    88.092    11.688    -40.00     -5.00
  127      7.00      8.00     2.651     119.873047      -0.571770      16.667900      5.00      5.00   350.305    80.409    12.385    -35.00     -5.00
  128      6.00      7.00     2.607     119.871483      -0.526580      16.667900      5.00      5.00   354.308    72.232     9.727    -30.00     -5.00
  129      5.00      8.00     2.564     119.869919      -0.481390      16.667900      5.00      5.00   357.523    66.044     4.640    -25.00     -5.00
  130      4.00      7.00     2.551     119.868347      -0.436200      16.667900      5.00      5.00   359.645    64.935     1.468    -20.00     -5.00
  131      3.00      7.00     2.664     119.866791      -0.391010      16.667900      5.00      5.00     0.528    65.081    -1.321    -15.00     -5.00
  132      2.00      8.00     2.718     119.865219      -0.345820      16.667900      5.00      5.00     0.713    69.589    -2.937    -10.00     -5.00
  133      2.00      9.00     2.725     119.863647      -0.300630      16.667900      5.00      5.00     0.595    71.912    -4.936     -5.00     -5.00
  134      2.00      6.00     2.651     119.862091      -0.255430      16.667900      5.00      5.00     1.758    73.885    -6.091      0.00     -5.00
  135      2.00      5.00     2.480     119.860519      -0.210240      16.667900      5.00      5.00     4.126    76.374    -7.376      5.00     -5.00
  136      3.00      5.00     2.204     119.858948      -0.165050      16.667900      5.00      5.00     7.108    80.256    -9.230     10.00     -5.00
  137      3.00      3.00     1.838     119.857384      -0.119860      16.667900      5.00      5.00     8.773    83.295   -11.943     15.00     -5.00
  138      4.00      1.00     1.339     119.855812      -0.074670      16.667900      5.00      5.00   189.492    87.936    23.928     20.00     -5.00
  139      4.00      0.00     0.970     119.854240      -0.029480      16.667900      5.00      5.00   213.701    67.327    76.193     25.00     -5.00
  140      5.00      0.00     0.848     119.852669       0.015710      16.667900      5.00      5.00   353.872    23.405    41.134     30.00     -5.00
  141      7.00      0.00     0.953     119.851097       0.060900      16.667900      5.00      5.00   220.779    76.112   110.389     35.00     -5.00
  142      8.00      0.00     0.926     119.849533       0.106090      16.667900      5.00      5.00   212.263    72.871   111.072     40.00     -5.00
  143      9.00      0.00     0.767     119.847961       0.151280      16.667900      5.00      5.00   189.503    65.326   117.423     45.00     -5.00
  144      9.00      0.00     0.467     119.846390       0.196470      16.667900      5.00      5.00   179.846    63.942   119.518     50.00     -5.00
  145     31.00      0.00     0.753     119.903961      -1.928060      12.000000      5.00      5.00   169.581    89.537     8.621   -185.00      0.00
  146     31.00      0.00     1.384     119.902397      -1.882870      12.000000      5.00      5.00   172.153    88.595     7.788   -180.00      0.00
  147     30.00      3.00     1.843     119.900833      -1.837680      12.000000      5.00      5.00   174.652    89.517     4.125   -175.00      0.00
  148     30.00      5.00     2.124     119.899261      -1.792490      12.000000      5.00      5.00   357.353    88.737    -0.462   -170.00      0.00
  149     29.00      6.00     2.273     119.897690      -1.747300      12.000000      5.00      5.00     0.202    86.275     1.497   -165.00      0.00
  150     28.00      5.00     2.248     119.896133      -1.702110      12.000000      5.00      5.00     2.345    84.572     2.441   -160.00      0.00
  151     28.00      4.00     2.030     119.894562      -1.656920      12.000000      5.00      5.00     3.461    84.774    -0.048   -155.00      0.00
  152     26.00      0.00     1.708     119.892990      -1.611730      12.000000      5.00      5.00     2.051    85.434    -4.944   -150.00      0.00
  153     25.00      0.00     1.421     119.891418      -1.566530      12.000000      5.00      5.00   177.608    89.916    11.571   -145.00      0.00
  154     24.00      0.00     1.268     119.889862      -1.521340      12.000000      5.00      5.00   170.133    87.439    17.325   -140.00      0.00
  155     24.00      0.00     1.302     119.888290      -1.476150      12.000000      5.00      5.00   161.415    89.930    18.247   -135.00      0.00
  156     23.00      2.00     1.536     119.886719      -1.430960      12.000000      5.00      5.00   334.445    85.952   -12.585   -130.00      0.00
  157     22.00      5.00     1.811     119.885162      -1.385770      12.000000      5.00      5.00   332.292    88.336   -11.641   -125.00      0.00
  158     22.00      5.00     2.070     119.883591      -1.340580      12.000000      5.00      5.00   152.416    87.295    14.236   -120.00      0.00
  159     21.00      5.00     2.248     119.882019      -1.295390      12.000000      5.00      5.00   154.254    85.158    19.138   -115.00      0.00
  160     19.00      4.00     2.232     119.880463      -1.250200      12.000000      5.00      5.00   158.419    82.750    23.743   -110.00      0.00
  161     19.00      4.00     2.149     119.878891      -1.205010      12.000000      5.00      5.00   163.896    82.339    28.917   -105.00      0.00
  162     18.00      1.00     2.076     119.877319      -1.159820      12.000000      5.00      5.00   171.055    81.800    33.777   -100.00      0.00
  163     18.00      1.00     2.033     119.875763      -1.114630      12.000000      5.00      5.00   173.697    86.263    34.036    -95.00      0.00
  164     16.00      2.00     2.093     119.874191      -1.069440      12.000000      5.00      5.00   351.225    82.941   -31.173    -90.00      0.00
  165     15.00      5.00     2.291     119.872620      -1.024250      12.000000      5.00      5.00   344.747    69.727   -28.165    -85.00      0.00
  166     14.00      8.00     2.500     119.871063      -0.979050      12.000000      5.00      5.00   339.400    61.600   -27.037    -80.00      0.00
  167     13.00      8.00     2.766     119.869492      -0.933860      12.000000      5.00      5.00   334.244    56.281   -28.120    -75.00      0.00
  168     12.00      9.00     3.046     119.867928      -0.888670      12.000000      5.00      5.00   331.878    56.884   -26.539    -70.00      0.00
  169     12.00      9.00     3.202     119.866364      -0.843480      12.000000      5.00      5.00   333.961    64.392   -18.307    -65.00      0.00
  170     11.00      8.00     3.327     119.864792      -0.798290      12.000000      5.00      5.00   337.350    80.722    -2.646    -60.00      0.00
  171     10.00      9.00     3.473     119.863228      -0.753100      12.000000      5.00      5.00   338.576    89.807     5.064    -55.00      0.00
  172      9.00      9.00     3.496     119.861656      -0.707910      12.000000      5.00      5.00   160.173    87.460    -7.508    -50.00      0.00
  173      8.00      9.00     3.398     119.860092      -0.662720      12.000000      5.00      5.00   162.137    89.102    -7.479    -45.00      0.00
  174      8.00     10.00     3.191     119.858528      -0.617530      12.000000      5.00      5.00   345.557    86.297     8.818    -40.00      0.00
  175      7.00      9.00     3.053     119.856956      -0.572340      12.000000      5.00      5.00   349.592    79.535     7.273    -35.00      0.00
  176      6.00      8.00     3.024     119.855400      -0.527150      12.000000      5.00      5.00   353.560    70.270     3.772    -30.00      0.00
  177      5.00      9.00     3.006     119.853828      -0.481950      12.000000      5.00      5.00   355.777    65.011    -1.209    -25.00      0.00
  178      4.00      9.00     3.044     119.852257      -0.436760      12.000000      5.00      5.00   357.225    63.980    -4.463    -20.00      0.00
  179      3.00      9.00     3.104     119.850700      -0.391570      12.000000      5.00      5.00   358.182    65.920    -6.340    -15.00      0.00
  180      3.00      9.00     3.174     119.849129      -0.346380      12.000000      5.00      5.00   358.694    68.478    -7.939    -10.00      0.00
  181      2.00     10.00     3.245     119.847572      -0.301190      12.000000      5.00      5.00   358.725    70.096   -10.629     -5.00      0.00
  182      2.00     10.00     3.168     119.846001      -0.256000      12.000000      5.00      5.00   359.558    71.507   -11.994      0.00      0.00
  183      2.00      8.00     2.935     119.844429      -0.210810      12.000000      5.00      5.00     0.946    72.897   -12.705      5.00      0.00
  184      2.00      7.00     2.560     119.842873      -0.165620      12.000000      5.00      5.00     2.635    74.312   -13.443     10.00      0.00
  185      3.00      4.00     2.058     119.841301      -0.120430      12.000000      5.00      5.00     2.882    74.369   -13.992     15.00      0.00
  186      4.00      2.00     1.491     119.839737      -0.075240      12.000000      5.00      5.00     0.143    69.598   -13.036     20.00      0.00
  187      5.00      0.00     1.067     119.838173      -0.030050      12.000000      5.00      5.00   347.609    38.524     5.847     25.00      0.00
  188      6.00      0.00     1.017     119.836601       0.015150      12.000000      5.00      5.00   332.509    27.288     4.165     30.00      0.00
  189      7.00      0.00     1.031     119.835037       0.060340      12.000000      5.00      5.00   327.864    23.755     2.866     35.00      0.00
  190      7.00      0.00     0.943     119.833473       0.105530      12.000000      5.00      5.00   -29.899    29.002    16.667     40.00      0.00
  191     10.00      0.00     0.803     119.831909       0.150720      12.000000      5.00      5.00   199.745    64.645   129.175     45.00      0.00
  192      9.00      0.00     0.506     119.830338       0.195910      12.000000      5.00      5.00   188.520    59.468   129.396     50.00      0.00
  193     32.00      0.00     0.811     119.887871      -1.928620       7.332100      5.00      5.00   170.053    81.746     3.312   -185.00      5.00
  194     31.00      0.00     1.519     119.886299      -1.883430       7.332100      5.00      5.00   171.559    82.175     6.308   -180.00      5.00
  195     30.00      6.00     2.007     119.884743      -1.838240       7.332100      5.00      5.00   174.201    83.989     6.467   -175.00      5.00
  196     30.00      7.00     2.294     119.883171      -1.793050       7.332100      5.00      5.00   176.751    86.508     4.995   -170.00      5.00
  197     29.00      7.00     2.441     119.881599      -1.747860       7.332100      5.00      5.00   179.595    89.357     2.249   -165.00      5.00
  198     28.00      6.00     2.404     119.880028      -1.702670       7.332100      5.00      5.00     2.094    87.968    -1.380   -160.00      5.00
  199     28.00      5.00     2.175     119.878471      -1.657480       7.332100      5.00      5.00     3.413    86.822    -3.549   -155.00      5.00
  200     27.00      3.00     1.861     119.876900      -1.612290       7.332100      5.00      5.00     2.517    88.033   -10.215   -150.00      5.00
  201     25.00      0.00     1.587     119.875328      -1.567100       7.332100      5.00      5.00   358.003    88.121   -17.126   -145.00      5.00
  202     24.00      0.00     1.449     119.873772      -1.521910       7.332100      5.00      5.00   349.931    88.132   -20.631   -140.00      5.00
  203     23.00      0.00     1.532     119.872200      -1.476720       7.332100      5.00      5.00   340.155    87.515   -18.319   -135.00      5.00
  204     23.00      4.00     1.792     119.870628      -1.431530       7.332100      5.00      5.00   334.067    87.704   -13.468   -130.00      5.00
  205     23.00      6.00     2.084     119.869072      -1.386340       7.332100      5.00      5.00   331.908    89.838   -12.030   -125.00      5.00
  206     22.00      6.00     2.325     119.867500      -1.341150       7.332100      5.00      5.00   151.982    87.671    15.674   -120.00      5.00
  207     21.00      7.00     2.428     119.865929      -1.295960       7.332100      5.00      5.00   154.567    83.320    20.295   -115.00      5.00
  208     20.00      6.00     2.400     119.864372      -1.250760       7.332100      5.00      5.00   158.080    82.945    24.356   -110.00      5.00
  209     19.00      6.00     2.290     119.862801      -1.205570       7.332100      5.00      5.00   162.845    82.969    27.808   -105.00      5.00
  210     18.00      5.00     2.222     119.861229      -1.160380       7.332100      5.00      5.00   167.227    85.126    30.457   -100.00      5.00
  211     17.00      4.00     2.225     119.859673      -1.115190       7.332100      5.00      5.00   349.066    89.195   -31.583    -95.00      5.00
  212     16.00      5.00     2.297     119.858101      -1.070000       7.332100      5.00      5.00   347.084    77.145   -27.823    -90.00      5.00
  213     15.00      8.00     2.522     119.856537      -1.024810       7.332100      5.00      5.00   342.363    65.594   -26.053    -85.00      5.00
  214     14.00      9.00     2.809     119.854973      -0.979620       7.332100      5.00      5.00   337.513    58.950   -27.454    -80.00      5.00
  215     14.00      9.00     3.100     119.853401      -0.934430       7.332100      5.00      5.00   333.681    55.770   -28.305    -75.00      5.00
  216     13.00     10.00     3.381     119.851837      -0.889240       7.332100      5.00      5.00   332.594    57.000   -25.916    -70.00      5.00
  217     12.00     10.00     3.516     119.850273      -0.844050       7.332100      5.00      5.00   335.607    66.114   -16.295    -65.00      5.00
  218     11.00     10.00     3.647     119.848701      -0.798860       7.332100      5.00      5.00   338.046    79.238    -4.620    -60.00      5.00
  219     10.00      9.00     3.765     119.847137      -0.753670       7.332100      5.00      5.00   339.146    88.015     3.771    -55.00      5.00
  220      9.00     10.00     3.782     119.845612      -0.708470       7.332100      5.00      5.00   340.392    89.669     7.138    -50.00      5.00
  221      8.00     10.00     3.657     119.844040      -0.663280       7.332100      5.00      5.00   342.351    88.360     7.645    -45.00      5.00
  222      8.00     10.00     3.484     119.842468      -0.618090       7.332100      5.00      5.00   345.292    83.545     6.627    -40.00      5.00
  223      7.00     10.00     3.349     119.840897      -0.572900       7.332100      5.00      5.00   349.083    75.356     2.831    -35.00      5.00
  224      6.00     10.00     3.289     119.839333      -0.527710       7.332100      5.00      5.00   352.299    66.945    -2.043    -30.00      5.00
  225      5.00      9.00     3.331     119.837761      -0.482520       7.332100      5.00      5.00   354.168    62.773    -5.392    -25.00      5.00
  226      5.00      9.00     3.350     119.836189      -0.437330       7.332100      5.00      5.00   355.321    63.006    -8.193    -20.00      5.00
  227      4.00      9.00     3.382     119.834618      -0.392140       7.332100      5.00      5.00   356.165    65.325   -10.650    -15.00      5.00
  228      3.00     10.00     3.465     119.833054      -0.346950       7.332100      5.00      5.00   356.525    67.619   -12.922    -10.00      5.00
  229      2.00      9.00     3.511     119.831482      -0.301760       7.332100      5.00      5.00   357.393    70.604   -14.115     -5.00      5.00
  230      2.00     10.00     3.453     119.829910      -0.256570       7.332100      5.00      5.00   357.979    71.531   -15.519      0.00      5.00
  231      2.00      9.00     3.223     119.828346      -0.211370       7.332100      5.00      5.00   358.513    71.589   -16.698      5.00      5.00
  232      3.00      8.00     2.782     119.826782      -0.166180       7.332100      5.00      5.00   359.262    71.595   -16.850     10.00      5.00
  233      3.00      7.00     2.215     119.825218      -0.120990       7.332100      5.00      5.00   359.140    69.621   -16.925     15.00      5.00
  234      4.00      3.00     1.678     119.823647      -0.075800       7.332100      5.00      5.00   353.274    58.940   -15.316     20.00      5.00
  235      5.00      0.00     1.372     119.822083      -0.030610       7.332100      5.00      5.00   339.934    38.597   -10.633     25.00      5.00
  236      6.00      0.00     1.263     119.820518       0.014580       7.332100      5.00      5.00   323.165    26.461   -15.804     30.00      5.00
  237      6.00      0.00     1.133     119.818947       0.059770       7.332100      5.00      5.00    69.594    81.051  -104.948     35.00      5.00
  238      7.00      0.00     1.020     119.817390       0.104960       7.332100      5.00      5.00   214.036     9.283  -141.046     40.00      5.00
  239     10.00      0.00     0.826     119.815819       0.150150       7.332100      5.00      5.00   191.624    48.059   151.642     45.00      5.00
  240     10.00      0.00     0.518     119.814247       0.195340       7.332100      5.00      5.00   195.081    55.313   144.435     50.00      5.00
  241     32.00      0.00     0.819     119.871780      -1.929190       2.664200      5.00      5.00   170.633    76.636     5.437   -185.00     10.00
  242     31.00      1.00     1.533     119.870209      -1.884000       2.664200      5.00      5.00   172.066    80.032     7.533   -180.00     10.00
  243     30.00      6.00     2.050     119.868637      -1.838810       2.664200      5.00      5.00   174.372    81.992     7.455   -175.00     10.00
  244     30.00      7.00     2.350     119.867081      -1.793620       2.664200      5.00      5.00   176.846    84.169     6.343   -170.00     10.00
  245     29.00      7.00     2.487     119.865509      -1.748430       2.664200      5.00      5.00   179.546    86.706     5.042   -165.00     10.00
  246     28.00      6.00     2.454     119.863937      -1.703240       2.664200      5.00      5.00   181.962    89.181     5.057   -160.00     10.00
  247     28.00      5.00     2.239     119.862373      -1.658050       2.664200      5.00      5.00     3.386    89.271    -7.626   -155.00     10.00
  248     27.00      4.00     1.942     119.860809      -1.612860       2.664200      5.00      5.00     2.700    88.817   -13.355   -150.00     10.00
  249     25.00      2.00     1.687     119.859238      -1.567660       2.664200      5.00      5.00   358.369    88.682   -20.564   -145.00     10.00
  250     24.00      0.00     1.558     119.857681      -1.522470       2.664200      5.00      5.00   349.646    86.727   -22.204   -140.00     10.00
  251     23.00      0.00     1.647     119.856110      -1.477280       2.664200      5.00      5.00   339.700    85.580   -18.606   -135.00     10.00
  252     23.00      4.00     1.921     119.854538      -1.432090       2.664200      5.00      5.00   333.907    87.622   -14.084   -130.00     10.00
  253     22.00      6.00     2.206     119.852982      -1.386900       2.664200      5.00      5.00   151.891    89.616    12.928   -125.00     10.00
  254     22.00      7.00     2.421     119.851410      -1.341710       2.664200      5.00      5.00   152.037    86.893    15.612   -120.00     10.00
  255     21.00      7.00     2.507     119.849838      -1.296520       2.664200      5.00      5.00   154.340    83.494    19.712   -115.00     10.00
  256     20.00      6.00     2.472     119.848282      -1.251330       2.664200      5.00      5.00   157.727    82.686    23.709   -110.00     10.00
  257     19.00      6.00     2.347     119.846710      -1.206140       2.664200      5.00      5.00   162.274    82.916    26.910   -105.00     10.00
  258     18.00      6.00     2.280     119.845207      -1.160950       2.664200      5.00      5.00   166.255    86.044    29.637   -100.00     10.00
  259     17.00      5.00     2.284     119.843643      -1.115760       2.664200      5.00      5.00   347.866    87.430   -30.333    -95.00     10.00
  260     16.00      5.00     2.373     119.842072      -1.070570       2.664200      5.00      5.00   345.811    75.639   -27.183    -90.00     10.00
  261     15.00      8.00     2.621     119.840500      -1.025380       2.664200      5.00      5.00   341.413    64.237   -25.284    -85.00     10.00
  262     14.00      9.00     2.931     119.838928      -0.980190       2.664200      5.00      5.00   337.003    57.959   -26.777    -80.00     10.00
  263     14.00      9.00     3.243     119.837357      -0.934990       2.664200      5.00      5.00   333.768    55.669   -27.794    -75.00     10.00
  264     13.00     10.00     3.496     119.835793      -0.889800       2.664200      5.00      5.00   333.358    57.889   -25.115    -70.00     10.00
  265     12.00     10.00     3.633     119.834221      -0.844610       2.664200      5.00      5.00   336.332    67.004   -15.363    -65.00     10.00
  266     11.00     10.00     3.761     119.832657      -0.799420       2.664200      5.00      5.00   338.588    79.089    -4.282    -60.00     10.00
  267     10.00     10.00     3.866     119.831093      -0.754230       2.664200      5.00      5.00   339.614    87.310     3.489    -55.00     10.00
  268      9.00     11.00     3.881     119.829521      -0.709040       2.664200      5.00      5.00   340.700    89.418     7.214    -50.00     10.00
  269      9.00     10.00     3.766     119.827950      -0.663850       2.664200      5.00      5.00   342.648    86.972     7.174    -45.00     10.00
  270      8.00     10.00     3.606     119.826378      -0.618660       2.664200      5.00      5.00   345.390    80.797     3.939    -40.00     10.00
  271      7.00     10.00     3.474     119.824806      -0.573470       2.664200      5.00      5.00   348.588    72.949    -0.256    -35.00     10.00
  272      6.00     10.00     3.438     119.823242      -0.528280       2.664200      5.00      5.00   351.506    65.538    -4.228    -30.00     10.00
  273      6.00      9.00     3.464     119.821671      -0.483090       2.664200      5.00      5.00   353.500    61.914    -7.107    -25.00     10.00
  274      5.00      9.00     3.488     119.820099      -0.437900       2.664200      5.00      5.00   354.483    62.246   -10.013    -20.00     10.00
  275      4.00      9.00     3.526     119.818527      -0.392700       2.664200      5.00      5.00   355.257    65.338   -12.924    -15.00     10.00
  276      3.00     10.00     3.598     119.816963      -0.347510       2.664200      5.00      5.00   356.090    68.317   -15.282    -10.00     10.00
  277      3.00     10.00     3.632     119.815399      -0.302320       2.664200      5.00      5.00   356.949    70.703   -16.701     -5.00     10.00
  278      2.00      9.00     3.546     119.813828      -0.257130       2.664200      5.00      5.00   357.733    71.965   -17.663      0.00     10.00
  279      3.00      9.00     3.286     119.812263      -0.211940       2.664200      5.00      5.00   358.336    72.379   -18.228      5.00     10.00
  280      3.00      9.00     2.846     119.810692      -0.166750       2.664200      5.00      5.00   358.290    70.880   -18.702     10.00     10.00
  281      3.00      8.00     2.315     119.809128      -0.121560       2.664200      5.00      5.00   356.749    66.362   -18.731     15.00     10.00
  282      4.00      5.00     1.802     119.807564      -0.076370       2.664200      5.00      5.00   350.504    54.757   -17.236     20.00     10.00
  283      5.00      0.00     1.501     119.806000      -0.031180       2.664200      5.00      5.00   337.280    35.730   -14.859     25.00     10.00
  284      6.00      1.00     1.390     119.804428       0.014020       2.664200      5.00      5.00   320.888    23.737   -23.222     30.00     10.00
  285      7.00      0.00     1.274     119.802856       0.059210       2.664200      5.00      5.00    75.606    79.801   -99.262     35.00     10.00
  286      7.00      0.00     1.110     119.801300       0.104400       2.664200      5.00      5.00   216.296    12.024  -141.941     40.00     10.00
  287      9.00      0.00     0.854     119.799728       0.149590       2.664200      5.00      5.00   189.406    34.210   167.169     45.00     10.00
  288      9.00      0.00     0.500     119.798172       0.194780       2.664200      5.00      5.00   192.617    47.412   153.178     50.00     10.00
