      xloc      yloc          depth         ave SR         max SR         #     start       end     max SR all       str       dip      rake flag
   -185.00     -5.00      24.667900       0.000000       0.000000        16      15.0      16.0       0.543774   180.000    45.000    90.000    0     119.920059      -1.927490
   -185.00      0.00      20.000000       0.000000       0.000000        16      15.0      16.0       0.543774   180.000    45.000    90.000    0     119.903961      -1.928060
   -185.00      5.00      15.332100       0.000000       0.000000        16      15.0      16.0       0.543774   180.000    45.000    90.000    0     119.887871      -1.928620
   -185.00     10.00      10.664200       0.000000       0.000000        16      15.0      16.0       0.543774   180.000    45.000    90.000    0     119.871780      -1.929190
   -185.00     15.00       5.996290       0.000000       0.000000        16      15.0      16.0       0.543774   180.000    45.000    90.000    0     119.855682      -1.929750
   -185.00     20.00       1.328390       0.000000       0.000000        16      15.0      16.0       0.543774   180.000    45.000    90.000    0     119.839706      -1.930320
   -180.00     -5.00      24.667900       0.000000       0.000000        16      15.0      16.0       0.543774   180.000    45.000    90.000    0     119.918488      -1.882300
   -180.00      0.00      20.000000       0.000000       0.000000        16      15.0      16.0       0.543774   180.000    45.000    90.000    0     119.902397      -1.882870
   -180.00      5.00      15.332100       0.000000       0.000000        16      15.0      16.0       0.543774   180.000    45.000    90.000    0     119.886299      -1.883430
   -180.00     10.00      10.664200       0.000000       0.000000        16      15.0      16.0       0.543774   180.000    45.000    90.000    0     119.870209      -1.884000
   -180.00     15.00       5.996290       0.000000       0.000000        16      15.0      16.0       0.543774   180.000    45.000    90.000    0     119.854118      -1.884560
   -180.00     20.00       1.328390       0.000000       0.000000        16      15.0      16.0       0.543774   180.000    45.000    90.000    0     119.838142      -1.885130
   -175.00     -5.00      24.667900       0.000000       0.000000        16      15.0      16.0       0.543774   180.000    45.000    90.000    0     119.916924      -1.837110
   -175.00      0.00      20.000000       0.000000       0.000000        16      15.0      16.0       0.543774   180.000    45.000    90.000    0     119.900833      -1.837680
   -175.00      5.00      15.332100       0.000000       0.000000        16      15.0      16.0       0.543774   180.000    45.000    90.000    0     119.884743      -1.838240
   -175.00     10.00      10.664200       0.000000       0.000000        16      15.0      16.0       0.543774   180.000    45.000    90.000    0     119.868637      -1.838810
   -175.00     15.00       5.996290       0.000000       0.000000        16      15.0      16.0       0.543774   180.000    45.000    90.000    0     119.852547      -1.839370
   -175.00     20.00       1.328390       0.000000       0.000000        16      15.0      16.0       0.543774   180.000    45.000    90.000    0     119.836571      -1.839940
   -170.00     -5.00      24.667900       0.000000       0.000000        16      15.0      16.0       0.543774   180.000    45.000    90.000    0     119.915352      -1.791920
   -170.00      0.00      20.000000       0.000000       0.000000        16      15.0      16.0       0.543774   180.000    45.000    90.000    0     119.899261      -1.792490
   -170.00      5.00      15.332100       0.000000       0.000000        16      15.0      16.0       0.543774   180.000    45.000    90.000    0     119.883171      -1.793050
   -170.00     10.00      10.664200       0.000000       0.000000        16      15.0      16.0       0.543774   180.000    45.000    90.000    0     119.867081      -1.793620
   -170.00     15.00       5.996290       0.000000       0.000000        16      15.0      16.0       0.543774   180.000    45.000    90.000    0     119.850983      -1.794180
   -170.00     20.00       1.328390       0.000000       0.000000        16      15.0      16.0       0.543774   180.000    45.000    90.000    0     119.834999      -1.794750
   -165.00     -5.00      24.667900       0.000000       0.000000        16      15.0      16.0       0.543774   180.000    45.000    90.000    0     119.913788      -1.746730
   -165.00      0.00      20.000000       0.000000       0.000000        16      15.0      16.0       0.543774   180.000    45.000    90.000    0     119.897690      -1.747300
   -165.00      5.00      15.332100       0.000000       0.000000        16      15.0      16.0       0.543774   180.000    45.000    90.000    0     119.881599      -1.747860
   -165.00     10.00      10.664200       0.000000       0.000000        16      15.0      16.0       0.543774   180.000    45.000    90.000    0     119.865509      -1.748430
   -165.00     15.00       5.996290       0.000000       0.000000        16      15.0      16.0       0.543774   180.000    45.000    90.000    0     119.849419      -1.748990
   -165.00     20.00       1.328390       0.000000       0.000000        16      15.0      16.0       0.543774   180.000    45.000    90.000    0     119.833427      -1.749560
   -160.00     -5.00      24.667900       0.000000       0.000000        16      15.0      16.0       0.543774   180.000    45.000    90.000    0     119.912216      -1.701540
   -160.00      0.00      20.000000       0.000000       0.000000        16      15.0      16.0       0.543774   180.000    45.000    90.000    0     119.896133      -1.702110
   -160.00      5.00      15.332100       0.000000       0.000000        16      15.0      16.0       0.543774   180.000    45.000    90.000    0     119.880028      -1.702670
   -160.00     10.00      10.664200       0.000000       0.000000        16      15.0      16.0       0.543774   180.000    45.000    90.000    0     119.863937      -1.703240
   -160.00     15.00       5.996290       0.000000       0.000000        16      15.0      16.0       0.543774   180.000    45.000    90.000    0     119.847847      -1.703800
   -160.00     20.00       1.328390       0.000000       0.000000        16      15.0      16.0       0.543774   180.000    45.000    90.000    0     119.831863      -1.704370
   -155.00     -5.00      24.667900       0.000000       0.000000        16      15.0      16.0       0.543774   180.000    45.000    90.000    0     119.910652      -1.656350
   -155.00      0.00      20.000000       0.000000       0.000000        16      15.0      16.0       0.543774   180.000    45.000    90.000    0     119.894562      -1.656920
   -155.00      5.00      15.332100       0.000000       0.000000        16      15.0      16.0       0.543774   180.000    45.000    90.000    0     119.878471      -1.657480
   -155.00     10.00      10.664200       0.000000       0.000000        16      15.0      16.0       0.543774   180.000    45.000    90.000    0     119.862373      -1.658050
   -155.00     15.00       5.996290       0.000000       0.000000        16      15.0      16.0       0.543774   180.000    45.000    90.000    0     119.846283      -1.658610
   -155.00     20.00       1.328390       0.000000       0.000000        16      15.0      16.0       0.543774   180.000    45.000    90.000    0     119.830292      -1.659180
   -150.00     -5.00      24.667900       0.000000       0.000000        16      15.0      16.0       0.543774   180.000    45.000    90.000    0     119.909081      -1.611160
   -150.00      0.00      20.000000       0.000000       0.000000        16      15.0      16.0       0.543774   180.000    45.000    90.000    0     119.892990      -1.611730
   -150.00      5.00      15.332100       0.000000       0.000000        16      15.0      16.0       0.543774   180.000    45.000    90.000    0     119.876900      -1.612290
   -150.00     10.00      10.664200       0.000000       0.000000        16      15.0      16.0       0.543774   180.000    45.000    90.000    0     119.860809      -1.612860
   -150.00     15.00       5.996290       0.000000       0.000000        16      15.0      16.0       0.543774   180.000    45.000    90.000    0     119.844818      -1.613420
   -150.00     20.00       1.328390       0.000000       0.000000        16      15.0      16.0       0.543774   180.000    45.000    90.000    0     119.828720      -1.613990
   -145.00     -5.00      24.667900       0.000000       0.000000        16      15.0      16.0       0.543774   180.000    45.000    90.000    0     119.907516      -1.565970
   -145.00      0.00      20.000000       0.000000       0.000000        16      15.0      16.0       0.543774   180.000    45.000    90.000    0     119.891418      -1.566530
   -145.00      5.00      15.332100       0.000000       0.000000        16      15.0      16.0       0.543774   180.000    45.000    90.000    0     119.875328      -1.567100
   -145.00     10.00      10.664200       0.000000       0.000000        16      15.0      16.0       0.543774   180.000    45.000    90.000    0     119.859238      -1.567660
   -145.00     15.00       5.996290       0.000000       0.000000        16      15.0      16.0       0.543774   180.000    45.000    90.000    0     119.843246      -1.568230
   -145.00     20.00       1.328390       0.000000       0.000000        16      15.0      16.0       0.543774   180.000    45.000    90.000    0     119.827148      -1.568800
   -140.00     -5.00      24.667900       0.000000       0.000000        16      15.0      16.0       0.543774   180.000    45.000    90.000    0     119.905952      -1.520780
   -140.00      0.00      20.000000       0.000000       0.000000        16      15.0      16.0       0.543774   180.000    45.000    90.000    0     119.889862      -1.521340
   -140.00      5.00      15.332100       0.000000       0.000000        16      15.0      16.0       0.543774   180.000    45.000    90.000    0     119.873772      -1.521910
   -140.00     10.00      10.664200       0.000000       0.000000        16      15.0      16.0       0.543774   180.000    45.000    90.000    0     119.857681      -1.522470
   -140.00     15.00       5.996290       0.000000       0.000000        16      15.0      16.0       0.543774   180.000    45.000    90.000    0     119.841682      -1.523040
   -140.00     20.00       1.328390       0.000000       0.000000        16      15.0      16.0       0.543774   180.000    45.000    90.000    0     119.825577      -1.523610
   -135.00     -5.00      24.667900       0.000000       0.000000        16      15.0      16.0       0.543774   180.000    45.000    90.000    0     119.904381      -1.475590
   -135.00      0.00      20.000000       0.000000       0.000000        16      15.0      16.0       0.543774   180.000    45.000    90.000    0     119.888290      -1.476150
   -135.00      5.00      15.332100       0.000000       0.000000        16      15.0      16.0       0.543774   180.000    45.000    90.000    0     119.872200      -1.476720
   -135.00     10.00      10.664200       0.000000       0.000000        16      15.0      16.0       0.543774   180.000    45.000    90.000    0     119.856110      -1.477280
   -135.00     15.00       5.996290       0.000000       0.000000        16      15.0      16.0       0.543774   180.000    45.000    90.000    0     119.840111      -1.477850
   -135.00     20.00       1.328390       0.000000       0.000000        16      15.0      16.0       0.543774   180.000    45.000    90.000    0     119.824020      -1.478410
   -130.00     -5.00      24.667900       0.000000       0.000000        16      15.0      16.0       0.543774   180.000    45.000    90.000    0     119.902809      -1.430400
   -130.00      0.00      20.000000       0.000000       0.000000        16      15.0      16.0       0.543774   180.000    45.000    90.000    0     119.886719      -1.430960
   -130.00      5.00      15.332100       0.000000       0.000000        16      15.0      16.0       0.543774   180.000    45.000    90.000    0     119.870628      -1.431530
   -130.00     10.00      10.664200       0.000000       0.000000        16      15.0      16.0       0.543774   180.000    45.000    90.000    0     119.854538      -1.432090
   -130.00     15.00       5.996290       0.000000       0.000000        16      15.0      16.0       0.543774   180.000    45.000    90.000    0     119.838539      -1.432660
   -130.00     20.00       1.328390       0.000000       0.000000        16      15.0      16.0       0.543774   180.000    45.000    90.000    0     119.822449      -1.433220
   -125.00     -5.00      24.667900       0.000000       0.000000        16      15.0      16.0       0.543774   180.000    45.000    90.000    0     119.901253      -1.385210
   -125.00      0.00      20.000000       0.000000       0.000000        16      15.0      16.0       0.543774   180.000    45.000    90.000    0     119.885162      -1.385770
   -125.00      5.00      15.332100       0.000000       0.000000        16      15.0      16.0       0.543774   180.000    45.000    90.000    0     119.869072      -1.386340
   -125.00     10.00      10.664200       0.000000       0.000000        16      15.0      16.0       0.543774   180.000    45.000    90.000    0     119.852982      -1.386900
   -125.00     15.00       5.996290       0.000000       0.000000        16      15.0      16.0       0.543774   180.000    45.000    90.000    0     119.836967      -1.387470
   -125.00     20.00       1.328390       0.000000       0.000000        16      15.0      16.0       0.543774   180.000    45.000    90.000    0     119.820877      -1.388030
   -120.00     -5.00      24.667900       0.000000       0.000000        16      15.0      16.0       0.543774   180.000    45.000    90.000    0     119.899681      -1.340020
   -120.00      0.00      20.000000       0.000000       0.000000        16      15.0      16.0       0.543774   180.000    45.000    90.000    0     119.883591      -1.340580
   -120.00      5.00      15.332100       0.000000       0.000000        16      15.0      16.0       0.543774   180.000    45.000    90.000    0     119.867500      -1.341150
   -120.00     10.00      10.664200       0.000000       0.000000        16      15.0      16.0       0.543774   180.000    45.000    90.000    0     119.851410      -1.341710
   -120.00     15.00       5.996290       0.000000       0.000000        16      15.0      16.0       0.543774   180.000    45.000    90.000    0     119.835403      -1.342280
   -120.00     20.00       1.328390       0.000000       0.000000        16      15.0      16.0       0.543774   180.000    45.000    90.000    0     119.819313      -1.342840
   -115.00     -5.00      24.667900       0.000000       0.000000        16      15.0      16.0       0.543774   180.000    45.000    90.000    0     119.898109      -1.294830
   -115.00      0.00      20.000000       0.000000       0.000000        16      15.0      16.0       0.543774   180.000    45.000    90.000    0     119.882019      -1.295390
   -115.00      5.00      15.332100       0.000000       0.000000        16      15.0      16.0       0.543774   180.000    45.000    90.000    0     119.865929      -1.295960
   -115.00     10.00      10.664200       0.000000       0.000000        16      15.0      16.0       0.543774   180.000    45.000    90.000    0     119.849838      -1.296520
   -115.00     15.00       5.996290       0.000000       0.000000        16      15.0      16.0       0.543774   180.000    45.000    90.000    0     119.833832      -1.297090
   -115.00     20.00       1.328390       0.000000       0.000000        16      15.0      16.0       0.543774   180.000    45.000    90.000    0     119.817741      -1.297650
   -110.00     -5.00      24.667900       0.000000       0.000000        16      15.0      16.0       0.543774   180.000    45.000    90.000    0     119.896553      -1.249630
   -110.00      0.00      20.000000       0.000000       0.000000        16      15.0      16.0       0.543774   180.000    45.000    90.000    0     119.880463      -1.250200
   -110.00      5.00      15.332100       0.000000       0.000000        16      15.0      16.0       0.543774   180.000    45.000    90.000    0     119.864372      -1.250760
   -110.00     10.00      10.664200       0.000000       0.000000        16      15.0      16.0       0.543774   180.000    45.000    90.000    0     119.848282      -1.251330
   -110.00     15.00       5.996290       0.000000       0.000000        16      15.0      16.0       0.543774   180.000    45.000    90.000    0     119.832260      -1.251900
   -110.00     20.00       1.328390       0.000000       0.000000        16      15.0      16.0       0.543774   180.000    45.000    90.000    0     119.816170      -1.252460
   -105.00     -5.00      24.667900       0.000000       0.000000        16      15.0      16.0       0.543774   180.000    45.000    90.000    0     119.894981      -1.204440
   -105.00      0.00      20.000000       0.000000       0.000000        16      15.0      16.0       0.543774   180.000    45.000    90.000    0     119.878891      -1.205010
   -105.00      5.00      15.332100       0.000000       0.000000        16      15.0      16.0       0.543774   180.000    45.000    90.000    0     119.862801      -1.205570
   -105.00     10.00      10.664200       0.000000       0.000000        16      15.0      16.0       0.543774   180.000    45.000    90.000    0     119.846710      -1.206140
   -105.00     15.00       5.996290       0.000000       0.000000        16      15.0      16.0       0.543774   180.000    45.000    90.000    0     119.830688      -1.206700
   -105.00     20.00       1.328390       0.000000       0.000000        16      15.0      16.0       0.543774   180.000    45.000    90.000    0     119.814598      -1.207270
   -100.00     -5.00      24.667900       0.000000       0.000000        16      15.0      16.0       0.543774   180.000    45.000    90.000    0     119.893410      -1.159250
   -100.00      0.00      20.000000       0.000000       0.000000        16      15.0      16.0       0.543774   180.000    45.000    90.000    0     119.877319      -1.159820
   -100.00      5.00      15.332100       0.000000       0.000000        16      15.0      16.0       0.543774   180.000    45.000    90.000    0     119.861229      -1.160380
   -100.00     10.00      10.664200       0.000000       0.000000        16      15.0      16.0       0.543774   180.000    45.000    90.000    0     119.845207      -1.160950
   -100.00     15.00       5.996290       0.000000       0.000000        16      15.0      16.0       0.543774   180.000    45.000    90.000    0     119.829117      -1.161510
   -100.00     20.00       1.328390       0.000000       0.000000        16      15.0      16.0       0.543774   180.000    45.000    90.000    0     119.813026      -1.162080
    -95.00     -5.00      24.667900       0.000000       0.000000        16      15.0      16.0       0.543774   180.000    45.000    90.000    0     119.891853      -1.114060
    -95.00      0.00      20.000000       0.000000       0.000000        16      15.0      16.0       0.543774   180.000    45.000    90.000    0     119.875763      -1.114630
    -95.00      5.00      15.332100       0.000000       0.000000        16      15.0      16.0       0.543774   180.000    45.000    90.000    0     119.859673      -1.115190
    -95.00     10.00      10.664200       0.000000       0.000000        16      15.0      16.0       0.543774   180.000    45.000    90.000    0     119.843643      -1.115760
    -95.00     15.00       5.996290       0.000000       0.000000        16      15.0      16.0       0.543774   180.000    45.000    90.000    0     119.827553      -1.116320
    -95.00     20.00       1.328390       0.000000       0.000000        16      15.0      16.0       0.543774   180.000    45.000    90.000    0     119.811462      -1.116890
    -90.00     -5.00      24.667900       0.000000       0.000000        16      15.0      16.0       0.543774   180.000    45.000    90.000    0     119.890282      -1.068870
    -90.00      0.00      20.000000       0.000000       0.000000        16      15.0      16.0       0.543774   180.000    45.000    90.000    0     119.874191      -1.069440
    -90.00      5.00      15.332100       0.000000       0.000000        16      15.0      16.0       0.543774   180.000    45.000    90.000    0     119.858101      -1.070000
    -90.00     10.00      10.664200       0.000000       0.000000        16      15.0      16.0       0.543774   180.000    45.000    90.000    0     119.842072      -1.070570
    -90.00     15.00       5.996290       0.000000       0.000000        16      15.0      16.0       0.543774   180.000    45.000    90.000    0     119.825981      -1.071130
    -90.00     20.00       1.328390       0.000000       0.000000        16      15.0      16.0       0.543774   180.000    45.000    90.000    0     119.809891      -1.071700
    -85.00     -5.00      24.667900       0.000000       0.000000        16      15.0      16.0       0.543774   180.000    45.000    90.000    0     119.888710      -1.023680
    -85.00      0.00      20.000000       0.000000       0.000000        16      15.0      16.0       0.543774   180.000    45.000    90.000    0     119.872620      -1.024250
    -85.00      5.00      15.332100       0.000000       0.000000        16      15.0      16.0       0.543774   180.000    45.000    90.000    0     119.856537      -1.024810
    -85.00     10.00      10.664200       0.000000       0.000000        16      15.0      16.0       0.543774   180.000    45.000    90.000    0     119.840500      -1.025380
    -85.00     15.00       5.996290       0.000000       0.000000        16      15.0      16.0       0.543774   180.000    45.000    90.000    0     119.824409      -1.025940
    -85.00     20.00       1.328390       0.000000       0.000000        16      15.0      16.0       0.543774   180.000    45.000    90.000    0     119.808319      -1.026510
    -80.00     -5.00      24.667900       0.112419       0.112419        16      15.0      16.0       0.543774    73.470    77.010    82.490    1     119.887154      -0.978490
    -80.00      0.00      20.000000       0.055954       0.055954        16      15.0      16.0       0.543774   340.630    27.730   -29.980    0     119.871063      -0.979050
    -80.00      5.00      15.332100       0.074107       0.074107        16      15.0      16.0       0.543774    78.010    44.660   102.330    1     119.854973      -0.979620
    -80.00     10.00      10.664200       0.081998       0.081998        16      15.0      16.0       0.543774    21.050    89.890   -70.360    0     119.838928      -0.980190
    -80.00     15.00       5.996290       0.060101       0.060101        16      15.0      16.0       0.543774     4.930    41.130    10.620    0     119.822838      -0.980750
    -80.00     20.00       1.328390       0.060720       0.060720        16      15.0      16.0       0.543774     3.620    48.190     1.110    0     119.806763      -0.981320
    -75.00     -5.00      24.667900       0.088904       0.088904        16      15.0      16.0       0.543774   327.780    83.080   -52.700    0     119.885582      -0.933300
    -75.00      0.00      20.000000       0.094010       0.094010        16      15.0      16.0       0.543774   340.030    70.870    -0.870    0     119.869492      -0.933860
    -75.00      5.00      15.332100       0.121121       0.121121        16      15.0      16.0       0.543774   356.740    38.980    24.170    0     119.853401      -0.934430
    -75.00     10.00      10.664200       0.183568       0.183568        16      15.0      16.0       0.543774   352.200    24.940    12.800    0     119.837357      -0.934990
    -75.00     15.00       5.996290       0.135299       0.135299        16      15.0      16.0       0.543774   354.900    56.130    -4.380    0     119.821274      -0.935560
    -75.00     20.00       1.328390       0.149310       0.149310        16      15.0      16.0       0.543774   354.820    56.590    -9.560    0     119.805191      -0.936130
    -70.00     -5.00      24.667900       0.129196       0.129196        16      15.0      16.0       0.543774   334.050    84.570   -48.000    0     119.884010      -0.888110
    -70.00      0.00      20.000000       0.146921       0.146921        16      15.0      16.0       0.543774   335.070    72.430   -12.520    0     119.867928      -0.888670
    -70.00      5.00      15.332100       0.200851       0.200851        16      15.0      16.0       0.543774   342.080    47.810     1.710    0     119.851837      -0.889240
    -70.00     10.00      10.664200       0.249794       0.249794        16      15.0      16.0       0.543774   345.390    40.370    -3.050    0     119.835793      -0.889800
    -70.00     15.00       5.996290       0.236760       0.236760        16      15.0      16.0       0.543774   347.730    49.860    -7.180    0     119.819710      -0.890370
    -70.00     20.00       1.328390       0.247177       0.247177        16      15.0      16.0       0.543774   348.460    51.580   -10.320    0     119.803619      -0.890940
    -65.00     -5.00      24.667900       0.135935       0.135935        16      15.0      16.0       0.543774   335.400    85.870   -41.640    0     119.882446      -0.842920
    -65.00      0.00      20.000000       0.190743       0.190743        16      15.0      16.0       0.543774   334.510    74.260   -15.070    0     119.866364      -0.843480
    -65.00      5.00      15.332100       0.255102       0.255102        16      15.0      16.0       0.543774   338.410    57.500    -7.300    0     119.850273      -0.844050
    -65.00     10.00      10.664200       0.314010       0.314010        16      15.0      16.0       0.543774   340.600    48.480   -12.460    0     119.834221      -0.844610
    -65.00     15.00       5.996290       0.322549       0.322549        16      15.0      16.0       0.543774   342.360    51.480   -14.660    0     119.818138      -0.845180
    -65.00     20.00       1.328390       0.333798       0.333798        16      15.0      16.0       0.543774   343.210    52.050   -15.610    0     119.802048      -0.845750
    -60.00     -5.00      24.667900       0.132081       0.132081        16      15.0      16.0       0.543774   333.260    82.010   -30.960    0     119.880882      -0.797730
    -60.00      0.00      20.000000       0.217607       0.217607        16      15.0      16.0       0.543774   334.970    75.930   -11.590    0     119.864792      -0.798290
    -60.00      5.00      15.332100       0.289643       0.289643        16      15.0      16.0       0.543774   337.810    66.660    -9.700    0     119.848701      -0.798860
    -60.00     10.00      10.664200       0.351309       0.351309        16      15.0      16.0       0.543774   338.500    55.450   -16.820    0     119.832657      -0.799420
    -60.00     15.00       5.996290       0.383355       0.383355        16      15.0      16.0       0.543774   338.940    53.500   -19.330    0     119.816566      -0.799990
    -60.00     20.00       1.328390       0.398293       0.398293        16      15.0      16.0       0.543774   339.490    53.250   -20.070    0     119.800484      -0.800550
    -55.00     -5.00      24.667900       0.128175       0.128175        16      15.0      16.0       0.543774   332.860    80.060   -21.340    0     119.879311      -0.752540
    -55.00      0.00      20.000000       0.230052       0.230052        16      15.0      16.0       0.543774   336.910    83.680    -3.760    0     119.863228      -0.753100
    -55.00      5.00      15.332100       0.316224       0.316224        16      15.0      16.0       0.543774   337.930    72.630    -8.020    0     119.847137      -0.753670
    -55.00     10.00      10.664200       0.371870       0.371870        16      15.0      16.0       0.543774   337.340    60.020   -17.870    0     119.831093      -0.754230
    -55.00     15.00       5.996290       0.418752       0.418752        16      15.0      16.0       0.543774   336.480    54.760   -22.190    0     119.815002      -0.754800
    -55.00     20.00       1.328390       0.434837       0.434837        16      15.0      16.0       0.543774   337.000    54.300   -22.970    0     119.798912      -0.755360
    -50.00     -5.00      24.667900       0.118807       0.118807        16      15.0      16.0       0.543774   334.460    89.100    -3.760    0     119.877747      -0.707340
    -50.00      0.00      20.000000       0.237216       0.237216        16      15.0      16.0       0.543774   157.280    88.460    -6.220    0     119.861656      -0.707910
    -50.00      5.00      15.332100       0.318374       0.318374        16      15.0      16.0       0.543774   338.620    82.000    -1.240    0     119.845612      -0.708470
    -50.00     10.00      10.664200       0.377053       0.377053        16      15.0      16.0       0.543774   337.250    64.450   -15.800    0     119.829521      -0.709040
    -50.00     15.00       5.996290       0.419653       0.419653        16      15.0      16.0       0.543774   335.370    57.320   -23.010    0     119.813431      -0.709610
    -50.00     20.00       1.328390       0.438319       0.438319        16      15.0      16.0       0.543774   335.980    56.200   -23.590    0     119.797340      -0.710170
    -45.00     -5.00      24.667900       0.121284       0.121284        16      15.0      16.0       0.543774   152.390    74.440   -11.430    0     119.876183      -0.662150
    -45.00      0.00      20.000000       0.234578       0.234578        16      15.0      16.0       0.543774   156.370    81.960   -13.670    0     119.860092      -0.662720
    -45.00      5.00      15.332100       0.308062       0.308062        16      15.0      16.0       0.543774   158.040    88.760    -6.750    0     119.844040      -0.663280
    -45.00     10.00      10.664200       0.356282       0.356282        16      15.0      16.0       0.543774   338.460    72.740    -9.330    0     119.827950      -0.663850
    -45.00     15.00       5.996290       0.396008       0.396008        16      15.0      16.0       0.543774   335.770    61.320   -20.660    0     119.811859      -0.664420
    -45.00     20.00       1.328390       0.413921       0.413921        16      15.0      16.0       0.543774   336.840    60.600   -20.220    0     119.795769      -0.664980
    -40.00     -5.00      24.667900       0.118194       0.118194        16      15.0      16.0       0.543774   151.950    66.770   -14.280    0     119.874619      -0.616960
    -40.00      0.00      20.000000       0.221948       0.221948        16      15.0      16.0       0.543774   155.140    79.130   -20.010    0     119.858528      -0.617530
    -40.00      5.00      15.332100       0.282885       0.282885        16      15.0      16.0       0.543774   157.040    86.290   -11.120    0     119.842468      -0.618090
    -40.00     10.00      10.664200       0.319212       0.319212        16      15.0      16.0       0.543774   339.060    81.090    -2.610    0     119.826378      -0.618660
    -40.00     15.00       5.996290       0.350512       0.350512        16      15.0      16.0       0.543774   338.110    70.040   -12.320    0     119.810287      -0.619220
    -40.00     20.00       1.328390       0.369993       0.369993        16      15.0      16.0       0.543774   339.610    71.470    -9.300    0     119.794197      -0.619790
    -35.00     -5.00      24.667900       0.109626       0.109626        16      15.0      16.0       0.543774   152.290    60.610    -8.540    0     119.873047      -0.571770
    -35.00      0.00      20.000000       0.190175       0.190175        16      15.0      16.0       0.543774   155.080    79.130   -22.900    0     119.856956      -0.572340
    -35.00      5.00      15.332100       0.233847       0.233847        16      15.0      16.0       0.543774   157.370    87.410   -11.940    0     119.840897      -0.572900
    -35.00     10.00      10.664200       0.268216       0.268216        16      15.0      16.0       0.543774   339.180    85.520    -0.430    0     119.824806      -0.573470
    -35.00     15.00       5.996290       0.298738       0.298738        16      15.0      16.0       0.543774   339.640    77.260    -5.280    0     119.808723      -0.574030
    -35.00     20.00       1.328390       0.315826       0.315826        16      15.0      16.0       0.543774   340.820    83.780     1.710    0     119.792633      -0.574600
    -30.00     -5.00      24.667900       0.088102       0.088102        16      15.0      16.0       0.543774   157.160    57.600     5.920    0     119.871483      -0.526580
    -30.00      0.00      20.000000       0.144558       0.144558        16      15.0      16.0       0.543774   160.600    89.220   -31.550    0     119.855400      -0.527150
    -30.00      5.00      15.332100       0.175035       0.175035        16      15.0      16.0       0.543774   338.750    89.180    15.480    0     119.839333      -0.527710
    -30.00     10.00      10.664200       0.204661       0.204661        16      15.0      16.0       0.543774   339.370    88.850     1.520    0     119.823242      -0.528280
    -30.00     15.00       5.996290       0.232912       0.232912        16      15.0      16.0       0.543774   341.340    83.640    -0.130    0     119.807152      -0.528840
    -30.00     20.00       1.328390       0.253810       0.253810        16      15.0      16.0       0.543774   341.440    88.670     5.500    0     119.791069      -0.529410
    -25.00     -5.00      24.667900       0.069629       0.069629        16      15.0      16.0       0.543774   171.530    48.260    34.970    0     119.869919      -0.481390
    -25.00      0.00      20.000000       0.114793       0.114793        16      15.0      16.0       0.543774     0.550    67.430    63.370    0     119.853828      -0.481950
    -25.00      5.00      15.332100       0.122186       0.122186        16      15.0      16.0       0.543774   345.240    72.820    32.850    0     119.837761      -0.482520
    -25.00     10.00      10.664200       0.140274       0.140274        16      15.0      16.0       0.543774   339.560    85.140     2.850    0     119.821671      -0.483090
    -25.00     15.00       5.996290       0.169076       0.169076        16      15.0      16.0       0.543774   342.740    84.770     1.610    0     119.805580      -0.483650
    -25.00     20.00       1.328390       0.190644       0.190644        16      15.0      16.0       0.543774   342.330    89.840     6.940    0     119.789497      -0.484220
    -20.00     -5.00      24.667900       0.063870       0.063870        16      15.0      16.0       0.543774   181.050    44.800    45.620    0     119.868347      -0.436200
    -20.00      0.00      20.000000       0.087595       0.087595        16      15.0      16.0       0.543774   216.200    36.730   110.340    0     119.852257      -0.436760
    -20.00      5.00      15.332100       0.089766       0.089766        16      15.0      16.0       0.543774   221.010    40.100   117.160    0     119.836189      -0.437330
    -20.00     10.00      10.664200       0.087468       0.087468        16      15.0      16.0       0.543774   340.050    82.530     5.310    0     119.820099      -0.437900
    -20.00     15.00       5.996290       0.112173       0.112173        16      15.0      16.0       0.543774   344.640    86.540     5.740    0     119.804008      -0.438460
    -20.00     20.00       1.328390       0.136521       0.136521        16      15.0      16.0       0.543774   162.220    87.080   -12.700    0     119.787933      -0.439030
    -15.00     -5.00      24.667900       0.041740       0.041740        16      15.0      16.0       0.543774   174.560    39.100    23.670    0     119.866791      -0.391010
    -15.00      0.00      20.000000       0.057553       0.057553        16      15.0      16.0       0.543774    30.850    38.830    74.290    0     119.850700      -0.391570
    -15.00      5.00      15.332100       0.053234       0.053234        16      15.0      16.0       0.543774   211.840    40.300   107.260    0     119.834618      -0.392140
    -15.00     10.00      10.664200       0.056145       0.056145        16      15.0      16.0       0.543774   160.740    74.570     1.390    0     119.818527      -0.392700
    -15.00     15.00       5.996290       0.075584       0.075584        16      15.0      16.0       0.543774   162.250    84.640   -18.940    0     119.802452      -0.393270
    -15.00     20.00       1.328390       0.111394       0.111394        16      15.0      16.0       0.543774   137.900    59.730   -60.910    0     119.786362      -0.393840
    -10.00     -5.00      24.667900       0.015955       0.015955        16      15.0      16.0       0.543774   221.300    47.610   -91.970    0     119.865219      -0.345820
    -10.00      0.00      20.000000       0.039108       0.039108        16      15.0      16.0       0.543774   101.470    37.220   110.090    1     119.849129      -0.346380
    -10.00      5.00      15.332100       0.020229       0.020229        16      15.0      16.0       0.543774   338.700    75.980    36.490    0     119.833054      -0.346950
    -10.00     10.00      10.664200       0.036633       0.036633        16      15.0      16.0       0.543774   162.960    67.040   -17.340    0     119.816963      -0.347510
    -10.00     15.00       5.996290       0.060544       0.060544        16      15.0      16.0       0.543774   131.270    61.190   -71.420    1     119.800880      -0.348080
    -10.00     20.00       1.328390       0.107327       0.107327        16      15.0      16.0       0.543774   123.620    58.800   -78.260    1     119.784790      -0.348650
     -5.00     -5.00      24.667900       0.000000       0.000000        16      15.0      16.0       0.543774   180.000    45.000    90.000    0     119.863647      -0.300630
     -5.00      0.00      20.000000       0.000000       0.000000        16      15.0      16.0       0.543774   180.000    45.000    90.000    0     119.847572      -0.301190
     -5.00      5.00      15.332100       0.000000       0.000000        16      15.0      16.0       0.543774   180.000    45.000    90.000    0     119.831482      -0.301760
     -5.00     10.00      10.664200       0.041021       0.041021        16      15.0      16.0       0.543774    63.630    43.330    59.330    1     119.815399      -0.302320
     -5.00     15.00       5.996290       0.044054       0.044054        16      15.0      16.0       0.543774   127.480    61.400   -82.710    1     119.799309      -0.302890
     -5.00     20.00       1.328390       0.095660       0.095660        16      15.0      16.0       0.543774   120.150    58.720   -81.310    1     119.783218      -0.303450
      0.00     -5.00      24.667900       0.000000       0.000000        16      15.0      16.0       0.543774   180.000    45.000    90.000    0     119.862091      -0.255430
      0.00      0.00      20.000000       0.000000       0.000000        16      15.0      16.0       0.543774   180.000    45.000    90.000    0     119.846001      -0.256000
      0.00      5.00      15.332100       0.000000       0.000000        16      15.0      16.0       0.543774   180.000    45.000    90.000    0     119.829910      -0.256570
      0.00     10.00      10.664200       0.023702       0.023702        16      15.0      16.0       0.543774    38.860    82.220    83.380    0     119.813828      -0.257130
      0.00     15.00       5.996290       0.032692       0.032692        16      15.0      16.0       0.543774   131.300    58.300   -84.330    1     119.797737      -0.257700
      0.00     20.00       1.328390       0.074496       0.074496        16      15.0      16.0       0.543774   120.310    55.350   -80.280    1     119.781647      -0.258260
      5.00     -5.00      24.667900       0.000000       0.000000        16      15.0      16.0       0.543774   180.000    45.000    90.000    0     119.860519      -0.210240
      5.00      0.00      20.000000       0.000000       0.000000        16      15.0      16.0       0.543774   180.000    45.000    90.000    0     119.844429      -0.210810
      5.00      5.00      15.332100       0.000000       0.000000        16      15.0      16.0       0.543774   180.000    45.000    90.000    0     119.828346      -0.211370
      5.00     10.00      10.664200       0.041907       0.041907        16      15.0      16.0       0.543774    91.170    15.280   -87.520    1     119.812263      -0.211940
      5.00     15.00       5.996290       0.041919       0.041919        16      15.0      16.0       0.543774    92.340    32.150  -107.140    1     119.796173      -0.212500
      5.00     20.00       1.328390       0.064100       0.064100        16      15.0      16.0       0.543774    97.100    41.220   -84.640    1     119.780090      -0.213070
     10.00     -5.00      24.667900       0.024030       0.024030        16      15.0      16.0       0.543774   346.460    71.260   156.340    0     119.858948      -0.165050
     10.00      0.00      20.000000       0.061052       0.061052        16      15.0      16.0       0.543774   202.530    11.070    77.530    0     119.842873      -0.165620
     10.00      5.00      15.332100       0.032724       0.032724        16      15.0      16.0       0.543774   315.440    29.620   138.360    0     119.826782      -0.166180
     10.00     10.00      10.664200       0.062255       0.062255        16      15.0      16.0       0.543774    69.240    37.570  -102.250    1     119.810692      -0.166750
     10.00     15.00       5.996290       0.095068       0.095068        16      15.0      16.0       0.543774    65.210    37.480  -117.680    1     119.794609      -0.167310
     10.00     20.00       1.328390       0.085740       0.085740        16      15.0      16.0       0.543774    73.700    36.920   -99.750    1     119.778519      -0.167880
     15.00     -5.00      24.667900       0.059687       0.059687        16      15.0      16.0       0.543774   164.290    53.550   135.850    0     119.857384      -0.119860
     15.00      0.00      20.000000       0.046218       0.046218        16      15.0      16.0       0.543774   147.110    52.990    70.200    0     119.841301      -0.120430
     15.00      5.00      15.332100       0.044885       0.044885        16      15.0      16.0       0.543774    37.960    74.490   179.530    0     119.825218      -0.120990
     15.00     10.00      10.664200       0.075856       0.075856        16      15.0      16.0       0.543774    63.300    53.450  -116.870    1     119.809128      -0.121560
     15.00     15.00       5.996290       0.104668       0.104668        16      15.0      16.0       0.543774    64.090    47.690  -116.200    1     119.793037      -0.122120
     15.00     20.00       1.328390       0.089773       0.089773        16      15.0      16.0       0.543774    71.580    40.190  -102.260    1     119.776947      -0.122690
     20.00     -5.00      24.667900       0.061763       0.061763        16      15.0      16.0       0.543774   214.670    87.010   115.750    0     119.855812      -0.074670
     20.00      0.00      20.000000       0.060590       0.060590        16      15.0      16.0       0.543774   311.200    81.420   -17.450    1     119.839737      -0.075240
     20.00      5.00      15.332100       0.092426       0.092426        16      15.0      16.0       0.543774   312.000    83.490   -27.130    1     119.823647      -0.075800
     20.00     10.00      10.664200       0.114854       0.114854        16      15.0      16.0       0.543774    54.670    58.050  -143.290    1     119.807564      -0.076370
     20.00     15.00       5.996290       0.127622       0.127622        16      15.0      16.0       0.543774    60.360    54.010  -129.450    1     119.791481      -0.076930
     20.00     20.00       1.328390       0.096177       0.096177        16      15.0      16.0       0.543774    67.570    43.770  -114.580    1     119.775391      -0.077500
     25.00     -5.00      24.667900       0.065779       0.065779        16      15.0      16.0       0.543774    67.120    79.690  -104.300    1     119.854240      -0.029480
     25.00      0.00      20.000000       0.088784       0.088784        16      15.0      16.0       0.543774   316.780    76.650   -10.530    0     119.838173      -0.030050
     25.00      5.00      15.332100       0.127194       0.127194        16      15.0      16.0       0.543774   316.190    86.260   -18.370    0     119.822083      -0.030610
     25.00     10.00      10.664200       0.141965       0.141965        16      15.0      16.0       0.543774   311.450    67.050   -27.730    1     119.806000      -0.031180
     25.00     15.00       5.996290       0.144175       0.144175        16      15.0      16.0       0.543774   307.120    58.560   -32.940    1     119.789909      -0.031740
     25.00     20.00       1.328390       0.107488       0.107488        16      15.0      16.0       0.543774   133.350    83.470    -0.830    0     119.773819      -0.032310
     30.00     -5.00      24.667900       0.064776       0.064776        16      15.0      16.0       0.543774    87.740    68.620  -103.590    1     119.852669       0.015710
     30.00      0.00      20.000000       0.105544       0.105544        16      15.0      16.0       0.543774   320.570    69.740   -12.740    0     119.836601       0.015150
     30.00      5.00      15.332100       0.151227       0.151227        16      15.0      16.0       0.543774   140.240    83.710     7.340    0     119.820518       0.014580
     30.00     10.00      10.664200       0.158936       0.158936        16      15.0      16.0       0.543774   318.100    82.140   -14.640    0     119.804428       0.014020
     30.00     15.00       5.996290       0.152155       0.152155        16      15.0      16.0       0.543774   316.690    76.320   -14.050    0     119.788338       0.013450
     30.00     20.00       1.328390       0.136123       0.136123        16      15.0      16.0       0.543774   134.920    72.950    -8.500    0     119.772263       0.012890
     35.00     -5.00      24.667900       0.053826       0.053826        16      15.0      16.0       0.543774   328.570    28.800   -48.070    0     119.851097       0.060900
     35.00      0.00      20.000000       0.103300       0.103300        16      15.0      16.0       0.543774   328.430    75.440    -4.360    0     119.835037       0.060340
     35.00      5.00      15.332100       0.162028       0.162028        16      15.0      16.0       0.543774   141.710    68.380    -8.140    0     119.818947       0.059770
     35.00     10.00      10.664200       0.175554       0.175554        16      15.0      16.0       0.543774   140.850    79.660     1.680    0     119.802856       0.059210
     35.00     15.00       5.996290       0.156735       0.156735        16      15.0      16.0       0.543774   140.820    81.980     3.230    0     119.786781       0.058640
     35.00     20.00       1.328390       0.152704       0.152704        16      15.0      16.0       0.543774   136.630    69.060    -7.440    0     119.770691       0.058080
     40.00     -5.00      24.667900       0.055164       0.055164        16      15.0      16.0       0.543774     4.670    58.380     6.650    0     119.849533       0.106090
     40.00      0.00      20.000000       0.084300       0.084300        16      15.0      16.0       0.543774   154.230    74.660   -26.040    0     119.833473       0.105530
     40.00      5.00      15.332100       0.151632       0.151632        16      15.0      16.0       0.543774   142.230    61.530   -16.820    0     119.817390       0.104960
     40.00     10.00      10.664200       0.180424       0.180424        16      15.0      16.0       0.543774   141.190    66.220    -5.210    0     119.801300       0.104400
     40.00     15.00       5.996290       0.147773       0.147773        16      15.0      16.0       0.543774   143.570    71.170     2.460    0     119.785210       0.103830
     40.00     20.00       1.328390       0.146391       0.146391        16      15.0      16.0       0.543774   138.080    66.780    -6.200    0     119.769127       0.103270
     45.00     -5.00      24.667900       0.064191       0.064191        16      15.0      16.0       0.543774    19.570    68.120    23.930    0     119.847961       0.151280
     45.00      0.00      20.000000       0.065146       0.065146        16      15.0      16.0       0.543774   173.130    83.050   -27.040    0     119.831909       0.150720
     45.00      5.00      15.332100       0.108705       0.108705        16      15.0      16.0       0.543774   142.710    64.090   -21.690    0     119.815819       0.150150
     45.00     10.00      10.664200       0.159008       0.159008        16      15.0      16.0       0.543774   140.670    57.990    -7.360    0     119.799728       0.149590
     45.00     15.00       5.996290       0.118303       0.118303        16      15.0      16.0       0.543774   147.970    58.020     9.630    0     119.783653       0.149020
     45.00     20.00       1.328390       0.114679       0.114679        16      15.0      16.0       0.543774   139.320    65.050    -4.760    0     119.767563       0.148460
     50.00     -5.00      24.667900       0.056617       0.056617        16      15.0      16.0       0.543774    27.280    72.510    30.470    0     119.846390       0.196470
     50.00      0.00      20.000000       0.053240       0.053240        16      15.0      16.0       0.543774    24.190    70.710    24.280    0     119.830338       0.195910
     50.00      5.00      15.332100       0.060306       0.060306        16      15.0      16.0       0.543774   138.180    66.380   -39.510    0     119.814247       0.195340
     50.00     10.00      10.664200       0.107289       0.107289        16      15.0      16.0       0.543774   138.390    53.770   -11.260    0     119.798172       0.194780
     50.00     15.00       5.996290       0.072534       0.072534        16      15.0      16.0       0.543774   156.060    44.470    20.660    0     119.782082       0.194210
     50.00     20.00       1.328390       0.061025       0.061025        16      15.0      16.0       0.543774   140.750    63.490    -1.120    0     119.765991       0.193650
