      xloc      yloc          depth         ave SR         max SR         #     start       end     max SR all       str       dip      rake flag
   -185.00     -5.00      24.667900       0.000000       0.000000        17      16.0      17.0       0.543774   180.000    45.000    90.000    0     119.920059      -1.927490
   -185.00      0.00      20.000000       0.000000       0.000000        17      16.0      17.0       0.543774   180.000    45.000    90.000    0     119.903961      -1.928060
   -185.00      5.00      15.332100       0.000000       0.000000        17      16.0      17.0       0.543774   180.000    45.000    90.000    0     119.887871      -1.928620
   -185.00     10.00      10.664200       0.000000       0.000000        17      16.0      17.0       0.543774   180.000    45.000    90.000    0     119.871780      -1.929190
   -185.00     15.00       5.996290       0.000000       0.000000        17      16.0      17.0       0.543774   180.000    45.000    90.000    0     119.855682      -1.929750
   -185.00     20.00       1.328390       0.000000       0.000000        17      16.0      17.0       0.543774   180.000    45.000    90.000    0     119.839706      -1.930320
   -180.00     -5.00      24.667900       0.000000       0.000000        17      16.0      17.0       0.543774   180.000    45.000    90.000    0     119.918488      -1.882300
   -180.00      0.00      20.000000       0.000000       0.000000        17      16.0      17.0       0.543774   180.000    45.000    90.000    0     119.902397      -1.882870
   -180.00      5.00      15.332100       0.000000       0.000000        17      16.0      17.0       0.543774   180.000    45.000    90.000    0     119.886299      -1.883430
   -180.00     10.00      10.664200       0.000000       0.000000        17      16.0      17.0       0.543774   180.000    45.000    90.000    0     119.870209      -1.884000
   -180.00     15.00       5.996290       0.000000       0.000000        17      16.0      17.0       0.543774   180.000    45.000    90.000    0     119.854118      -1.884560
   -180.00     20.00       1.328390       0.000000       0.000000        17      16.0      17.0       0.543774   180.000    45.000    90.000    0     119.838142      -1.885130
   -175.00     -5.00      24.667900       0.000000       0.000000        17      16.0      17.0       0.543774   180.000    45.000    90.000    0     119.916924      -1.837110
   -175.00      0.00      20.000000       0.000000       0.000000        17      16.0      17.0       0.543774   180.000    45.000    90.000    0     119.900833      -1.837680
   -175.00      5.00      15.332100       0.000000       0.000000        17      16.0      17.0       0.543774   180.000    45.000    90.000    0     119.884743      -1.838240
   -175.00     10.00      10.664200       0.000000       0.000000        17      16.0      17.0       0.543774   180.000    45.000    90.000    0     119.868637      -1.838810
   -175.00     15.00       5.996290       0.000000       0.000000        17      16.0      17.0       0.543774   180.000    45.000    90.000    0     119.852547      -1.839370
   -175.00     20.00       1.328390       0.000000       0.000000        17      16.0      17.0       0.543774   180.000    45.000    90.000    0     119.836571      -1.839940
   -170.00     -5.00      24.667900       0.000000       0.000000        17      16.0      17.0       0.543774   180.000    45.000    90.000    0     119.915352      -1.791920
   -170.00      0.00      20.000000       0.000000       0.000000        17      16.0      17.0       0.543774   180.000    45.000    90.000    0     119.899261      -1.792490
   -170.00      5.00      15.332100       0.000000       0.000000        17      16.0      17.0       0.543774   180.000    45.000    90.000    0     119.883171      -1.793050
   -170.00     10.00      10.664200       0.000000       0.000000        17      16.0      17.0       0.543774   180.000    45.000    90.000    0     119.867081      -1.793620
   -170.00     15.00       5.996290       0.000000       0.000000        17      16.0      17.0       0.543774   180.000    45.000    90.000    0     119.850983      -1.794180
   -170.00     20.00       1.328390       0.000000       0.000000        17      16.0      17.0       0.543774   180.000    45.000    90.000    0     119.834999      -1.794750
   -165.00     -5.00      24.667900       0.000000       0.000000        17      16.0      17.0       0.543774   180.000    45.000    90.000    0     119.913788      -1.746730
   -165.00      0.00      20.000000       0.000000       0.000000        17      16.0      17.0       0.543774   180.000    45.000    90.000    0     119.897690      -1.747300
   -165.00      5.00      15.332100       0.000000       0.000000        17      16.0      17.0       0.543774   180.000    45.000    90.000    0     119.881599      -1.747860
   -165.00     10.00      10.664200       0.000000       0.000000        17      16.0      17.0       0.543774   180.000    45.000    90.000    0     119.865509      -1.748430
   -165.00     15.00       5.996290       0.000000       0.000000        17      16.0      17.0       0.543774   180.000    45.000    90.000    0     119.849419      -1.748990
   -165.00     20.00       1.328390       0.000000       0.000000        17      16.0      17.0       0.543774   180.000    45.000    90.000    0     119.833427      -1.749560
   -160.00     -5.00      24.667900       0.000000       0.000000        17      16.0      17.0       0.543774   180.000    45.000    90.000    0     119.912216      -1.701540
   -160.00      0.00      20.000000       0.000000       0.000000        17      16.0      17.0       0.543774   180.000    45.000    90.000    0     119.896133      -1.702110
   -160.00      5.00      15.332100       0.000000       0.000000        17      16.0      17.0       0.543774   180.000    45.000    90.000    0     119.880028      -1.702670
   -160.00     10.00      10.664200       0.000000       0.000000        17      16.0      17.0       0.543774   180.000    45.000    90.000    0     119.863937      -1.703240
   -160.00     15.00       5.996290       0.000000       0.000000        17      16.0      17.0       0.543774   180.000    45.000    90.000    0     119.847847      -1.703800
   -160.00     20.00       1.328390       0.000000       0.000000        17      16.0      17.0       0.543774   180.000    45.000    90.000    0     119.831863      -1.704370
   -155.00     -5.00      24.667900       0.000000       0.000000        17      16.0      17.0       0.543774   180.000    45.000    90.000    0     119.910652      -1.656350
   -155.00      0.00      20.000000       0.000000       0.000000        17      16.0      17.0       0.543774   180.000    45.000    90.000    0     119.894562      -1.656920
   -155.00      5.00      15.332100       0.000000       0.000000        17      16.0      17.0       0.543774   180.000    45.000    90.000    0     119.878471      -1.657480
   -155.00     10.00      10.664200       0.000000       0.000000        17      16.0      17.0       0.543774   180.000    45.000    90.000    0     119.862373      -1.658050
   -155.00     15.00       5.996290       0.000000       0.000000        17      16.0      17.0       0.543774   180.000    45.000    90.000    0     119.846283      -1.658610
   -155.00     20.00       1.328390       0.000000       0.000000        17      16.0      17.0       0.543774   180.000    45.000    90.000    0     119.830292      -1.659180
   -150.00     -5.00      24.667900       0.000000       0.000000        17      16.0      17.0       0.543774   180.000    45.000    90.000    0     119.909081      -1.611160
   -150.00      0.00      20.000000       0.000000       0.000000        17      16.0      17.0       0.543774   180.000    45.000    90.000    0     119.892990      -1.611730
   -150.00      5.00      15.332100       0.000000       0.000000        17      16.0      17.0       0.543774   180.000    45.000    90.000    0     119.876900      -1.612290
   -150.00     10.00      10.664200       0.000000       0.000000        17      16.0      17.0       0.543774   180.000    45.000    90.000    0     119.860809      -1.612860
   -150.00     15.00       5.996290       0.000000       0.000000        17      16.0      17.0       0.543774   180.000    45.000    90.000    0     119.844818      -1.613420
   -150.00     20.00       1.328390       0.000000       0.000000        17      16.0      17.0       0.543774   180.000    45.000    90.000    0     119.828720      -1.613990
   -145.00     -5.00      24.667900       0.000000       0.000000        17      16.0      17.0       0.543774   180.000    45.000    90.000    0     119.907516      -1.565970
   -145.00      0.00      20.000000       0.000000       0.000000        17      16.0      17.0       0.543774   180.000    45.000    90.000    0     119.891418      -1.566530
   -145.00      5.00      15.332100       0.000000       0.000000        17      16.0      17.0       0.543774   180.000    45.000    90.000    0     119.875328      -1.567100
   -145.00     10.00      10.664200       0.000000       0.000000        17      16.0      17.0       0.543774   180.000    45.000    90.000    0     119.859238      -1.567660
   -145.00     15.00       5.996290       0.000000       0.000000        17      16.0      17.0       0.543774   180.000    45.000    90.000    0     119.843246      -1.568230
   -145.00     20.00       1.328390       0.000000       0.000000        17      16.0      17.0       0.543774   180.000    45.000    90.000    0     119.827148      -1.568800
   -140.00     -5.00      24.667900       0.000000       0.000000        17      16.0      17.0       0.543774   180.000    45.000    90.000    0     119.905952      -1.520780
   -140.00      0.00      20.000000       0.000000       0.000000        17      16.0      17.0       0.543774   180.000    45.000    90.000    0     119.889862      -1.521340
   -140.00      5.00      15.332100       0.000000       0.000000        17      16.0      17.0       0.543774   180.000    45.000    90.000    0     119.873772      -1.521910
   -140.00     10.00      10.664200       0.000000       0.000000        17      16.0      17.0       0.543774   180.000    45.000    90.000    0     119.857681      -1.522470
   -140.00     15.00       5.996290       0.000000       0.000000        17      16.0      17.0       0.543774   180.000    45.000    90.000    0     119.841682      -1.523040
   -140.00     20.00       1.328390       0.000000       0.000000        17      16.0      17.0       0.543774   180.000    45.000    90.000    0     119.825577      -1.523610
   -135.00     -5.00      24.667900       0.000000       0.000000        17      16.0      17.0       0.543774   180.000    45.000    90.000    0     119.904381      -1.475590
   -135.00      0.00      20.000000       0.000000       0.000000        17      16.0      17.0       0.543774   180.000    45.000    90.000    0     119.888290      -1.476150
   -135.00      5.00      15.332100       0.000000       0.000000        17      16.0      17.0       0.543774   180.000    45.000    90.000    0     119.872200      -1.476720
   -135.00     10.00      10.664200       0.000000       0.000000        17      16.0      17.0       0.543774   180.000    45.000    90.000    0     119.856110      -1.477280
   -135.00     15.00       5.996290       0.000000       0.000000        17      16.0      17.0       0.543774   180.000    45.000    90.000    0     119.840111      -1.477850
   -135.00     20.00       1.328390       0.000000       0.000000        17      16.0      17.0       0.543774   180.000    45.000    90.000    0     119.824020      -1.478410
   -130.00     -5.00      24.667900       0.000000       0.000000        17      16.0      17.0       0.543774   180.000    45.000    90.000    0     119.902809      -1.430400
   -130.00      0.00      20.000000       0.000000       0.000000        17      16.0      17.0       0.543774   180.000    45.000    90.000    0     119.886719      -1.430960
   -130.00      5.00      15.332100       0.000000       0.000000        17      16.0      17.0       0.543774   180.000    45.000    90.000    0     119.870628      -1.431530
   -130.00     10.00      10.664200       0.000000       0.000000        17      16.0      17.0       0.543774   180.000    45.000    90.000    0     119.854538      -1.432090
   -130.00     15.00       5.996290       0.000000       0.000000        17      16.0      17.0       0.543774   180.000    45.000    90.000    0     119.838539      -1.432660
   -130.00     20.00       1.328390       0.000000       0.000000        17      16.0      17.0       0.543774   180.000    45.000    90.000    0     119.822449      -1.433220
   -125.00     -5.00      24.667900       0.000000       0.000000        17      16.0      17.0       0.543774   180.000    45.000    90.000    0     119.901253      -1.385210
   -125.00      0.00      20.000000       0.000000       0.000000        17      16.0      17.0       0.543774   180.000    45.000    90.000    0     119.885162      -1.385770
   -125.00      5.00      15.332100       0.000000       0.000000        17      16.0      17.0       0.543774   180.000    45.000    90.000    0     119.869072      -1.386340
   -125.00     10.00      10.664200       0.000000       0.000000        17      16.0      17.0       0.543774   180.000    45.000    90.000    0     119.852982      -1.386900
   -125.00     15.00       5.996290       0.000000       0.000000        17      16.0      17.0       0.543774   180.000    45.000    90.000    0     119.836967      -1.387470
   -125.00     20.00       1.328390       0.000000       0.000000        17      16.0      17.0       0.543774   180.000    45.000    90.000    0     119.820877      -1.388030
   -120.00     -5.00      24.667900       0.000000       0.000000        17      16.0      17.0       0.543774   180.000    45.000    90.000    0     119.899681      -1.340020
   -120.00      0.00      20.000000       0.000000       0.000000        17      16.0      17.0       0.543774   180.000    45.000    90.000    0     119.883591      -1.340580
   -120.00      5.00      15.332100       0.000000       0.000000        17      16.0      17.0       0.543774   180.000    45.000    90.000    0     119.867500      -1.341150
   -120.00     10.00      10.664200       0.000000       0.000000        17      16.0      17.0       0.543774   180.000    45.000    90.000    0     119.851410      -1.341710
   -120.00     15.00       5.996290       0.000000       0.000000        17      16.0      17.0       0.543774   180.000    45.000    90.000    0     119.835403      -1.342280
   -120.00     20.00       1.328390       0.000000       0.000000        17      16.0      17.0       0.543774   180.000    45.000    90.000    0     119.819313      -1.342840
   -115.00     -5.00      24.667900       0.000000       0.000000        17      16.0      17.0       0.543774   180.000    45.000    90.000    0     119.898109      -1.294830
   -115.00      0.00      20.000000       0.000000       0.000000        17      16.0      17.0       0.543774   180.000    45.000    90.000    0     119.882019      -1.295390
   -115.00      5.00      15.332100       0.000000       0.000000        17      16.0      17.0       0.543774   180.000    45.000    90.000    0     119.865929      -1.295960
   -115.00     10.00      10.664200       0.000000       0.000000        17      16.0      17.0       0.543774   180.000    45.000    90.000    0     119.849838      -1.296520
   -115.00     15.00       5.996290       0.000000       0.000000        17      16.0      17.0       0.543774   180.000    45.000    90.000    0     119.833832      -1.297090
   -115.00     20.00       1.328390       0.000000       0.000000        17      16.0      17.0       0.543774   180.000    45.000    90.000    0     119.817741      -1.297650
   -110.00     -5.00      24.667900       0.000000       0.000000        17      16.0      17.0       0.543774   180.000    45.000    90.000    0     119.896553      -1.249630
   -110.00      0.00      20.000000       0.000000       0.000000        17      16.0      17.0       0.543774   180.000    45.000    90.000    0     119.880463      -1.250200
   -110.00      5.00      15.332100       0.000000       0.000000        17      16.0      17.0       0.543774   180.000    45.000    90.000    0     119.864372      -1.250760
   -110.00     10.00      10.664200       0.000000       0.000000        17      16.0      17.0       0.543774   180.000    45.000    90.000    0     119.848282      -1.251330
   -110.00     15.00       5.996290       0.000000       0.000000        17      16.0      17.0       0.543774   180.000    45.000    90.000    0     119.832260      -1.251900
   -110.00     20.00       1.328390       0.000000       0.000000        17      16.0      17.0       0.543774   180.000    45.000    90.000    0     119.816170      -1.252460
   -105.00     -5.00      24.667900       0.000000       0.000000        17      16.0      17.0       0.543774   180.000    45.000    90.000    0     119.894981      -1.204440
   -105.00      0.00      20.000000       0.000000       0.000000        17      16.0      17.0       0.543774   180.000    45.000    90.000    0     119.878891      -1.205010
   -105.00      5.00      15.332100       0.000000       0.000000        17      16.0      17.0       0.543774   180.000    45.000    90.000    0     119.862801      -1.205570
   -105.00     10.00      10.664200       0.000000       0.000000        17      16.0      17.0       0.543774   180.000    45.000    90.000    0     119.846710      -1.206140
   -105.00     15.00       5.996290       0.000000       0.000000        17      16.0      17.0       0.543774   180.000    45.000    90.000    0     119.830688      -1.206700
   -105.00     20.00       1.328390       0.000000       0.000000        17      16.0      17.0       0.543774   180.000    45.000    90.000    0     119.814598      -1.207270
   -100.00     -5.00      24.667900       0.000000       0.000000        17      16.0      17.0       0.543774   180.000    45.000    90.000    0     119.893410      -1.159250
   -100.00      0.00      20.000000       0.000000       0.000000        17      16.0      17.0       0.543774   180.000    45.000    90.000    0     119.877319      -1.159820
   -100.00      5.00      15.332100       0.000000       0.000000        17      16.0      17.0       0.543774   180.000    45.000    90.000    0     119.861229      -1.160380
   -100.00     10.00      10.664200       0.000000       0.000000        17      16.0      17.0       0.543774   180.000    45.000    90.000    0     119.845207      -1.160950
   -100.00     15.00       5.996290       0.000000       0.000000        17      16.0      17.0       0.543774   180.000    45.000    90.000    0     119.829117      -1.161510
   -100.00     20.00       1.328390       0.000000       0.000000        17      16.0      17.0       0.543774   180.000    45.000    90.000    0     119.813026      -1.162080
    -95.00     -5.00      24.667900       0.000000       0.000000        17      16.0      17.0       0.543774   180.000    45.000    90.000    0     119.891853      -1.114060
    -95.00      0.00      20.000000       0.000000       0.000000        17      16.0      17.0       0.543774   180.000    45.000    90.000    0     119.875763      -1.114630
    -95.00      5.00      15.332100       0.000000       0.000000        17      16.0      17.0       0.543774   180.000    45.000    90.000    0     119.859673      -1.115190
    -95.00     10.00      10.664200       0.000000       0.000000        17      16.0      17.0       0.543774   180.000    45.000    90.000    0     119.843643      -1.115760
    -95.00     15.00       5.996290       0.000000       0.000000        17      16.0      17.0       0.543774   180.000    45.000    90.000    0     119.827553      -1.116320
    -95.00     20.00       1.328390       0.000000       0.000000        17      16.0      17.0       0.543774   180.000    45.000    90.000    0     119.811462      -1.116890
    -90.00     -5.00      24.667900       0.000000       0.000000        17      16.0      17.0       0.543774   180.000    45.000    90.000    0     119.890282      -1.068870
    -90.00      0.00      20.000000       0.000000       0.000000        17      16.0      17.0       0.543774   180.000    45.000    90.000    0     119.874191      -1.069440
    -90.00      5.00      15.332100       0.000000       0.000000        17      16.0      17.0       0.543774   180.000    45.000    90.000    0     119.858101      -1.070000
    -90.00     10.00      10.664200       0.000000       0.000000        17      16.0      17.0       0.543774   180.000    45.000    90.000    0     119.842072      -1.070570
    -90.00     15.00       5.996290       0.000000       0.000000        17      16.0      17.0       0.543774   180.000    45.000    90.000    0     119.825981      -1.071130
    -90.00     20.00       1.328390       0.000000       0.000000        17      16.0      17.0       0.543774   180.000    45.000    90.000    0     119.809891      -1.071700
    -85.00     -5.00      24.667900       0.034227       0.034227        17      16.0      17.0       0.543774    61.630    24.750  -109.590    1     119.888710      -1.023680
    -85.00      0.00      20.000000       0.086644       0.086644        17      16.0      17.0       0.543774     9.640    86.850   -95.180    0     119.872620      -1.024250
    -85.00      5.00      15.332100       0.091316       0.091316        17      16.0      17.0       0.543774   107.610    57.050   133.870    1     119.856537      -1.024810
    -85.00     10.00      10.664200       0.061530       0.061530        17      16.0      17.0       0.543774   204.690    68.980    23.480    0     119.840500      -1.025380
    -85.00     15.00       5.996290       0.104672       0.104672        17      16.0      17.0       0.543774   103.050    27.020   142.840    1     119.824409      -1.025940
    -85.00     20.00       1.328390       0.077536       0.077536        17      16.0      17.0       0.543774   222.650    78.360    71.070    0     119.808319      -1.026510
    -80.00     -5.00      24.667900       0.046416       0.046416        17      16.0      17.0       0.543774   161.900    13.530    10.210    0     119.887154      -0.978490
    -80.00      0.00      20.000000       0.071450       0.071450        17      16.0      17.0       0.543774   216.620    81.870    89.360    0     119.871063      -0.979050
    -80.00      5.00      15.332100       0.144325       0.144325        17      16.0      17.0       0.543774   207.710    68.670    59.740    0     119.854973      -0.979620
    -80.00     10.00      10.664200       0.162688       0.162688        17      16.0      17.0       0.543774   207.660    79.060    61.960    0     119.838928      -0.980190
    -80.00     15.00       5.996290       0.155666       0.155666        17      16.0      17.0       0.543774   205.910    80.290    49.910    0     119.822838      -0.980750
    -80.00     20.00       1.328390       0.156431       0.156431        17      16.0      17.0       0.543774     3.290    61.330   -11.830    0     119.806763      -0.981320
    -75.00     -5.00      24.667900       0.051153       0.051153        17      16.0      17.0       0.543774   155.550    84.550    -0.970    0     119.885582      -0.933300
    -75.00      0.00      20.000000       0.123650       0.123650        17      16.0      17.0       0.543774   339.200    47.140    -6.030    0     119.869492      -0.933860
    -75.00      5.00      15.332100       0.165221       0.165221        17      16.0      17.0       0.543774   218.560    71.370    86.690    0     119.853401      -0.934430
    -75.00     10.00      10.664200       0.214701       0.214701        17      16.0      17.0       0.543774    41.820    15.930    84.490    0     119.837357      -0.934990
    -75.00     15.00       5.996290       0.227978       0.227978        17      16.0      17.0       0.543774   357.860    52.220    -2.530    0     119.821274      -0.935560
    -75.00     20.00       1.328390       0.234445       0.234445        17      16.0      17.0       0.543774   357.890    57.970    -9.150    0     119.805191      -0.936130
    -70.00     -5.00      24.667900       0.085793       0.085793        17      16.0      17.0       0.543774   332.820    77.200    -8.640    0     119.884010      -0.888110
    -70.00      0.00      20.000000       0.177382       0.177382        17      16.0      17.0       0.543774   337.320    52.620    -8.880    0     119.867928      -0.888670
    -70.00      5.00      15.332100       0.226267       0.226267        17      16.0      17.0       0.543774   342.270    45.330    -0.980    0     119.851837      -0.889240
    -70.00     10.00      10.664200       0.271633       0.271633        17      16.0      17.0       0.543774   348.860    42.410     3.600    0     119.835793      -0.889800
    -70.00     15.00       5.996290       0.295502       0.295502        17      16.0      17.0       0.543774   352.490    53.520    -6.670    0     119.819710      -0.890370
    -70.00     20.00       1.328390       0.307274       0.307274        17      16.0      17.0       0.543774   352.950    56.250    -9.830    0     119.803619      -0.890940
    -65.00     -5.00      24.667900       0.115373       0.115373        17      16.0      17.0       0.543774   331.400    77.020    -9.370    0     119.882446      -0.842920
    -65.00      0.00      20.000000       0.210417       0.210417        17      16.0      17.0       0.543774   335.500    57.750    -9.680    0     119.866364      -0.843480
    -65.00      5.00      15.332100       0.285013       0.285013        17      16.0      17.0       0.543774   338.510    50.140    -9.060    0     119.850273      -0.844050
    -65.00     10.00      10.664200       0.328550       0.328550        17      16.0      17.0       0.543774   344.810    51.000    -6.650    0     119.834221      -0.844610
    -65.00     15.00       5.996290       0.354558       0.354558        17      16.0      17.0       0.543774   347.620    55.130   -11.370    0     119.818138      -0.845180
    -65.00     20.00       1.328390       0.372271       0.372271        17      16.0      17.0       0.543774   348.280    55.540   -12.490    0     119.802048      -0.845750
    -60.00     -5.00      24.667900       0.133311       0.133311        17      16.0      17.0       0.543774   331.610    81.180    -7.480    0     119.880882      -0.797730
    -60.00      0.00      20.000000       0.227973       0.227973        17      16.0      17.0       0.543774   334.430    63.800    -9.040    0     119.864792      -0.798290
    -60.00      5.00      15.332100       0.321126       0.321126        17      16.0      17.0       0.543774   336.840    53.670   -12.140    0     119.848701      -0.798860
    -60.00     10.00      10.664200       0.369539       0.369539        17      16.0      17.0       0.543774   341.610    55.080   -11.960    0     119.832657      -0.799420
    -60.00     15.00       5.996290       0.398809       0.398809        17      16.0      17.0       0.543774   343.470    56.320   -15.600    0     119.816566      -0.799990
    -60.00     20.00       1.328390       0.419649       0.419649        17      16.0      17.0       0.543774   344.180    55.770   -15.780    0     119.800484      -0.800550
    -55.00     -5.00      24.667900       0.144238       0.144238        17      16.0      17.0       0.543774   331.950    89.170    -1.730    0     119.879311      -0.752540
    -55.00      0.00      20.000000       0.238381       0.238381        17      16.0      17.0       0.543774   333.830    70.190    -6.010    0     119.863228      -0.753100
    -55.00      5.00      15.332100       0.325854       0.325854        17      16.0      17.0       0.543774   336.760    59.650   -11.740    0     119.847137      -0.753670
    -55.00     10.00      10.664200       0.391307       0.391307        17      16.0      17.0       0.543774   339.100    58.300   -15.160    0     119.831093      -0.754230
    -55.00     15.00       5.996290       0.421663       0.421663        17      16.0      17.0       0.543774   340.270    57.430   -18.820    0     119.815002      -0.754800
    -55.00     20.00       1.328390       0.444116       0.444116        17      16.0      17.0       0.543774   340.940    56.310   -18.520    0     119.798912      -0.755360
    -50.00     -5.00      24.667900       0.148610       0.148610        17      16.0      17.0       0.543774   151.860    85.010    -0.960    0     119.877747      -0.707340
    -50.00      0.00      20.000000       0.237756       0.237756        17      16.0      17.0       0.543774   333.990    80.390     0.020    0     119.861656      -0.707910
    -50.00      5.00      15.332100       0.315831       0.315831        17      16.0      17.0       0.543774   337.160    68.250    -7.330    0     119.845612      -0.708470
    -50.00     10.00      10.664200       0.375271       0.375271        17      16.0      17.0       0.543774   338.540    65.290   -13.500    0     119.829521      -0.709040
    -50.00     15.00       5.996290       0.414196       0.414196        17      16.0      17.0       0.543774   338.780    59.400   -19.230    0     119.813431      -0.709610
    -50.00     20.00       1.328390       0.436703       0.436703        17      16.0      17.0       0.543774   339.380    58.770   -18.480    0     119.797340      -0.710170
    -45.00     -5.00      24.667900       0.143183       0.143183        17      16.0      17.0       0.543774   151.420    82.130    -1.410    0     119.876183      -0.662150
    -45.00      0.00      20.000000       0.230384       0.230384        17      16.0      17.0       0.543774   153.400    86.650    -7.490    0     119.860092      -0.662720
    -45.00      5.00      15.332100       0.298545       0.298545        17      16.0      17.0       0.543774   337.270    81.480     2.260    0     119.844040      -0.663280
    -45.00     10.00      10.664200       0.346042       0.346042        17      16.0      17.0       0.543774   339.250    77.340    -4.060    0     119.827950      -0.663850
    -45.00     15.00       5.996290       0.379666       0.379666        17      16.0      17.0       0.543774   339.790    67.490   -12.540    0     119.811859      -0.664420
    -45.00     20.00       1.328390       0.401228       0.401228        17      16.0      17.0       0.543774   340.890    71.150    -7.300    0     119.795769      -0.664980
    -40.00     -5.00      24.667900       0.131458       0.131458        17      16.0      17.0       0.543774   150.350    78.440    -1.490    0     119.874619      -0.616960
    -40.00      0.00      20.000000       0.217203       0.217203        17      16.0      17.0       0.543774   152.460    76.460   -11.770    0     119.858528      -0.617530
    -40.00      5.00      15.332100       0.271946       0.271946        17      16.0      17.0       0.543774   156.040    82.780   -13.010    0     119.842468      -0.618090
    -40.00     10.00      10.664200       0.310477       0.310477        17      16.0      17.0       0.543774   158.290    86.400    -8.420    0     119.826378      -0.618660
    -40.00     15.00       5.996290       0.333051       0.333051        17      16.0      17.0       0.543774   340.670    83.440     0.940    0     119.810287      -0.619220
    -40.00     20.00       1.328390       0.359752       0.359752        17      16.0      17.0       0.543774   158.560    82.500   -16.810    0     119.794197      -0.619790
    -35.00     -5.00      24.667900       0.110859       0.110859        17      16.0      17.0       0.543774   150.930    65.150     2.080    0     119.873047      -0.571770
    -35.00      0.00      20.000000       0.184376       0.184376        17      16.0      17.0       0.543774   152.830    71.210   -11.380    0     119.856956      -0.572340
    -35.00      5.00      15.332100       0.228183       0.228183        17      16.0      17.0       0.543774   155.930    76.880   -15.080    0     119.840897      -0.572900
    -35.00     10.00      10.664200       0.255627       0.255627        17      16.0      17.0       0.543774   158.450    80.480   -10.130    0     119.824806      -0.573470
    -35.00     15.00       5.996290       0.268582       0.268582        17      16.0      17.0       0.543774   160.840    86.270    -5.840    0     119.808723      -0.574030
    -35.00     20.00       1.328390       0.302298       0.302298        17      16.0      17.0       0.543774   158.050    76.910   -19.630    0     119.792633      -0.574600
    -30.00     -5.00      24.667900       0.089861       0.089861        17      16.0      17.0       0.543774   153.050    49.220    13.750    0     119.871483      -0.526580
    -30.00      0.00      20.000000       0.138346       0.138346        17      16.0      17.0       0.543774   154.090    74.460   -14.610    0     119.855400      -0.527150
    -30.00      5.00      15.332100       0.169180       0.169180        17      16.0      17.0       0.543774   156.860    75.160   -15.610    0     119.839333      -0.527710
    -30.00     10.00      10.664200       0.185729       0.185729        17      16.0      17.0       0.543774   160.540    77.170    -6.350    0     119.823242      -0.528280
    -30.00     15.00       5.996290       0.198400       0.198400        17      16.0      17.0       0.543774   161.700    79.950    -4.130    0     119.807152      -0.528840
    -30.00     20.00       1.328390       0.228862       0.228862        17      16.0      17.0       0.543774   159.590    74.750   -17.470    0     119.791069      -0.529410
    -25.00     -5.00      24.667900       0.082820       0.082820        17      16.0      17.0       0.543774   184.580    28.400    62.650    0     119.869919      -0.481390
    -25.00      0.00      20.000000       0.104138       0.104138        17      16.0      17.0       0.543774    13.450    65.310    76.050    0     119.853828      -0.481950
    -25.00      5.00      15.332100       0.098157       0.098157        17      16.0      17.0       0.543774   164.040    89.640   -26.260    0     119.837761      -0.482520
    -25.00     10.00      10.664200       0.118569       0.118569        17      16.0      17.0       0.543774   165.410    65.560     7.200    0     119.821671      -0.483090
    -25.00     15.00       5.996290       0.130157       0.130157        17      16.0      17.0       0.543774   164.980    72.090     3.930    0     119.805580      -0.483650
    -25.00     20.00       1.328390       0.154818       0.154818        17      16.0      17.0       0.543774   161.750    72.560   -14.380    0     119.789497      -0.484220
    -20.00     -5.00      24.667900       0.070674       0.070674        17      16.0      17.0       0.543774   218.500    33.180    96.330    0     119.868347      -0.436200
    -20.00      0.00      20.000000       0.087640       0.087640        17      16.0      17.0       0.543774    15.030    61.640    71.420    0     119.852257      -0.436760
    -20.00      5.00      15.332100       0.068376       0.068376        17      16.0      17.0       0.543774    10.180    62.660    70.440    0     119.836189      -0.437330
    -20.00     10.00      10.664200       0.071587       0.071587        17      16.0      17.0       0.543774   182.750    46.580    37.950    0     119.820099      -0.437900
    -20.00     15.00       5.996290       0.076816       0.076816        17      16.0      17.0       0.543774   168.150    67.080    12.050    0     119.804008      -0.438460
    -20.00     20.00       1.328390       0.098353       0.098353        17      16.0      17.0       0.543774   162.390    75.610   -19.740    0     119.787933      -0.439030
    -15.00     -5.00      24.667900       0.039501       0.039501        17      16.0      17.0       0.543774   153.520    33.580     8.760    0     119.866791      -0.391010
    -15.00      0.00      20.000000       0.034158       0.034158        17      16.0      17.0       0.543774    94.930    37.170    78.770    1     119.850700      -0.391570
    -15.00      5.00      15.332100       0.019878       0.019878        17      16.0      17.0       0.543774   218.300    37.820    88.070    0     119.834618      -0.392140
    -15.00     10.00      10.664200       0.036624       0.036624        17      16.0      17.0       0.543774   127.170    17.450   -67.040    1     119.818527      -0.392700
    -15.00     15.00       5.996290       0.056079       0.056079        17      16.0      17.0       0.543774   152.460    62.510   -32.200    0     119.802452      -0.393270
    -15.00     20.00       1.328390       0.083045       0.083045        17      16.0      17.0       0.543774   151.480    69.780   -45.400    0     119.786362      -0.393840
    -10.00     -5.00      24.667900       0.000000       0.000000        17      16.0      17.0       0.543774   180.000    45.000    90.000    0     119.865219      -0.345820
    -10.00      0.00      20.000000       0.000000       0.000000        17      16.0      17.0       0.543774   180.000    45.000    90.000    0     119.849129      -0.346380
    -10.00      5.00      15.332100       0.000000       0.000000        17      16.0      17.0       0.543774   180.000    45.000    90.000    0     119.833054      -0.346950
    -10.00     10.00      10.664200       0.007633       0.007633        17      16.0      17.0       0.543774   149.230    51.550   -32.240    0     119.816963      -0.347510
    -10.00     15.00       5.996290       0.026218       0.026218        17      16.0      17.0       0.543774   130.580    60.310   -58.130    1     119.800880      -0.348080
    -10.00     20.00       1.328390       0.074891       0.074891        17      16.0      17.0       0.543774   139.260    66.550   -61.610    0     119.784790      -0.348650
     -5.00     -5.00      24.667900       0.000000       0.000000        17      16.0      17.0       0.543774   180.000    45.000    90.000    0     119.863647      -0.300630
     -5.00      0.00      20.000000       0.000000       0.000000        17      16.0      17.0       0.543774   180.000    45.000    90.000    0     119.847572      -0.301190
     -5.00      5.00      15.332100       0.000000       0.000000        17      16.0      17.0       0.543774   180.000    45.000    90.000    0     119.831482      -0.301760
     -5.00     10.00      10.664200       0.000000       0.000000        17      16.0      17.0       0.543774   180.000    45.000    90.000    0     119.815399      -0.302320
     -5.00     15.00       5.996290       0.028789       0.028789        17      16.0      17.0       0.543774   108.720    50.620   -79.540    1     119.799309      -0.302890
     -5.00     20.00       1.328390       0.068010       0.068010        17      16.0      17.0       0.543774   132.400    61.440   -63.940    1     119.783218      -0.303450
      0.00     -5.00      24.667900       0.000000       0.000000        17      16.0      17.0       0.543774   180.000    45.000    90.000    0     119.862091      -0.255430
      0.00      0.00      20.000000       0.000000       0.000000        17      16.0      17.0       0.543774   180.000    45.000    90.000    0     119.846001      -0.256000
      0.00      5.00      15.332100       0.000000       0.000000        17      16.0      17.0       0.543774   180.000    45.000    90.000    0     119.829910      -0.256570
      0.00     10.00      10.664200       0.000000       0.000000        17      16.0      17.0       0.543774   180.000    45.000    90.000    0     119.813828      -0.257130
      0.00     15.00       5.996290       0.020100       0.020100        17      16.0      17.0       0.543774   118.690    58.120   -83.600    1     119.797737      -0.257700
      0.00     20.00       1.328390       0.045856       0.045856        17      16.0      17.0       0.543774   148.080    62.890   -60.980    0     119.781647      -0.258260
      5.00     -5.00      24.667900       0.000000       0.000000        17      16.0      17.0       0.543774   180.000    45.000    90.000    0     119.860519      -0.210240
      5.00      0.00      20.000000       0.000000       0.000000        17      16.0      17.0       0.543774   180.000    45.000    90.000    0     119.844429      -0.210810
      5.00      5.00      15.332100       0.000000       0.000000        17      16.0      17.0       0.543774   180.000    45.000    90.000    0     119.828346      -0.211370
      5.00     10.00      10.664200       0.000000       0.000000        17      16.0      17.0       0.543774   180.000    45.000    90.000    0     119.812263      -0.211940
      5.00     15.00       5.996290       0.026677       0.026677        17      16.0      17.0       0.543774    78.320    31.260  -128.470    1     119.796173      -0.212500
      5.00     20.00       1.328390       0.048624       0.048624        17      16.0      17.0       0.543774    84.540    15.910   -68.650    1     119.780090      -0.213070
     10.00     -5.00      24.667900       0.000000       0.000000        17      16.0      17.0       0.543774   180.000    45.000    90.000    0     119.858948      -0.165050
     10.00      0.00      20.000000       0.000000       0.000000        17      16.0      17.0       0.543774   180.000    45.000    90.000    0     119.842873      -0.165620
     10.00      5.00      15.332100       0.000000       0.000000        17      16.0      17.0       0.543774   180.000    45.000    90.000    0     119.826782      -0.166180
     10.00     10.00      10.664200       0.012335       0.012335        17      16.0      17.0       0.543774    78.220    32.560   -86.330    1     119.810692      -0.166750
     10.00     15.00       5.996290       0.061131       0.061131        17      16.0      17.0       0.543774    63.710    31.870  -129.170    1     119.794609      -0.167310
     10.00     20.00       1.328390       0.064861       0.064861        17      16.0      17.0       0.543774    73.950    23.050   -92.550    1     119.778519      -0.167880
     15.00     -5.00      24.667900       0.038808       0.038808        17      16.0      17.0       0.543774   117.900    38.000    98.190    1     119.857384      -0.119860
     15.00      0.00      20.000000       0.032190       0.032190        17      16.0      17.0       0.543774   177.200    74.090   100.590    0     119.841301      -0.120430
     15.00      5.00      15.332100       0.032515       0.032515        17      16.0      17.0       0.543774   305.010    60.340   -33.790    1     119.825218      -0.120990
     15.00     10.00      10.664200       0.029899       0.029899        17      16.0      17.0       0.543774   109.720    50.970   -54.250    1     119.809128      -0.121560
     15.00     15.00       5.996290       0.059477       0.059477        17      16.0      17.0       0.543774    52.880    52.920  -128.380    1     119.793037      -0.122120
     15.00     20.00       1.328390       0.063322       0.063322        17      16.0      17.0       0.543774    76.200    31.820   -92.810    1     119.776947      -0.122690
     20.00     -5.00      24.667900       0.040701       0.040701        17      16.0      17.0       0.543774    54.450    87.990   -98.410    1     119.855812      -0.074670
     20.00      0.00      20.000000       0.050896       0.050896        17      16.0      17.0       0.543774   320.000    78.940   -58.740    0     119.839737      -0.075240
     20.00      5.00      15.332100       0.073802       0.073802        17      16.0      17.0       0.543774   313.370    73.370   -38.980    0     119.823647      -0.075800
     20.00     10.00      10.664200       0.101161       0.101161        17      16.0      17.0       0.543774   309.700    71.610   -37.940    1     119.807564      -0.076370
     20.00     15.00       5.996290       0.103017       0.103017        17      16.0      17.0       0.543774    53.360    58.380  -143.790    1     119.791481      -0.076930
     20.00     20.00       1.328390       0.081946       0.081946        17      16.0      17.0       0.543774    59.220    44.290  -128.030    1     119.775391      -0.077500
     25.00     -5.00      24.667900       0.063117       0.063117        17      16.0      17.0       0.543774    54.270    76.370  -110.290    1     119.854240      -0.029480
     25.00      0.00      20.000000       0.074764       0.074764        17      16.0      17.0       0.543774    64.330    61.240  -135.580    1     119.838173      -0.030050
     25.00      5.00      15.332100       0.107657       0.107657        17      16.0      17.0       0.543774   320.450    71.320   -22.120    0     119.822083      -0.030610
     25.00     10.00      10.664200       0.121461       0.121461        17      16.0      17.0       0.543774   319.290    81.600   -15.230    0     119.806000      -0.031180
     25.00     15.00       5.996290       0.103923       0.103923        17      16.0      17.0       0.543774   314.660    75.720   -17.740    0     119.789909      -0.031740
     25.00     20.00       1.328390       0.102565       0.102565        17      16.0      17.0       0.543774   132.650    79.340    -3.630    1     119.773819      -0.032310
     30.00     -5.00      24.667900       0.059187       0.059187        17      16.0      17.0       0.543774    54.510    77.540  -113.640    1     119.852669       0.015710
     30.00      0.00      20.000000       0.072304       0.072304        17      16.0      17.0       0.543774   320.940    53.770   -35.450    0     119.836601       0.015150
     30.00      5.00      15.332100       0.129814       0.129814        17      16.0      17.0       0.543774   147.860    86.310    -5.640    0     119.820518       0.014580
     30.00     10.00      10.664200       0.143422       0.143422        17      16.0      17.0       0.543774   323.490    89.210    -3.270    0     119.804428       0.014020
     30.00     15.00       5.996290       0.131055       0.131055        17      16.0      17.0       0.543774   319.200    85.260    -7.140    0     119.788338       0.013450
     30.00     20.00       1.328390       0.135433       0.135433        17      16.0      17.0       0.543774   134.810    76.640    -3.420    0     119.772263       0.012890
     35.00     -5.00      24.667900       0.035566       0.035566        17      16.0      17.0       0.543774   326.410    57.910   -45.650    0     119.851097       0.060900
     35.00      0.00      20.000000       0.082388       0.082388        17      16.0      17.0       0.543774   153.970    69.600   -28.110    0     119.835037       0.060340
     35.00      5.00      15.332100       0.136977       0.136977        17      16.0      17.0       0.543774   150.830    80.320   -13.890    0     119.818947       0.059770
     35.00     10.00      10.664200       0.149736       0.149736        17      16.0      17.0       0.543774   326.660    89.930    -1.270    0     119.802856       0.059210
     35.00     15.00       5.996290       0.146263       0.146263        17      16.0      17.0       0.543774   321.350    89.440    -5.360    0     119.786781       0.058640
     35.00     20.00       1.328390       0.154845       0.154845        17      16.0      17.0       0.543774   137.080    76.150     0.540    0     119.770691       0.058080
     40.00     -5.00      24.667900       0.045884       0.045884        17      16.0      17.0       0.543774   179.820    47.560   -14.150    0     119.849533       0.106090
     40.00      0.00      20.000000       0.091915       0.091915        17      16.0      17.0       0.543774   164.980    71.830   -27.200    0     119.833473       0.105530
     40.00      5.00      15.332100       0.118214       0.118214        17      16.0      17.0       0.543774   157.020    78.230   -17.560    0     119.817390       0.104960
     40.00     10.00      10.664200       0.128510       0.128510        17      16.0      17.0       0.543774   150.250    87.010     1.160    0     119.801300       0.104400
     40.00     15.00       5.996290       0.140277       0.140277        17      16.0      17.0       0.543774   143.330    85.490     9.500    0     119.785210       0.103830
     40.00     20.00       1.328390       0.151390       0.151390        17      16.0      17.0       0.543774   139.260    76.690     6.690    0     119.769127       0.103270
     45.00     -5.00      24.667900       0.061514       0.061514        17      16.0      17.0       0.543774   189.320    66.010   -25.220    0     119.847961       0.151280
     45.00      0.00      20.000000       0.090286       0.090286        17      16.0      17.0       0.543774   180.170    86.240   -39.270    0     119.831909       0.150720
     45.00      5.00      15.332100       0.102997       0.102997        17      16.0      17.0       0.543774     8.430    74.300    59.380    0     119.815819       0.150150
     45.00     10.00      10.664200       0.093427       0.093427        17      16.0      17.0       0.543774   153.950    79.210     3.430    0     119.799728       0.149590
     45.00     15.00       5.996290       0.114759       0.114759        17      16.0      17.0       0.543774   145.130    82.910    11.010    0     119.783653       0.149020
     45.00     20.00       1.328390       0.121720       0.121720        17      16.0      17.0       0.543774   141.150    76.720    12.810    0     119.767563       0.148460
     50.00     -5.00      24.667900       0.051402       0.051402        17      16.0      17.0       0.543774   203.190    84.460   -43.630    0     119.846390       0.196470
     50.00      0.00      20.000000       0.067602       0.067602        17      16.0      17.0       0.543774   184.350    88.150   -40.440    0     119.830338       0.195910
     50.00      5.00      15.332100       0.080807       0.080807        17      16.0      17.0       0.543774    24.150    67.650    65.660    0     119.814247       0.195340
     50.00     10.00      10.664200       0.067088       0.067088        17      16.0      17.0       0.543774   216.450    40.890   109.300    0     119.798172       0.194780
     50.00     15.00       5.996290       0.066770       0.066770        17      16.0      17.0       0.543774   149.210    72.940    18.330    0     119.782082       0.194210
     50.00     20.00       1.328390       0.068815       0.068815        17      16.0      17.0       0.543774   143.470    74.780    19.660    0     119.765991       0.193650
