      xloc      yloc          depth         ave SR         max SR         #     start       end     max SR all       str       dip      rake flag
   -185.00     -5.00      24.667900       0.000000       0.000000        36      35.0      36.0       0.543774   180.000    45.000    90.000    0     119.920059      -1.927490
   -185.00      0.00      20.000000       0.000000       0.000000        36      35.0      36.0       0.543774   180.000    45.000    90.000    0     119.903961      -1.928060
   -185.00      5.00      15.332100       0.000000       0.000000        36      35.0      36.0       0.543774   180.000    45.000    90.000    0     119.887871      -1.928620
   -185.00     10.00      10.664200       0.000000       0.000000        36      35.0      36.0       0.543774   180.000    45.000    90.000    0     119.871780      -1.929190
   -185.00     15.00       5.996290       0.000000       0.000000        36      35.0      36.0       0.543774   180.000    45.000    90.000    0     119.855682      -1.929750
   -185.00     20.00       1.328390       0.000000       0.000000        36      35.0      36.0       0.543774   180.000    45.000    90.000    0     119.839706      -1.930320
   -180.00     -5.00      24.667900       0.057815       0.057815        36      35.0      36.0       0.543774    82.590    49.840   -86.110    1     119.918488      -1.882300
   -180.00      0.00      20.000000       0.031992       0.031992        36      35.0      36.0       0.543774    56.340    72.110  -110.870    1     119.902397      -1.882870
   -180.00      5.00      15.332100       0.031419       0.031419        36      35.0      36.0       0.543774    46.950    86.490   -99.010    1     119.886299      -1.883430
   -180.00     10.00      10.664200       0.036945       0.036945        36      35.0      36.0       0.543774    91.000     6.800   -77.260    1     119.870209      -1.884000
   -180.00     15.00       5.996290       0.058386       0.058386        36      35.0      36.0       0.543774    65.070    13.230   -69.360    1     119.854118      -1.884560
   -180.00     20.00       1.328390       0.014798       0.014798        36      35.0      36.0       0.543774   359.450    47.120  -131.310    0     119.838142      -1.885130
   -175.00     -5.00      24.667900       0.065336       0.065336        36      35.0      36.0       0.543774    65.930    40.620  -111.510    1     119.916924      -1.837110
   -175.00      0.00      20.000000       0.105387       0.105387        36      35.0      36.0       0.543774    58.150    62.050  -120.850    1     119.900833      -1.837680
   -175.00      5.00      15.332100       0.052884       0.052884        36      35.0      36.0       0.543774    41.490    64.740  -137.010    0     119.884743      -1.838240
   -175.00     10.00      10.664200       0.095185       0.095185        36      35.0      36.0       0.543774    64.190    17.400  -119.790    1     119.868637      -1.838810
   -175.00     15.00       5.996290       0.105875       0.105875        36      35.0      36.0       0.543774   100.000    23.730   -63.250    1     119.852547      -1.839370
   -175.00     20.00       1.328390       0.064433       0.064433        36      35.0      36.0       0.543774    85.310    23.650   -83.570    1     119.836571      -1.839940
   -170.00     -5.00      24.667900       0.052714       0.052714        36      35.0      36.0       0.543774    37.910    61.050  -156.680    0     119.915352      -1.791920
   -170.00      0.00      20.000000       0.126401       0.126401        36      35.0      36.0       0.543774    49.880    68.540  -130.850    1     119.899261      -1.792490
   -170.00      5.00      15.332100       0.104256       0.104256        36      35.0      36.0       0.543774    49.880    62.730  -133.440    1     119.883171      -1.793050
   -170.00     10.00      10.664200       0.124990       0.124990        36      35.0      36.0       0.543774    73.490    27.530  -118.740    1     119.867081      -1.793620
   -170.00     15.00       5.996290       0.140411       0.140411        36      35.0      36.0       0.543774   105.540    27.060   -77.060    1     119.850983      -1.794180
   -170.00     20.00       1.328390       0.116212       0.116212        36      35.0      36.0       0.543774   108.800    26.220   -78.410    1     119.834999      -1.794750
   -165.00     -5.00      24.667900       0.063726       0.063726        36      35.0      36.0       0.543774    36.380    82.570  -144.310    0     119.913788      -1.746730
   -165.00      0.00      20.000000       0.137432       0.137432        36      35.0      36.0       0.543774   302.430    41.650   -18.580    1     119.897690      -1.747300
   -165.00      5.00      15.332100       0.133192       0.133192        36      35.0      36.0       0.543774    53.930    67.500  -132.370    1     119.881599      -1.747860
   -165.00     10.00      10.664200       0.136045       0.136045        36      35.0      36.0       0.543774    81.350    33.770  -120.790    1     119.865509      -1.748430
   -165.00     15.00       5.996290       0.161478       0.161478        36      35.0      36.0       0.543774   109.250    28.730   -88.720    1     119.849419      -1.748990
   -165.00     20.00       1.328390       0.152257       0.152257        36      35.0      36.0       0.543774   116.830    28.160   -84.100    1     119.833427      -1.749560
   -160.00     -5.00      24.667900       0.081207       0.081207        36      35.0      36.0       0.543774    40.750    88.160  -135.220    0     119.912216      -1.701540
   -160.00      0.00      20.000000       0.145052       0.145052        36      35.0      36.0       0.543774   311.850    35.360    -5.230    1     119.896133      -1.702110
   -160.00      5.00      15.332100       0.144804       0.144804        36      35.0      36.0       0.543774    58.080    74.400  -130.360    1     119.880028      -1.702670
   -160.00     10.00      10.664200       0.134534       0.134534        36      35.0      36.0       0.543774   315.670    60.640   -56.830    0     119.863937      -1.703240
   -160.00     15.00       5.996290       0.161326       0.161326        36      35.0      36.0       0.543774   106.800    31.920  -106.250    1     119.847847      -1.703800
   -160.00     20.00       1.328390       0.164788       0.164788        36      35.0      36.0       0.543774   116.530    29.810   -97.080    1     119.831863      -1.704370
   -155.00     -5.00      24.667900       0.090839       0.090839        36      35.0      36.0       0.543774   318.350    43.710     2.610    0     119.910652      -1.656350
   -155.00      0.00      20.000000       0.145237       0.145237        36      35.0      36.0       0.543774   324.820    33.870     5.660    0     119.894562      -1.656920
   -155.00      5.00      15.332100       0.138754       0.138754        36      35.0      36.0       0.543774   325.290    43.840   -13.180    0     119.878471      -1.657480
   -155.00     10.00      10.664200       0.135451       0.135451        36      35.0      36.0       0.543774   337.200    67.460   -33.240    0     119.862373      -1.658050
   -155.00     15.00       5.996290       0.152080       0.152080        36      35.0      36.0       0.543774   337.210    67.540   -45.560    0     119.846283      -1.658610
   -155.00     20.00       1.328390       0.160474       0.160474        36      35.0      36.0       0.543774   332.020    65.450   -57.810    0     119.830292      -1.659180
   -150.00     -5.00      24.667900       0.094001       0.094001        36      35.0      36.0       0.543774   327.290    50.730    16.830    0     119.909081      -1.611160
   -150.00      0.00      20.000000       0.142345       0.142345        36      35.0      36.0       0.543774   337.360    36.600    16.490    0     119.892990      -1.611730
   -150.00      5.00      15.332100       0.137747       0.137747        36      35.0      36.0       0.543774   340.850    47.920    -0.440    0     119.876900      -1.612290
   -150.00     10.00      10.664200       0.147022       0.147022        36      35.0      36.0       0.543774   352.050    77.010   -12.160    0     119.860809      -1.612860
   -150.00     15.00       5.996290       0.168609       0.168609        36      35.0      36.0       0.543774   357.260    85.570   -17.160    0     119.844818      -1.613420
   -150.00     20.00       1.328390       0.181483       0.181483        36      35.0      36.0       0.543774   179.950    86.510    16.330    0     119.828720      -1.613990
   -145.00     -5.00      24.667900       0.091575       0.091575        36      35.0      36.0       0.543774   330.880    64.140    34.630    0     119.907516      -1.565970
   -145.00      0.00      20.000000       0.130277       0.130277        36      35.0      36.0       0.543774   346.350    46.420    27.110    0     119.891418      -1.566530
   -145.00      5.00      15.332100       0.143029       0.143029        36      35.0      36.0       0.543774   354.050    53.400    13.480    0     119.875328      -1.567100
   -145.00     10.00      10.664200       0.168098       0.168098        36      35.0      36.0       0.543774   359.780    77.650     1.460    0     119.859238      -1.567660
   -145.00     15.00       5.996290       0.190668       0.190668        36      35.0      36.0       0.543774   184.610    89.270     8.450    0     119.843246      -1.568230
   -145.00     20.00       1.328390       0.208288       0.208288        36      35.0      36.0       0.543774   186.580    81.740    11.600    0     119.827148      -1.568800
   -140.00     -5.00      24.667900       0.090922       0.090922        36      35.0      36.0       0.543774   337.640    68.230    45.590    0     119.905952      -1.520780
   -140.00      0.00      20.000000       0.123367       0.123367        36      35.0      36.0       0.543774   355.110    55.270    41.240    0     119.889862      -1.521340
   -140.00      5.00      15.332100       0.153425       0.153425        36      35.0      36.0       0.543774     3.870    58.950    26.420    0     119.873772      -1.521910
   -140.00     10.00      10.664200       0.187387       0.187387        36      35.0      36.0       0.543774     7.530    70.270    15.250    0     119.857681      -1.522470
   -140.00     15.00       5.996290       0.208265       0.208265        36      35.0      36.0       0.543774   189.790    88.840     2.160    0     119.841682      -1.523040
   -140.00     20.00       1.328390       0.227305       0.227305        36      35.0      36.0       0.543774   191.770    79.590    10.300    0     119.825577      -1.523610
   -135.00     -5.00      24.667900       0.085352       0.085352        36      35.0      36.0       0.543774   352.040    67.270    60.620    0     119.904381      -1.475590
   -135.00      0.00      20.000000       0.129046       0.129046        36      35.0      36.0       0.543774     6.840    60.930    58.130    0     119.888290      -1.476150
   -135.00      5.00      15.332100       0.166055       0.166055        36      35.0      36.0       0.543774    13.700    62.000    40.480    0     119.872200      -1.476720
   -135.00     10.00      10.664200       0.196903       0.196903        36      35.0      36.0       0.543774    15.140    66.660    24.920    0     119.856110      -1.477280
   -135.00     15.00       5.996290       0.215457       0.215457        36      35.0      36.0       0.543774    14.510    86.880     7.190    0     119.840111      -1.477850
   -135.00     20.00       1.328390       0.232356       0.232356        36      35.0      36.0       0.543774   196.140    78.120     9.010    0     119.824020      -1.478410
   -130.00     -5.00      24.667900       0.091287       0.091287        36      35.0      36.0       0.543774   204.350    22.990    95.880    0     119.902809      -1.430400
   -130.00      0.00      20.000000       0.139824       0.139824        36      35.0      36.0       0.543774    19.310    65.340    72.530    0     119.886719      -1.430960
   -130.00      5.00      15.332100       0.168150       0.168150        36      35.0      36.0       0.543774    20.560    65.820    49.560    0     119.870628      -1.431530
   -130.00     10.00      10.664200       0.188801       0.188801        36      35.0      36.0       0.543774    20.680    68.670    28.580    0     119.854538      -1.432090
   -130.00     15.00       5.996290       0.208789       0.208789        36      35.0      36.0       0.543774    20.030    82.040    15.420    0     119.838539      -1.432660
   -130.00     20.00       1.328390       0.220195       0.220195        36      35.0      36.0       0.543774   200.030    78.220     6.660    0     119.822449      -1.433220
   -125.00     -5.00      24.667900       0.101447       0.101447        36      35.0      36.0       0.543774   196.170    18.840    76.220    0     119.901253      -1.385210
   -125.00      0.00      20.000000       0.151351       0.151351        36      35.0      36.0       0.543774    27.710    70.570    79.360    0     119.885162      -1.385770
   -125.00      5.00      15.332100       0.158814       0.158814        36      35.0      36.0       0.543774    26.950    70.280    56.970    0     119.869072      -1.386340
   -125.00     10.00      10.664200       0.165733       0.165733        36      35.0      36.0       0.543774    23.680    75.680    28.910    0     119.852982      -1.386900
   -125.00     15.00       5.996290       0.183702       0.183702        36      35.0      36.0       0.543774    24.500    82.640    17.860    0     119.836967      -1.387470
   -125.00     20.00       1.328390       0.189325       0.189325        36      35.0      36.0       0.543774   203.580    79.960     2.700    0     119.820877      -1.388030
   -120.00     -5.00      24.667900       0.101422       0.101422        36      35.0      36.0       0.543774   210.580    15.010    87.360    0     119.899681      -1.340020
   -120.00      0.00      20.000000       0.151056       0.151056        36      35.0      36.0       0.543774    32.050    76.860    80.330    0     119.883591      -1.340580
   -120.00      5.00      15.332100       0.137380       0.137380        36      35.0      36.0       0.543774    32.520    75.610    59.340    0     119.867500      -1.341150
   -120.00     10.00      10.664200       0.136193       0.136193        36      35.0      36.0       0.543774    27.470    83.500    33.110    0     119.851410      -1.341710
   -120.00     15.00       5.996290       0.140337       0.140337        36      35.0      36.0       0.543774    28.620    84.820    18.730    0     119.835403      -1.342280
   -120.00     20.00       1.328390       0.139302       0.139302        36      35.0      36.0       0.543774   207.050    83.460    -1.740    0     119.819313      -1.342840
   -115.00     -5.00      24.667900       0.076295       0.076295        36      35.0      36.0       0.543774    30.900    76.910    79.580    0     119.898109      -1.294830
   -115.00      0.00      20.000000       0.125630       0.125630        36      35.0      36.0       0.543774    28.960    84.960    77.700    0     119.882019      -1.295390
   -115.00      5.00      15.332100       0.089478       0.089478        36      35.0      36.0       0.543774    32.560    84.240    50.860    0     119.865929      -1.295960
   -115.00     10.00      10.664200       0.093728       0.093728        36      35.0      36.0       0.543774   206.820    83.130   -42.880    0     119.849838      -1.296520
   -115.00     15.00       5.996290       0.081055       0.081055        36      35.0      36.0       0.543774   211.420    88.250   -23.330    0     119.833832      -1.297090
   -115.00     20.00       1.328390       0.074992       0.074992        36      35.0      36.0       0.543774   209.720    88.530    -5.020    0     119.817741      -1.297650
   -110.00     -5.00      24.667900       0.036198       0.036198        36      35.0      36.0       0.543774    35.430    76.500    59.720    0     119.896553      -1.249630
   -110.00      0.00      20.000000       0.064384       0.064384        36      35.0      36.0       0.543774   -36.540     7.700  -161.490    0     119.880463      -1.250200
   -110.00      5.00      15.332100       0.027422       0.027422        36      35.0      36.0       0.543774   318.460    55.590  -151.370    0     119.864372      -1.250760
   -110.00     10.00      10.664200       0.038539       0.038539        36      35.0      36.0       0.543774   321.670    30.740  -168.000    0     119.848282      -1.251330
   -110.00     15.00       5.996290       0.034693       0.034693        36      35.0      36.0       0.543774   197.420    76.080   -64.560    0     119.832260      -1.251900
   -110.00     20.00       1.328390       0.020181       0.020181        36      35.0      36.0       0.543774    25.520    88.670    32.130    0     119.816170      -1.252460
   -105.00     -5.00      24.667900       0.000000       0.000000        36      35.0      36.0       0.543774   180.000    45.000    90.000    0     119.894981      -1.204440
   -105.00      0.00      20.000000       0.000000       0.000000        36      35.0      36.0       0.543774   180.000    45.000    90.000    0     119.878891      -1.205010
   -105.00      5.00      15.332100       0.000000       0.000000        36      35.0      36.0       0.543774   180.000    45.000    90.000    0     119.862801      -1.205570
   -105.00     10.00      10.664200       0.000000       0.000000        36      35.0      36.0       0.543774   180.000    45.000    90.000    0     119.846710      -1.206140
   -105.00     15.00       5.996290       0.000000       0.000000        36      35.0      36.0       0.543774   180.000    45.000    90.000    0     119.830688      -1.206700
   -105.00     20.00       1.328390       0.000000       0.000000        36      35.0      36.0       0.543774   180.000    45.000    90.000    0     119.814598      -1.207270
   -100.00     -5.00      24.667900       0.000000       0.000000        36      35.0      36.0       0.543774   180.000    45.000    90.000    0     119.893410      -1.159250
   -100.00      0.00      20.000000       0.000000       0.000000        36      35.0      36.0       0.543774   180.000    45.000    90.000    0     119.877319      -1.159820
   -100.00      5.00      15.332100       0.000000       0.000000        36      35.0      36.0       0.543774   180.000    45.000    90.000    0     119.861229      -1.160380
   -100.00     10.00      10.664200       0.000000       0.000000        36      35.0      36.0       0.543774   180.000    45.000    90.000    0     119.845207      -1.160950
   -100.00     15.00       5.996290       0.000000       0.000000        36      35.0      36.0       0.543774   180.000    45.000    90.000    0     119.829117      -1.161510
   -100.00     20.00       1.328390       0.000000       0.000000        36      35.0      36.0       0.543774   180.000    45.000    90.000    0     119.813026      -1.162080
    -95.00     -5.00      24.667900       0.000000       0.000000        36      35.0      36.0       0.543774   180.000    45.000    90.000    0     119.891853      -1.114060
    -95.00      0.00      20.000000       0.000000       0.000000        36      35.0      36.0       0.543774   180.000    45.000    90.000    0     119.875763      -1.114630
    -95.00      5.00      15.332100       0.000000       0.000000        36      35.0      36.0       0.543774   180.000    45.000    90.000    0     119.859673      -1.115190
    -95.00     10.00      10.664200       0.000000       0.000000        36      35.0      36.0       0.543774   180.000    45.000    90.000    0     119.843643      -1.115760
    -95.00     15.00       5.996290       0.000000       0.000000        36      35.0      36.0       0.543774   180.000    45.000    90.000    0     119.827553      -1.116320
    -95.00     20.00       1.328390       0.000000       0.000000        36      35.0      36.0       0.543774   180.000    45.000    90.000    0     119.811462      -1.116890
    -90.00     -5.00      24.667900       0.000000       0.000000        36      35.0      36.0       0.543774   180.000    45.000    90.000    0     119.890282      -1.068870
    -90.00      0.00      20.000000       0.000000       0.000000        36      35.0      36.0       0.543774   180.000    45.000    90.000    0     119.874191      -1.069440
    -90.00      5.00      15.332100       0.000000       0.000000        36      35.0      36.0       0.543774   180.000    45.000    90.000    0     119.858101      -1.070000
    -90.00     10.00      10.664200       0.000000       0.000000        36      35.0      36.0       0.543774   180.000    45.000    90.000    0     119.842072      -1.070570
    -90.00     15.00       5.996290       0.000000       0.000000        36      35.0      36.0       0.543774   180.000    45.000    90.000    0     119.825981      -1.071130
    -90.00     20.00       1.328390       0.000000       0.000000        36      35.0      36.0       0.543774   180.000    45.000    90.000    0     119.809891      -1.071700
    -85.00     -5.00      24.667900       0.000000       0.000000        36      35.0      36.0       0.543774   180.000    45.000    90.000    0     119.888710      -1.023680
    -85.00      0.00      20.000000       0.000000       0.000000        36      35.0      36.0       0.543774   180.000    45.000    90.000    0     119.872620      -1.024250
    -85.00      5.00      15.332100       0.000000       0.000000        36      35.0      36.0       0.543774   180.000    45.000    90.000    0     119.856537      -1.024810
    -85.00     10.00      10.664200       0.000000       0.000000        36      35.0      36.0       0.543774   180.000    45.000    90.000    0     119.840500      -1.025380
    -85.00     15.00       5.996290       0.000000       0.000000        36      35.0      36.0       0.543774   180.000    45.000    90.000    0     119.824409      -1.025940
    -85.00     20.00       1.328390       0.000000       0.000000        36      35.0      36.0       0.543774   180.000    45.000    90.000    0     119.808319      -1.026510
    -80.00     -5.00      24.667900       0.000000       0.000000        36      35.0      36.0       0.543774   180.000    45.000    90.000    0     119.887154      -0.978490
    -80.00      0.00      20.000000       0.000000       0.000000        36      35.0      36.0       0.543774   180.000    45.000    90.000    0     119.871063      -0.979050
    -80.00      5.00      15.332100       0.000000       0.000000        36      35.0      36.0       0.543774   180.000    45.000    90.000    0     119.854973      -0.979620
    -80.00     10.00      10.664200       0.000000       0.000000        36      35.0      36.0       0.543774   180.000    45.000    90.000    0     119.838928      -0.980190
    -80.00     15.00       5.996290       0.000000       0.000000        36      35.0      36.0       0.543774   180.000    45.000    90.000    0     119.822838      -0.980750
    -80.00     20.00       1.328390       0.000000       0.000000        36      35.0      36.0       0.543774   180.000    45.000    90.000    0     119.806763      -0.981320
    -75.00     -5.00      24.667900       0.000000       0.000000        36      35.0      36.0       0.543774   180.000    45.000    90.000    0     119.885582      -0.933300
    -75.00      0.00      20.000000       0.000000       0.000000        36      35.0      36.0       0.543774   180.000    45.000    90.000    0     119.869492      -0.933860
    -75.00      5.00      15.332100       0.000000       0.000000        36      35.0      36.0       0.543774   180.000    45.000    90.000    0     119.853401      -0.934430
    -75.00     10.00      10.664200       0.000000       0.000000        36      35.0      36.0       0.543774   180.000    45.000    90.000    0     119.837357      -0.934990
    -75.00     15.00       5.996290       0.000000       0.000000        36      35.0      36.0       0.543774   180.000    45.000    90.000    0     119.821274      -0.935560
    -75.00     20.00       1.328390       0.000000       0.000000        36      35.0      36.0       0.543774   180.000    45.000    90.000    0     119.805191      -0.936130
    -70.00     -5.00      24.667900       0.000000       0.000000        36      35.0      36.0       0.543774   180.000    45.000    90.000    0     119.884010      -0.888110
    -70.00      0.00      20.000000       0.000000       0.000000        36      35.0      36.0       0.543774   180.000    45.000    90.000    0     119.867928      -0.888670
    -70.00      5.00      15.332100       0.000000       0.000000        36      35.0      36.0       0.543774   180.000    45.000    90.000    0     119.851837      -0.889240
    -70.00     10.00      10.664200       0.000000       0.000000        36      35.0      36.0       0.543774   180.000    45.000    90.000    0     119.835793      -0.889800
    -70.00     15.00       5.996290       0.000000       0.000000        36      35.0      36.0       0.543774   180.000    45.000    90.000    0     119.819710      -0.890370
    -70.00     20.00       1.328390       0.000000       0.000000        36      35.0      36.0       0.543774   180.000    45.000    90.000    0     119.803619      -0.890940
    -65.00     -5.00      24.667900       0.000000       0.000000        36      35.0      36.0       0.543774   180.000    45.000    90.000    0     119.882446      -0.842920
    -65.00      0.00      20.000000       0.000000       0.000000        36      35.0      36.0       0.543774   180.000    45.000    90.000    0     119.866364      -0.843480
    -65.00      5.00      15.332100       0.000000       0.000000        36      35.0      36.0       0.543774   180.000    45.000    90.000    0     119.850273      -0.844050
    -65.00     10.00      10.664200       0.000000       0.000000        36      35.0      36.0       0.543774   180.000    45.000    90.000    0     119.834221      -0.844610
    -65.00     15.00       5.996290       0.000000       0.000000        36      35.0      36.0       0.543774   180.000    45.000    90.000    0     119.818138      -0.845180
    -65.00     20.00       1.328390       0.000000       0.000000        36      35.0      36.0       0.543774   180.000    45.000    90.000    0     119.802048      -0.845750
    -60.00     -5.00      24.667900       0.000000       0.000000        36      35.0      36.0       0.543774   180.000    45.000    90.000    0     119.880882      -0.797730
    -60.00      0.00      20.000000       0.000000       0.000000        36      35.0      36.0       0.543774   180.000    45.000    90.000    0     119.864792      -0.798290
    -60.00      5.00      15.332100       0.000000       0.000000        36      35.0      36.0       0.543774   180.000    45.000    90.000    0     119.848701      -0.798860
    -60.00     10.00      10.664200       0.000000       0.000000        36      35.0      36.0       0.543774   180.000    45.000    90.000    0     119.832657      -0.799420
    -60.00     15.00       5.996290       0.000000       0.000000        36      35.0      36.0       0.543774   180.000    45.000    90.000    0     119.816566      -0.799990
    -60.00     20.00       1.328390       0.000000       0.000000        36      35.0      36.0       0.543774   180.000    45.000    90.000    0     119.800484      -0.800550
    -55.00     -5.00      24.667900       0.000000       0.000000        36      35.0      36.0       0.543774   180.000    45.000    90.000    0     119.879311      -0.752540
    -55.00      0.00      20.000000       0.000000       0.000000        36      35.0      36.0       0.543774   180.000    45.000    90.000    0     119.863228      -0.753100
    -55.00      5.00      15.332100       0.000000       0.000000        36      35.0      36.0       0.543774   180.000    45.000    90.000    0     119.847137      -0.753670
    -55.00     10.00      10.664200       0.000000       0.000000        36      35.0      36.0       0.543774   180.000    45.000    90.000    0     119.831093      -0.754230
    -55.00     15.00       5.996290       0.000000       0.000000        36      35.0      36.0       0.543774   180.000    45.000    90.000    0     119.815002      -0.754800
    -55.00     20.00       1.328390       0.000000       0.000000        36      35.0      36.0       0.543774   180.000    45.000    90.000    0     119.798912      -0.755360
    -50.00     -5.00      24.667900       0.000000       0.000000        36      35.0      36.0       0.543774   180.000    45.000    90.000    0     119.877747      -0.707340
    -50.00      0.00      20.000000       0.000000       0.000000        36      35.0      36.0       0.543774   180.000    45.000    90.000    0     119.861656      -0.707910
    -50.00      5.00      15.332100       0.000000       0.000000        36      35.0      36.0       0.543774   180.000    45.000    90.000    0     119.845612      -0.708470
    -50.00     10.00      10.664200       0.000000       0.000000        36      35.0      36.0       0.543774   180.000    45.000    90.000    0     119.829521      -0.709040
    -50.00     15.00       5.996290       0.000000       0.000000        36      35.0      36.0       0.543774   180.000    45.000    90.000    0     119.813431      -0.709610
    -50.00     20.00       1.328390       0.000000       0.000000        36      35.0      36.0       0.543774   180.000    45.000    90.000    0     119.797340      -0.710170
    -45.00     -5.00      24.667900       0.000000       0.000000        36      35.0      36.0       0.543774   180.000    45.000    90.000    0     119.876183      -0.662150
    -45.00      0.00      20.000000       0.000000       0.000000        36      35.0      36.0       0.543774   180.000    45.000    90.000    0     119.860092      -0.662720
    -45.00      5.00      15.332100       0.000000       0.000000        36      35.0      36.0       0.543774   180.000    45.000    90.000    0     119.844040      -0.663280
    -45.00     10.00      10.664200       0.000000       0.000000        36      35.0      36.0       0.543774   180.000    45.000    90.000    0     119.827950      -0.663850
    -45.00     15.00       5.996290       0.000000       0.000000        36      35.0      36.0       0.543774   180.000    45.000    90.000    0     119.811859      -0.664420
    -45.00     20.00       1.328390       0.000000       0.000000        36      35.0      36.0       0.543774   180.000    45.000    90.000    0     119.795769      -0.664980
    -40.00     -5.00      24.667900       0.000000       0.000000        36      35.0      36.0       0.543774   180.000    45.000    90.000    0     119.874619      -0.616960
    -40.00      0.00      20.000000       0.000000       0.000000        36      35.0      36.0       0.543774   180.000    45.000    90.000    0     119.858528      -0.617530
    -40.00      5.00      15.332100       0.000000       0.000000        36      35.0      36.0       0.543774   180.000    45.000    90.000    0     119.842468      -0.618090
    -40.00     10.00      10.664200       0.000000       0.000000        36      35.0      36.0       0.543774   180.000    45.000    90.000    0     119.826378      -0.618660
    -40.00     15.00       5.996290       0.000000       0.000000        36      35.0      36.0       0.543774   180.000    45.000    90.000    0     119.810287      -0.619220
    -40.00     20.00       1.328390       0.000000       0.000000        36      35.0      36.0       0.543774   180.000    45.000    90.000    0     119.794197      -0.619790
    -35.00     -5.00      24.667900       0.000000       0.000000        36      35.0      36.0       0.543774   180.000    45.000    90.000    0     119.873047      -0.571770
    -35.00      0.00      20.000000       0.000000       0.000000        36      35.0      36.0       0.543774   180.000    45.000    90.000    0     119.856956      -0.572340
    -35.00      5.00      15.332100       0.000000       0.000000        36      35.0      36.0       0.543774   180.000    45.000    90.000    0     119.840897      -0.572900
    -35.00     10.00      10.664200       0.000000       0.000000        36      35.0      36.0       0.543774   180.000    45.000    90.000    0     119.824806      -0.573470
    -35.00     15.00       5.996290       0.000000       0.000000        36      35.0      36.0       0.543774   180.000    45.000    90.000    0     119.808723      -0.574030
    -35.00     20.00       1.328390       0.000000       0.000000        36      35.0      36.0       0.543774   180.000    45.000    90.000    0     119.792633      -0.574600
    -30.00     -5.00      24.667900       0.000000       0.000000        36      35.0      36.0       0.543774   180.000    45.000    90.000    0     119.871483      -0.526580
    -30.00      0.00      20.000000       0.000000       0.000000        36      35.0      36.0       0.543774   180.000    45.000    90.000    0     119.855400      -0.527150
    -30.00      5.00      15.332100       0.000000       0.000000        36      35.0      36.0       0.543774   180.000    45.000    90.000    0     119.839333      -0.527710
    -30.00     10.00      10.664200       0.000000       0.000000        36      35.0      36.0       0.543774   180.000    45.000    90.000    0     119.823242      -0.528280
    -30.00     15.00       5.996290       0.000000       0.000000        36      35.0      36.0       0.543774   180.000    45.000    90.000    0     119.807152      -0.528840
    -30.00     20.00       1.328390       0.000000       0.000000        36      35.0      36.0       0.543774   180.000    45.000    90.000    0     119.791069      -0.529410
    -25.00     -5.00      24.667900       0.000000       0.000000        36      35.0      36.0       0.543774   180.000    45.000    90.000    0     119.869919      -0.481390
    -25.00      0.00      20.000000       0.000000       0.000000        36      35.0      36.0       0.543774   180.000    45.000    90.000    0     119.853828      -0.481950
    -25.00      5.00      15.332100       0.000000       0.000000        36      35.0      36.0       0.543774   180.000    45.000    90.000    0     119.837761      -0.482520
    -25.00     10.00      10.664200       0.000000       0.000000        36      35.0      36.0       0.543774   180.000    45.000    90.000    0     119.821671      -0.483090
    -25.00     15.00       5.996290       0.000000       0.000000        36      35.0      36.0       0.543774   180.000    45.000    90.000    0     119.805580      -0.483650
    -25.00     20.00       1.328390       0.000000       0.000000        36      35.0      36.0       0.543774   180.000    45.000    90.000    0     119.789497      -0.484220
    -20.00     -5.00      24.667900       0.000000       0.000000        36      35.0      36.0       0.543774   180.000    45.000    90.000    0     119.868347      -0.436200
    -20.00      0.00      20.000000       0.000000       0.000000        36      35.0      36.0       0.543774   180.000    45.000    90.000    0     119.852257      -0.436760
    -20.00      5.00      15.332100       0.000000       0.000000        36      35.0      36.0       0.543774   180.000    45.000    90.000    0     119.836189      -0.437330
    -20.00     10.00      10.664200       0.000000       0.000000        36      35.0      36.0       0.543774   180.000    45.000    90.000    0     119.820099      -0.437900
    -20.00     15.00       5.996290       0.000000       0.000000        36      35.0      36.0       0.543774   180.000    45.000    90.000    0     119.804008      -0.438460
    -20.00     20.00       1.328390       0.000000       0.000000        36      35.0      36.0       0.543774   180.000    45.000    90.000    0     119.787933      -0.439030
    -15.00     -5.00      24.667900       0.000000       0.000000        36      35.0      36.0       0.543774   180.000    45.000    90.000    0     119.866791      -0.391010
    -15.00      0.00      20.000000       0.000000       0.000000        36      35.0      36.0       0.543774   180.000    45.000    90.000    0     119.850700      -0.391570
    -15.00      5.00      15.332100       0.000000       0.000000        36      35.0      36.0       0.543774   180.000    45.000    90.000    0     119.834618      -0.392140
    -15.00     10.00      10.664200       0.000000       0.000000        36      35.0      36.0       0.543774   180.000    45.000    90.000    0     119.818527      -0.392700
    -15.00     15.00       5.996290       0.000000       0.000000        36      35.0      36.0       0.543774   180.000    45.000    90.000    0     119.802452      -0.393270
    -15.00     20.00       1.328390       0.000000       0.000000        36      35.0      36.0       0.543774   180.000    45.000    90.000    0     119.786362      -0.393840
    -10.00     -5.00      24.667900       0.000000       0.000000        36      35.0      36.0       0.543774   180.000    45.000    90.000    0     119.865219      -0.345820
    -10.00      0.00      20.000000       0.000000       0.000000        36      35.0      36.0       0.543774   180.000    45.000    90.000    0     119.849129      -0.346380
    -10.00      5.00      15.332100       0.000000       0.000000        36      35.0      36.0       0.543774   180.000    45.000    90.000    0     119.833054      -0.346950
    -10.00     10.00      10.664200       0.000000       0.000000        36      35.0      36.0       0.543774   180.000    45.000    90.000    0     119.816963      -0.347510
    -10.00     15.00       5.996290       0.000000       0.000000        36      35.0      36.0       0.543774   180.000    45.000    90.000    0     119.800880      -0.348080
    -10.00     20.00       1.328390       0.000000       0.000000        36      35.0      36.0       0.543774   180.000    45.000    90.000    0     119.784790      -0.348650
     -5.00     -5.00      24.667900       0.000000       0.000000        36      35.0      36.0       0.543774   180.000    45.000    90.000    0     119.863647      -0.300630
     -5.00      0.00      20.000000       0.000000       0.000000        36      35.0      36.0       0.543774   180.000    45.000    90.000    0     119.847572      -0.301190
     -5.00      5.00      15.332100       0.000000       0.000000        36      35.0      36.0       0.543774   180.000    45.000    90.000    0     119.831482      -0.301760
     -5.00     10.00      10.664200       0.000000       0.000000        36      35.0      36.0       0.543774   180.000    45.000    90.000    0     119.815399      -0.302320
     -5.00     15.00       5.996290       0.000000       0.000000        36      35.0      36.0       0.543774   180.000    45.000    90.000    0     119.799309      -0.302890
     -5.00     20.00       1.328390       0.000000       0.000000        36      35.0      36.0       0.543774   180.000    45.000    90.000    0     119.783218      -0.303450
      0.00     -5.00      24.667900       0.000000       0.000000        36      35.0      36.0       0.543774   180.000    45.000    90.000    0     119.862091      -0.255430
      0.00      0.00      20.000000       0.000000       0.000000        36      35.0      36.0       0.543774   180.000    45.000    90.000    0     119.846001      -0.256000
      0.00      5.00      15.332100       0.000000       0.000000        36      35.0      36.0       0.543774   180.000    45.000    90.000    0     119.829910      -0.256570
      0.00     10.00      10.664200       0.000000       0.000000        36      35.0      36.0       0.543774   180.000    45.000    90.000    0     119.813828      -0.257130
      0.00     15.00       5.996290       0.000000       0.000000        36      35.0      36.0       0.543774   180.000    45.000    90.000    0     119.797737      -0.257700
      0.00     20.00       1.328390       0.000000       0.000000        36      35.0      36.0       0.543774   180.000    45.000    90.000    0     119.781647      -0.258260
      5.00     -5.00      24.667900       0.000000       0.000000        36      35.0      36.0       0.543774   180.000    45.000    90.000    0     119.860519      -0.210240
      5.00      0.00      20.000000       0.000000       0.000000        36      35.0      36.0       0.543774   180.000    45.000    90.000    0     119.844429      -0.210810
      5.00      5.00      15.332100       0.000000       0.000000        36      35.0      36.0       0.543774   180.000    45.000    90.000    0     119.828346      -0.211370
      5.00     10.00      10.664200       0.000000       0.000000        36      35.0      36.0       0.543774   180.000    45.000    90.000    0     119.812263      -0.211940
      5.00     15.00       5.996290       0.000000       0.000000        36      35.0      36.0       0.543774   180.000    45.000    90.000    0     119.796173      -0.212500
      5.00     20.00       1.328390       0.000000       0.000000        36      35.0      36.0       0.543774   180.000    45.000    90.000    0     119.780090      -0.213070
     10.00     -5.00      24.667900       0.000000       0.000000        36      35.0      36.0       0.543774   180.000    45.000    90.000    0     119.858948      -0.165050
     10.00      0.00      20.000000       0.000000       0.000000        36      35.0      36.0       0.543774   180.000    45.000    90.000    0     119.842873      -0.165620
     10.00      5.00      15.332100       0.000000       0.000000        36      35.0      36.0       0.543774   180.000    45.000    90.000    0     119.826782      -0.166180
     10.00     10.00      10.664200       0.000000       0.000000        36      35.0      36.0       0.543774   180.000    45.000    90.000    0     119.810692      -0.166750
     10.00     15.00       5.996290       0.000000       0.000000        36      35.0      36.0       0.543774   180.000    45.000    90.000    0     119.794609      -0.167310
     10.00     20.00       1.328390       0.000000       0.000000        36      35.0      36.0       0.543774   180.000    45.000    90.000    0     119.778519      -0.167880
     15.00     -5.00      24.667900       0.000000       0.000000        36      35.0      36.0       0.543774   180.000    45.000    90.000    0     119.857384      -0.119860
     15.00      0.00      20.000000       0.000000       0.000000        36      35.0      36.0       0.543774   180.000    45.000    90.000    0     119.841301      -0.120430
     15.00      5.00      15.332100       0.000000       0.000000        36      35.0      36.0       0.543774   180.000    45.000    90.000    0     119.825218      -0.120990
     15.00     10.00      10.664200       0.000000       0.000000        36      35.0      36.0       0.543774   180.000    45.000    90.000    0     119.809128      -0.121560
     15.00     15.00       5.996290       0.000000       0.000000        36      35.0      36.0       0.543774   180.000    45.000    90.000    0     119.793037      -0.122120
     15.00     20.00       1.328390       0.000000       0.000000        36      35.0      36.0       0.543774   180.000    45.000    90.000    0     119.776947      -0.122690
     20.00     -5.00      24.667900       0.000000       0.000000        36      35.0      36.0       0.543774   180.000    45.000    90.000    0     119.855812      -0.074670
     20.00      0.00      20.000000       0.000000       0.000000        36      35.0      36.0       0.543774   180.000    45.000    90.000    0     119.839737      -0.075240
     20.00      5.00      15.332100       0.000000       0.000000        36      35.0      36.0       0.543774   180.000    45.000    90.000    0     119.823647      -0.075800
     20.00     10.00      10.664200       0.000000       0.000000        36      35.0      36.0       0.543774   180.000    45.000    90.000    0     119.807564      -0.076370
     20.00     15.00       5.996290       0.000000       0.000000        36      35.0      36.0       0.543774   180.000    45.000    90.000    0     119.791481      -0.076930
     20.00     20.00       1.328390       0.000000       0.000000        36      35.0      36.0       0.543774   180.000    45.000    90.000    0     119.775391      -0.077500
     25.00     -5.00      24.667900       0.000000       0.000000        36      35.0      36.0       0.543774   180.000    45.000    90.000    0     119.854240      -0.029480
     25.00      0.00      20.000000       0.000000       0.000000        36      35.0      36.0       0.543774   180.000    45.000    90.000    0     119.838173      -0.030050
     25.00      5.00      15.332100       0.000000       0.000000        36      35.0      36.0       0.543774   180.000    45.000    90.000    0     119.822083      -0.030610
     25.00     10.00      10.664200       0.000000       0.000000        36      35.0      36.0       0.543774   180.000    45.000    90.000    0     119.806000      -0.031180
     25.00     15.00       5.996290       0.000000       0.000000        36      35.0      36.0       0.543774   180.000    45.000    90.000    0     119.789909      -0.031740
     25.00     20.00       1.328390       0.000000       0.000000        36      35.0      36.0       0.543774   180.000    45.000    90.000    0     119.773819      -0.032310
     30.00     -5.00      24.667900       0.000000       0.000000        36      35.0      36.0       0.543774   180.000    45.000    90.000    0     119.852669       0.015710
     30.00      0.00      20.000000       0.000000       0.000000        36      35.0      36.0       0.543774   180.000    45.000    90.000    0     119.836601       0.015150
     30.00      5.00      15.332100       0.000000       0.000000        36      35.0      36.0       0.543774   180.000    45.000    90.000    0     119.820518       0.014580
     30.00     10.00      10.664200       0.000000       0.000000        36      35.0      36.0       0.543774   180.000    45.000    90.000    0     119.804428       0.014020
     30.00     15.00       5.996290       0.000000       0.000000        36      35.0      36.0       0.543774   180.000    45.000    90.000    0     119.788338       0.013450
     30.00     20.00       1.328390       0.000000       0.000000        36      35.0      36.0       0.543774   180.000    45.000    90.000    0     119.772263       0.012890
     35.00     -5.00      24.667900       0.000000       0.000000        36      35.0      36.0       0.543774   180.000    45.000    90.000    0     119.851097       0.060900
     35.00      0.00      20.000000       0.000000       0.000000        36      35.0      36.0       0.543774   180.000    45.000    90.000    0     119.835037       0.060340
     35.00      5.00      15.332100       0.000000       0.000000        36      35.0      36.0       0.543774   180.000    45.000    90.000    0     119.818947       0.059770
     35.00     10.00      10.664200       0.000000       0.000000        36      35.0      36.0       0.543774   180.000    45.000    90.000    0     119.802856       0.059210
     35.00     15.00       5.996290       0.000000       0.000000        36      35.0      36.0       0.543774   180.000    45.000    90.000    0     119.786781       0.058640
     35.00     20.00       1.328390       0.000000       0.000000        36      35.0      36.0       0.543774   180.000    45.000    90.000    0     119.770691       0.058080
     40.00     -5.00      24.667900       0.000000       0.000000        36      35.0      36.0       0.543774   180.000    45.000    90.000    0     119.849533       0.106090
     40.00      0.00      20.000000       0.000000       0.000000        36      35.0      36.0       0.543774   180.000    45.000    90.000    0     119.833473       0.105530
     40.00      5.00      15.332100       0.000000       0.000000        36      35.0      36.0       0.543774   180.000    45.000    90.000    0     119.817390       0.104960
     40.00     10.00      10.664200       0.000000       0.000000        36      35.0      36.0       0.543774   180.000    45.000    90.000    0     119.801300       0.104400
     40.00     15.00       5.996290       0.000000       0.000000        36      35.0      36.0       0.543774   180.000    45.000    90.000    0     119.785210       0.103830
     40.00     20.00       1.328390       0.000000       0.000000        36      35.0      36.0       0.543774   180.000    45.000    90.000    0     119.769127       0.103270
     45.00     -5.00      24.667900       0.000000       0.000000        36      35.0      36.0       0.543774   180.000    45.000    90.000    0     119.847961       0.151280
     45.00      0.00      20.000000       0.000000       0.000000        36      35.0      36.0       0.543774   180.000    45.000    90.000    0     119.831909       0.150720
     45.00      5.00      15.332100       0.000000       0.000000        36      35.0      36.0       0.543774   180.000    45.000    90.000    0     119.815819       0.150150
     45.00     10.00      10.664200       0.000000       0.000000        36      35.0      36.0       0.543774   180.000    45.000    90.000    0     119.799728       0.149590
     45.00     15.00       5.996290       0.000000       0.000000        36      35.0      36.0       0.543774   180.000    45.000    90.000    0     119.783653       0.149020
     45.00     20.00       1.328390       0.000000       0.000000        36      35.0      36.0       0.543774   180.000    45.000    90.000    0     119.767563       0.148460
     50.00     -5.00      24.667900       0.000000       0.000000        36      35.0      36.0       0.543774   180.000    45.000    90.000    0     119.846390       0.196470
     50.00      0.00      20.000000       0.000000       0.000000        36      35.0      36.0       0.543774   180.000    45.000    90.000    0     119.830338       0.195910
     50.00      5.00      15.332100       0.000000       0.000000        36      35.0      36.0       0.543774   180.000    45.000    90.000    0     119.814247       0.195340
     50.00     10.00      10.664200       0.000000       0.000000        36      35.0      36.0       0.543774   180.000    45.000    90.000    0     119.798172       0.194780
     50.00     15.00       5.996290       0.000000       0.000000        36      35.0      36.0       0.543774   180.000    45.000    90.000    0     119.782082       0.194210
     50.00     20.00       1.328390       0.000000       0.000000        36      35.0      36.0       0.543774   180.000    45.000    90.000    0     119.765991       0.193650
