      xloc      yloc          depth         ave SR         max SR         #     start       end     max SR all       str       dip      rake flag
   -185.00     -5.00      24.667900       0.000000       0.000000        18      17.0      18.0       0.543774   180.000    45.000    90.000    0     119.920059      -1.927490
   -185.00      0.00      20.000000       0.000000       0.000000        18      17.0      18.0       0.543774   180.000    45.000    90.000    0     119.903961      -1.928060
   -185.00      5.00      15.332100       0.000000       0.000000        18      17.0      18.0       0.543774   180.000    45.000    90.000    0     119.887871      -1.928620
   -185.00     10.00      10.664200       0.000000       0.000000        18      17.0      18.0       0.543774   180.000    45.000    90.000    0     119.871780      -1.929190
   -185.00     15.00       5.996290       0.000000       0.000000        18      17.0      18.0       0.543774   180.000    45.000    90.000    0     119.855682      -1.929750
   -185.00     20.00       1.328390       0.000000       0.000000        18      17.0      18.0       0.543774   180.000    45.000    90.000    0     119.839706      -1.930320
   -180.00     -5.00      24.667900       0.000000       0.000000        18      17.0      18.0       0.543774   180.000    45.000    90.000    0     119.918488      -1.882300
   -180.00      0.00      20.000000       0.000000       0.000000        18      17.0      18.0       0.543774   180.000    45.000    90.000    0     119.902397      -1.882870
   -180.00      5.00      15.332100       0.000000       0.000000        18      17.0      18.0       0.543774   180.000    45.000    90.000    0     119.886299      -1.883430
   -180.00     10.00      10.664200       0.000000       0.000000        18      17.0      18.0       0.543774   180.000    45.000    90.000    0     119.870209      -1.884000
   -180.00     15.00       5.996290       0.000000       0.000000        18      17.0      18.0       0.543774   180.000    45.000    90.000    0     119.854118      -1.884560
   -180.00     20.00       1.328390       0.000000       0.000000        18      17.0      18.0       0.543774   180.000    45.000    90.000    0     119.838142      -1.885130
   -175.00     -5.00      24.667900       0.000000       0.000000        18      17.0      18.0       0.543774   180.000    45.000    90.000    0     119.916924      -1.837110
   -175.00      0.00      20.000000       0.000000       0.000000        18      17.0      18.0       0.543774   180.000    45.000    90.000    0     119.900833      -1.837680
   -175.00      5.00      15.332100       0.000000       0.000000        18      17.0      18.0       0.543774   180.000    45.000    90.000    0     119.884743      -1.838240
   -175.00     10.00      10.664200       0.000000       0.000000        18      17.0      18.0       0.543774   180.000    45.000    90.000    0     119.868637      -1.838810
   -175.00     15.00       5.996290       0.000000       0.000000        18      17.0      18.0       0.543774   180.000    45.000    90.000    0     119.852547      -1.839370
   -175.00     20.00       1.328390       0.000000       0.000000        18      17.0      18.0       0.543774   180.000    45.000    90.000    0     119.836571      -1.839940
   -170.00     -5.00      24.667900       0.000000       0.000000        18      17.0      18.0       0.543774   180.000    45.000    90.000    0     119.915352      -1.791920
   -170.00      0.00      20.000000       0.000000       0.000000        18      17.0      18.0       0.543774   180.000    45.000    90.000    0     119.899261      -1.792490
   -170.00      5.00      15.332100       0.000000       0.000000        18      17.0      18.0       0.543774   180.000    45.000    90.000    0     119.883171      -1.793050
   -170.00     10.00      10.664200       0.000000       0.000000        18      17.0      18.0       0.543774   180.000    45.000    90.000    0     119.867081      -1.793620
   -170.00     15.00       5.996290       0.000000       0.000000        18      17.0      18.0       0.543774   180.000    45.000    90.000    0     119.850983      -1.794180
   -170.00     20.00       1.328390       0.000000       0.000000        18      17.0      18.0       0.543774   180.000    45.000    90.000    0     119.834999      -1.794750
   -165.00     -5.00      24.667900       0.000000       0.000000        18      17.0      18.0       0.543774   180.000    45.000    90.000    0     119.913788      -1.746730
   -165.00      0.00      20.000000       0.000000       0.000000        18      17.0      18.0       0.543774   180.000    45.000    90.000    0     119.897690      -1.747300
   -165.00      5.00      15.332100       0.000000       0.000000        18      17.0      18.0       0.543774   180.000    45.000    90.000    0     119.881599      -1.747860
   -165.00     10.00      10.664200       0.000000       0.000000        18      17.0      18.0       0.543774   180.000    45.000    90.000    0     119.865509      -1.748430
   -165.00     15.00       5.996290       0.000000       0.000000        18      17.0      18.0       0.543774   180.000    45.000    90.000    0     119.849419      -1.748990
   -165.00     20.00       1.328390       0.000000       0.000000        18      17.0      18.0       0.543774   180.000    45.000    90.000    0     119.833427      -1.749560
   -160.00     -5.00      24.667900       0.000000       0.000000        18      17.0      18.0       0.543774   180.000    45.000    90.000    0     119.912216      -1.701540
   -160.00      0.00      20.000000       0.000000       0.000000        18      17.0      18.0       0.543774   180.000    45.000    90.000    0     119.896133      -1.702110
   -160.00      5.00      15.332100       0.000000       0.000000        18      17.0      18.0       0.543774   180.000    45.000    90.000    0     119.880028      -1.702670
   -160.00     10.00      10.664200       0.000000       0.000000        18      17.0      18.0       0.543774   180.000    45.000    90.000    0     119.863937      -1.703240
   -160.00     15.00       5.996290       0.000000       0.000000        18      17.0      18.0       0.543774   180.000    45.000    90.000    0     119.847847      -1.703800
   -160.00     20.00       1.328390       0.000000       0.000000        18      17.0      18.0       0.543774   180.000    45.000    90.000    0     119.831863      -1.704370
   -155.00     -5.00      24.667900       0.000000       0.000000        18      17.0      18.0       0.543774   180.000    45.000    90.000    0     119.910652      -1.656350
   -155.00      0.00      20.000000       0.000000       0.000000        18      17.0      18.0       0.543774   180.000    45.000    90.000    0     119.894562      -1.656920
   -155.00      5.00      15.332100       0.000000       0.000000        18      17.0      18.0       0.543774   180.000    45.000    90.000    0     119.878471      -1.657480
   -155.00     10.00      10.664200       0.000000       0.000000        18      17.0      18.0       0.543774   180.000    45.000    90.000    0     119.862373      -1.658050
   -155.00     15.00       5.996290       0.000000       0.000000        18      17.0      18.0       0.543774   180.000    45.000    90.000    0     119.846283      -1.658610
   -155.00     20.00       1.328390       0.000000       0.000000        18      17.0      18.0       0.543774   180.000    45.000    90.000    0     119.830292      -1.659180
   -150.00     -5.00      24.667900       0.000000       0.000000        18      17.0      18.0       0.543774   180.000    45.000    90.000    0     119.909081      -1.611160
   -150.00      0.00      20.000000       0.000000       0.000000        18      17.0      18.0       0.543774   180.000    45.000    90.000    0     119.892990      -1.611730
   -150.00      5.00      15.332100       0.000000       0.000000        18      17.0      18.0       0.543774   180.000    45.000    90.000    0     119.876900      -1.612290
   -150.00     10.00      10.664200       0.000000       0.000000        18      17.0      18.0       0.543774   180.000    45.000    90.000    0     119.860809      -1.612860
   -150.00     15.00       5.996290       0.000000       0.000000        18      17.0      18.0       0.543774   180.000    45.000    90.000    0     119.844818      -1.613420
   -150.00     20.00       1.328390       0.000000       0.000000        18      17.0      18.0       0.543774   180.000    45.000    90.000    0     119.828720      -1.613990
   -145.00     -5.00      24.667900       0.000000       0.000000        18      17.0      18.0       0.543774   180.000    45.000    90.000    0     119.907516      -1.565970
   -145.00      0.00      20.000000       0.000000       0.000000        18      17.0      18.0       0.543774   180.000    45.000    90.000    0     119.891418      -1.566530
   -145.00      5.00      15.332100       0.000000       0.000000        18      17.0      18.0       0.543774   180.000    45.000    90.000    0     119.875328      -1.567100
   -145.00     10.00      10.664200       0.000000       0.000000        18      17.0      18.0       0.543774   180.000    45.000    90.000    0     119.859238      -1.567660
   -145.00     15.00       5.996290       0.000000       0.000000        18      17.0      18.0       0.543774   180.000    45.000    90.000    0     119.843246      -1.568230
   -145.00     20.00       1.328390       0.000000       0.000000        18      17.0      18.0       0.543774   180.000    45.000    90.000    0     119.827148      -1.568800
   -140.00     -5.00      24.667900       0.000000       0.000000        18      17.0      18.0       0.543774   180.000    45.000    90.000    0     119.905952      -1.520780
   -140.00      0.00      20.000000       0.000000       0.000000        18      17.0      18.0       0.543774   180.000    45.000    90.000    0     119.889862      -1.521340
   -140.00      5.00      15.332100       0.000000       0.000000        18      17.0      18.0       0.543774   180.000    45.000    90.000    0     119.873772      -1.521910
   -140.00     10.00      10.664200       0.000000       0.000000        18      17.0      18.0       0.543774   180.000    45.000    90.000    0     119.857681      -1.522470
   -140.00     15.00       5.996290       0.000000       0.000000        18      17.0      18.0       0.543774   180.000    45.000    90.000    0     119.841682      -1.523040
   -140.00     20.00       1.328390       0.000000       0.000000        18      17.0      18.0       0.543774   180.000    45.000    90.000    0     119.825577      -1.523610
   -135.00     -5.00      24.667900       0.000000       0.000000        18      17.0      18.0       0.543774   180.000    45.000    90.000    0     119.904381      -1.475590
   -135.00      0.00      20.000000       0.000000       0.000000        18      17.0      18.0       0.543774   180.000    45.000    90.000    0     119.888290      -1.476150
   -135.00      5.00      15.332100       0.000000       0.000000        18      17.0      18.0       0.543774   180.000    45.000    90.000    0     119.872200      -1.476720
   -135.00     10.00      10.664200       0.000000       0.000000        18      17.0      18.0       0.543774   180.000    45.000    90.000    0     119.856110      -1.477280
   -135.00     15.00       5.996290       0.000000       0.000000        18      17.0      18.0       0.543774   180.000    45.000    90.000    0     119.840111      -1.477850
   -135.00     20.00       1.328390       0.000000       0.000000        18      17.0      18.0       0.543774   180.000    45.000    90.000    0     119.824020      -1.478410
   -130.00     -5.00      24.667900       0.000000       0.000000        18      17.0      18.0       0.543774   180.000    45.000    90.000    0     119.902809      -1.430400
   -130.00      0.00      20.000000       0.000000       0.000000        18      17.0      18.0       0.543774   180.000    45.000    90.000    0     119.886719      -1.430960
   -130.00      5.00      15.332100       0.000000       0.000000        18      17.0      18.0       0.543774   180.000    45.000    90.000    0     119.870628      -1.431530
   -130.00     10.00      10.664200       0.000000       0.000000        18      17.0      18.0       0.543774   180.000    45.000    90.000    0     119.854538      -1.432090
   -130.00     15.00       5.996290       0.000000       0.000000        18      17.0      18.0       0.543774   180.000    45.000    90.000    0     119.838539      -1.432660
   -130.00     20.00       1.328390       0.000000       0.000000        18      17.0      18.0       0.543774   180.000    45.000    90.000    0     119.822449      -1.433220
   -125.00     -5.00      24.667900       0.000000       0.000000        18      17.0      18.0       0.543774   180.000    45.000    90.000    0     119.901253      -1.385210
   -125.00      0.00      20.000000       0.000000       0.000000        18      17.0      18.0       0.543774   180.000    45.000    90.000    0     119.885162      -1.385770
   -125.00      5.00      15.332100       0.000000       0.000000        18      17.0      18.0       0.543774   180.000    45.000    90.000    0     119.869072      -1.386340
   -125.00     10.00      10.664200       0.000000       0.000000        18      17.0      18.0       0.543774   180.000    45.000    90.000    0     119.852982      -1.386900
   -125.00     15.00       5.996290       0.000000       0.000000        18      17.0      18.0       0.543774   180.000    45.000    90.000    0     119.836967      -1.387470
   -125.00     20.00       1.328390       0.000000       0.000000        18      17.0      18.0       0.543774   180.000    45.000    90.000    0     119.820877      -1.388030
   -120.00     -5.00      24.667900       0.000000       0.000000        18      17.0      18.0       0.543774   180.000    45.000    90.000    0     119.899681      -1.340020
   -120.00      0.00      20.000000       0.000000       0.000000        18      17.0      18.0       0.543774   180.000    45.000    90.000    0     119.883591      -1.340580
   -120.00      5.00      15.332100       0.000000       0.000000        18      17.0      18.0       0.543774   180.000    45.000    90.000    0     119.867500      -1.341150
   -120.00     10.00      10.664200       0.000000       0.000000        18      17.0      18.0       0.543774   180.000    45.000    90.000    0     119.851410      -1.341710
   -120.00     15.00       5.996290       0.000000       0.000000        18      17.0      18.0       0.543774   180.000    45.000    90.000    0     119.835403      -1.342280
   -120.00     20.00       1.328390       0.000000       0.000000        18      17.0      18.0       0.543774   180.000    45.000    90.000    0     119.819313      -1.342840
   -115.00     -5.00      24.667900       0.000000       0.000000        18      17.0      18.0       0.543774   180.000    45.000    90.000    0     119.898109      -1.294830
   -115.00      0.00      20.000000       0.000000       0.000000        18      17.0      18.0       0.543774   180.000    45.000    90.000    0     119.882019      -1.295390
   -115.00      5.00      15.332100       0.000000       0.000000        18      17.0      18.0       0.543774   180.000    45.000    90.000    0     119.865929      -1.295960
   -115.00     10.00      10.664200       0.000000       0.000000        18      17.0      18.0       0.543774   180.000    45.000    90.000    0     119.849838      -1.296520
   -115.00     15.00       5.996290       0.000000       0.000000        18      17.0      18.0       0.543774   180.000    45.000    90.000    0     119.833832      -1.297090
   -115.00     20.00       1.328390       0.000000       0.000000        18      17.0      18.0       0.543774   180.000    45.000    90.000    0     119.817741      -1.297650
   -110.00     -5.00      24.667900       0.000000       0.000000        18      17.0      18.0       0.543774   180.000    45.000    90.000    0     119.896553      -1.249630
   -110.00      0.00      20.000000       0.000000       0.000000        18      17.0      18.0       0.543774   180.000    45.000    90.000    0     119.880463      -1.250200
   -110.00      5.00      15.332100       0.000000       0.000000        18      17.0      18.0       0.543774   180.000    45.000    90.000    0     119.864372      -1.250760
   -110.00     10.00      10.664200       0.000000       0.000000        18      17.0      18.0       0.543774   180.000    45.000    90.000    0     119.848282      -1.251330
   -110.00     15.00       5.996290       0.000000       0.000000        18      17.0      18.0       0.543774   180.000    45.000    90.000    0     119.832260      -1.251900
   -110.00     20.00       1.328390       0.000000       0.000000        18      17.0      18.0       0.543774   180.000    45.000    90.000    0     119.816170      -1.252460
   -105.00     -5.00      24.667900       0.000000       0.000000        18      17.0      18.0       0.543774   180.000    45.000    90.000    0     119.894981      -1.204440
   -105.00      0.00      20.000000       0.000000       0.000000        18      17.0      18.0       0.543774   180.000    45.000    90.000    0     119.878891      -1.205010
   -105.00      5.00      15.332100       0.000000       0.000000        18      17.0      18.0       0.543774   180.000    45.000    90.000    0     119.862801      -1.205570
   -105.00     10.00      10.664200       0.000000       0.000000        18      17.0      18.0       0.543774   180.000    45.000    90.000    0     119.846710      -1.206140
   -105.00     15.00       5.996290       0.000000       0.000000        18      17.0      18.0       0.543774   180.000    45.000    90.000    0     119.830688      -1.206700
   -105.00     20.00       1.328390       0.000000       0.000000        18      17.0      18.0       0.543774   180.000    45.000    90.000    0     119.814598      -1.207270
   -100.00     -5.00      24.667900       0.000000       0.000000        18      17.0      18.0       0.543774   180.000    45.000    90.000    0     119.893410      -1.159250
   -100.00      0.00      20.000000       0.000000       0.000000        18      17.0      18.0       0.543774   180.000    45.000    90.000    0     119.877319      -1.159820
   -100.00      5.00      15.332100       0.000000       0.000000        18      17.0      18.0       0.543774   180.000    45.000    90.000    0     119.861229      -1.160380
   -100.00     10.00      10.664200       0.000000       0.000000        18      17.0      18.0       0.543774   180.000    45.000    90.000    0     119.845207      -1.160950
   -100.00     15.00       5.996290       0.000000       0.000000        18      17.0      18.0       0.543774   180.000    45.000    90.000    0     119.829117      -1.161510
   -100.00     20.00       1.328390       0.000000       0.000000        18      17.0      18.0       0.543774   180.000    45.000    90.000    0     119.813026      -1.162080
    -95.00     -5.00      24.667900       0.000000       0.000000        18      17.0      18.0       0.543774   180.000    45.000    90.000    0     119.891853      -1.114060
    -95.00      0.00      20.000000       0.000000       0.000000        18      17.0      18.0       0.543774   180.000    45.000    90.000    0     119.875763      -1.114630
    -95.00      5.00      15.332100       0.000000       0.000000        18      17.0      18.0       0.543774   180.000    45.000    90.000    0     119.859673      -1.115190
    -95.00     10.00      10.664200       0.000000       0.000000        18      17.0      18.0       0.543774   180.000    45.000    90.000    0     119.843643      -1.115760
    -95.00     15.00       5.996290       0.000000       0.000000        18      17.0      18.0       0.543774   180.000    45.000    90.000    0     119.827553      -1.116320
    -95.00     20.00       1.328390       0.000000       0.000000        18      17.0      18.0       0.543774   180.000    45.000    90.000    0     119.811462      -1.116890
    -90.00     -5.00      24.667900       0.054791       0.054791        18      17.0      18.0       0.543774   108.280    67.200   105.750    1     119.890282      -1.068870
    -90.00      0.00      20.000000       0.058303       0.058303        18      17.0      18.0       0.543774    41.750    89.600   -47.110    0     119.874191      -1.069440
    -90.00      5.00      15.332100       0.058359       0.058359        18      17.0      18.0       0.543774   111.210    51.520   139.570    1     119.858101      -1.070000
    -90.00     10.00      10.664200       0.084946       0.084946        18      17.0      18.0       0.543774   203.110    83.680    63.750    0     119.842072      -1.070570
    -90.00     15.00       5.996290       0.058651       0.058651        18      17.0      18.0       0.543774     5.410    44.160     0.990    0     119.825981      -1.071130
    -90.00     20.00       1.328390       0.048962       0.048962        18      17.0      18.0       0.543774   354.470    66.190   -31.070    0     119.809891      -1.071700
    -85.00     -5.00      24.667900       0.048846       0.048846        18      17.0      18.0       0.543774    59.550    20.810  -155.670    1     119.888710      -1.023680
    -85.00      0.00      20.000000       0.131230       0.131230        18      17.0      18.0       0.543774    15.980    89.600   -77.940    0     119.872620      -1.024250
    -85.00      5.00      15.332100       0.167784       0.167784        18      17.0      18.0       0.543774   217.480    71.160    52.520    0     119.856537      -1.024810
    -85.00     10.00      10.664200       0.178363       0.178363        18      17.0      18.0       0.543774   210.020    71.770    43.520    0     119.840500      -1.025380
    -85.00     15.00       5.996290       0.172013       0.172013        18      17.0      18.0       0.543774   207.640    83.620    49.560    0     119.824409      -1.025940
    -85.00     20.00       1.328390       0.155608       0.155608        18      17.0      18.0       0.543774     8.320    75.990   -30.480    0     119.808319      -1.026510
    -80.00     -5.00      24.667900       0.036204       0.036204        18      17.0      18.0       0.543774   338.090    81.880   -61.190    0     119.887154      -0.978490
    -80.00      0.00      20.000000       0.145454       0.145454        18      17.0      18.0       0.543774   196.960    84.220    71.570    0     119.871063      -0.979050
    -80.00      5.00      15.332100       0.206797       0.206797        18      17.0      18.0       0.543774   207.920    76.650    59.580    0     119.854973      -0.979620
    -80.00     10.00      10.664200       0.227112       0.227112        18      17.0      18.0       0.543774   201.670    78.840    43.590    0     119.838928      -0.980190
    -80.00     15.00       5.996290       0.238845       0.238845        18      17.0      18.0       0.543774    15.900    89.110   -38.500    0     119.822838      -0.980750
    -80.00     20.00       1.328390       0.237754       0.237754        18      17.0      18.0       0.543774     2.970    69.280   -21.780    0     119.806763      -0.981320
    -75.00     -5.00      24.667900       0.050704       0.050704        18      17.0      18.0       0.543774   333.600    40.670    -4.530    0     119.885582      -0.933300
    -75.00      0.00      20.000000       0.157307       0.157307        18      17.0      18.0       0.543774   202.630    81.810    73.210    0     119.869492      -0.933860
    -75.00      5.00      15.332100       0.219931       0.219931        18      17.0      18.0       0.543774   203.040    78.530    60.860    0     119.853401      -0.934430
    -75.00     10.00      10.664200       0.253444       0.253444        18      17.0      18.0       0.543774     9.930    89.720   -36.320    0     119.837357      -0.934990
    -75.00     15.00       5.996290       0.289312       0.289312        18      17.0      18.0       0.543774     4.230    76.700   -26.000    0     119.821274      -0.935560
    -75.00     20.00       1.328390       0.305890       0.305890        18      17.0      18.0       0.543774   358.020    64.360   -17.050    0     119.805191      -0.936130
    -70.00     -5.00      24.667900       0.087786       0.087786        18      17.0      18.0       0.543774   333.370    46.450   -14.540    0     119.884010      -0.888110
    -70.00      0.00      20.000000       0.163145       0.163145        18      17.0      18.0       0.543774   340.670    26.160    13.400    0     119.867928      -0.888670
    -70.00      5.00      15.332100       0.219186       0.219186        18      17.0      18.0       0.543774   352.570    67.030   -17.510    0     119.851837      -0.889240
    -70.00     10.00      10.664200       0.285498       0.285498        18      17.0      18.0       0.543774   354.370    66.860   -17.540    0     119.835793      -0.889800
    -70.00     15.00       5.996290       0.335202       0.335202        18      17.0      18.0       0.543774   355.880    64.410   -15.090    0     119.819710      -0.890370
    -70.00     20.00       1.328390       0.361480       0.361480        18      17.0      18.0       0.543774   353.830    61.560   -14.810    0     119.803619      -0.890940
    -65.00     -5.00      24.667900       0.110308       0.110308        18      17.0      18.0       0.543774   332.690    49.900   -12.570    0     119.882446      -0.842920
    -65.00      0.00      20.000000       0.205630       0.205630        18      17.0      18.0       0.543774   336.890    45.030    -7.700    0     119.866364      -0.843480
    -65.00      5.00      15.332100       0.262852       0.262852        18      17.0      18.0       0.543774   345.870    54.570    -8.830    0     119.850273      -0.844050
    -65.00     10.00      10.664200       0.320651       0.320651        18      17.0      18.0       0.543774   348.500    60.770   -13.970    0     119.834221      -0.844610
    -65.00     15.00       5.996290       0.376613       0.376613        18      17.0      18.0       0.543774   351.030    60.030   -12.320    0     119.818138      -0.845180
    -65.00     20.00       1.328390       0.402754       0.402754        18      17.0      18.0       0.543774   350.190    60.370   -13.970    0     119.802048      -0.845750
    -60.00     -5.00      24.667900       0.115648       0.115648        18      17.0      18.0       0.543774   333.630    58.870    -5.560    0     119.880882      -0.797730
    -60.00      0.00      20.000000       0.226461       0.226461        18      17.0      18.0       0.543774   335.920    51.670   -10.790    0     119.864792      -0.798290
    -60.00      5.00      15.332100       0.294529       0.294529        18      17.0      18.0       0.543774   341.340    54.080   -12.520    0     119.848701      -0.798860
    -60.00     10.00      10.664200       0.355293       0.355293        18      17.0      18.0       0.543774   344.110    58.000   -13.980    0     119.832657      -0.799420
    -60.00     15.00       5.996290       0.405129       0.405129        18      17.0      18.0       0.543774   346.890    59.560   -13.000    0     119.816566      -0.799990
    -60.00     20.00       1.328390       0.428697       0.428697        18      17.0      18.0       0.543774   346.920    60.390   -13.900    0     119.800484      -0.800550
    -55.00     -5.00      24.667900       0.122111       0.122111        18      17.0      18.0       0.543774   332.580    67.350    -1.200    0     119.879311      -0.752540
    -55.00      0.00      20.000000       0.232882       0.232882        18      17.0      18.0       0.543774   334.590    57.570   -11.560    0     119.863228      -0.753100
    -55.00      5.00      15.332100       0.309128       0.309128        18      17.0      18.0       0.543774   337.860    54.530   -15.500    0     119.847137      -0.753670
    -55.00     10.00      10.664200       0.366024       0.366024        18      17.0      18.0       0.543774   341.720    59.140   -14.430    0     119.831093      -0.754230
    -55.00     15.00       5.996290       0.414620       0.414620        18      17.0      18.0       0.543774   343.600    61.010   -13.870    0     119.815002      -0.754800
    -55.00     20.00       1.328390       0.432403       0.432403        18      17.0      18.0       0.543774   344.510    62.880   -12.720    0     119.798912      -0.755360
    -50.00     -5.00      24.667900       0.129508       0.129508        18      17.0      18.0       0.543774   330.950    75.480    -0.150    0     119.877747      -0.707340
    -50.00      0.00      20.000000       0.231448       0.231448        18      17.0      18.0       0.543774   332.980    63.960   -10.550    0     119.861656      -0.707910
    -50.00      5.00      15.332100       0.301836       0.301836        18      17.0      18.0       0.543774   336.120    58.140   -15.290    0     119.845612      -0.708470
    -50.00     10.00      10.664200       0.358812       0.358812        18      17.0      18.0       0.543774   340.180    61.650   -13.060    0     119.829521      -0.709040
    -50.00     15.00       5.996290       0.400313       0.400313        18      17.0      18.0       0.543774   342.030    67.290   -10.490    0     119.813431      -0.709610
    -50.00     20.00       1.328390       0.415851       0.415851        18      17.0      18.0       0.543774   343.700    72.290    -4.300    0     119.797340      -0.710170
    -45.00     -5.00      24.667900       0.133652       0.133652        18      17.0      18.0       0.543774   330.270    83.090     4.430    0     119.876183      -0.662150
    -45.00      0.00      20.000000       0.222178       0.222178        18      17.0      18.0       0.543774   331.870    70.700    -7.970    0     119.860092      -0.662720
    -45.00      5.00      15.332100       0.273013       0.273013        18      17.0      18.0       0.543774   336.740    69.820    -7.510    0     119.844040      -0.663280
    -45.00     10.00      10.664200       0.329738       0.329738        18      17.0      18.0       0.543774   340.150    73.480    -2.890    0     119.827950      -0.663850
    -45.00     15.00       5.996290       0.375725       0.375725        18      17.0      18.0       0.543774   159.880    88.370   -11.220    0     119.811859      -0.664420
    -45.00     20.00       1.328390       0.394899       0.394899        18      17.0      18.0       0.543774   158.770    81.670   -20.460    0     119.795769      -0.664980
    -40.00     -5.00      24.667900       0.131972       0.131972        18      17.0      18.0       0.543774   328.590    89.360     8.960    0     119.874619      -0.616960
    -40.00      0.00      20.000000       0.195124       0.195124        18      17.0      18.0       0.543774   331.100    80.810    -5.880    0     119.858528      -0.617530
    -40.00      5.00      15.332100       0.239018       0.239018        18      17.0      18.0       0.543774   155.650    87.240    -8.740    0     119.842468      -0.618090
    -40.00     10.00      10.664200       0.294361       0.294361        18      17.0      18.0       0.543774   155.430    77.110   -22.470    0     119.826378      -0.618660
    -40.00     15.00       5.996290       0.344791       0.344791        18      17.0      18.0       0.543774   154.840    71.940   -25.560    0     119.810287      -0.619220
    -40.00     20.00       1.328390       0.359763       0.359763        18      17.0      18.0       0.543774   155.320    73.100   -27.600    0     119.794197      -0.619790
    -35.00     -5.00      24.667900       0.119376       0.119376        18      17.0      18.0       0.543774   146.550    89.080   -14.200    0     119.873047      -0.571770
    -35.00      0.00      20.000000       0.163067       0.163067        18      17.0      18.0       0.543774   330.670    89.740    -4.440    0     119.856956      -0.572340
    -35.00      5.00      15.332100       0.201209       0.201209        18      17.0      18.0       0.543774   154.010    71.920   -15.360    0     119.840897      -0.572900
    -35.00     10.00      10.664200       0.241030       0.241030        18      17.0      18.0       0.543774   155.750    70.110   -23.360    0     119.824806      -0.573470
    -35.00     15.00       5.996290       0.287037       0.287037        18      17.0      18.0       0.543774   155.280    68.120   -24.740    0     119.808723      -0.574030
    -35.00     20.00       1.328390       0.292582       0.292582        18      17.0      18.0       0.543774   155.960    70.490   -26.250    0     119.792633      -0.574600
    -30.00     -5.00      24.667900       0.083695       0.083695        18      17.0      18.0       0.543774   327.420    87.710    23.240    0     119.871483      -0.526580
    -30.00      0.00      20.000000       0.117940       0.117940        18      17.0      18.0       0.543774   152.500    78.390     5.670    0     119.855400      -0.527150
    -30.00      5.00      15.332100       0.144120       0.144120        18      17.0      18.0       0.543774   155.970    61.720   -10.440    0     119.839333      -0.527710
    -30.00     10.00      10.664200       0.167449       0.167449        18      17.0      18.0       0.543774   159.620    62.050   -14.470    0     119.823242      -0.528280
    -30.00     15.00       5.996290       0.201390       0.201390        18      17.0      18.0       0.543774   158.860    64.790   -16.850    0     119.807152      -0.528840
    -30.00     20.00       1.328390       0.203044       0.203044        18      17.0      18.0       0.543774   158.910    67.750   -20.060    0     119.791069      -0.529410
    -25.00     -5.00      24.667900       0.059278       0.059278        18      17.0      18.0       0.543774   212.100    36.550   119.990    0     119.869919      -0.481390
    -25.00      0.00      20.000000       0.066294       0.066294        18      17.0      18.0       0.543774   161.140    59.510    10.710    0     119.853828      -0.481950
    -25.00      5.00      15.332100       0.087051       0.087051        18      17.0      18.0       0.543774   162.830    44.950     1.160    0     119.837761      -0.482520
    -25.00     10.00      10.664200       0.106103       0.106103        18      17.0      18.0       0.543774   181.360    30.960    29.560    0     119.821671      -0.483090
    -25.00     15.00       5.996290       0.114102       0.114102        18      17.0      18.0       0.543774   168.480    50.050     9.230    0     119.805580      -0.483650
    -25.00     20.00       1.328390       0.116196       0.116196        18      17.0      18.0       0.543774   162.960    58.710    -4.630    0     119.789497      -0.484220
    -20.00     -5.00      24.667900       0.032931       0.032931        18      17.0      18.0       0.543774    61.130    43.640    77.370    1     119.868347      -0.436200
    -20.00      0.00      20.000000       0.036138       0.036138        18      17.0      18.0       0.543774    28.020    46.260    50.850    0     119.852257      -0.436760
    -20.00      5.00      15.332100       0.032821       0.032821        18      17.0      18.0       0.543774    27.320    67.700    82.330    0     119.836189      -0.437330
    -20.00     10.00      10.664200       0.044778       0.044778        18      17.0      18.0       0.543774    59.280    60.800    95.000    1     119.820099      -0.437900
    -20.00     15.00       5.996290       0.063065       0.063065        18      17.0      18.0       0.543774   197.000    42.850    56.420    0     119.804008      -0.438460
    -20.00     20.00       1.328390       0.063379       0.063379        18      17.0      18.0       0.543774   179.420    29.520    40.650    0     119.787933      -0.439030
    -15.00     -5.00      24.667900       0.000000       0.000000        18      17.0      18.0       0.543774   180.000    45.000    90.000    0     119.866791      -0.391010
    -15.00      0.00      20.000000       0.000000       0.000000        18      17.0      18.0       0.543774   180.000    45.000    90.000    0     119.850700      -0.391570
    -15.00      5.00      15.332100       0.000000       0.000000        18      17.0      18.0       0.543774   180.000    45.000    90.000    0     119.834618      -0.392140
    -15.00     10.00      10.664200       0.000000       0.000000        18      17.0      18.0       0.543774   180.000    45.000    90.000    0     119.818527      -0.392700
    -15.00     15.00       5.996290       0.008211       0.008211        18      17.0      18.0       0.543774   139.800    46.090   -45.450    0     119.802452      -0.393270
    -15.00     20.00       1.328390       0.042198       0.042198        18      17.0      18.0       0.543774   158.000    75.970   -47.780    0     119.786362      -0.393840
    -10.00     -5.00      24.667900       0.000000       0.000000        18      17.0      18.0       0.543774   180.000    45.000    90.000    0     119.865219      -0.345820
    -10.00      0.00      20.000000       0.000000       0.000000        18      17.0      18.0       0.543774   180.000    45.000    90.000    0     119.849129      -0.346380
    -10.00      5.00      15.332100       0.000000       0.000000        18      17.0      18.0       0.543774   180.000    45.000    90.000    0     119.833054      -0.346950
    -10.00     10.00      10.664200       0.000000       0.000000        18      17.0      18.0       0.543774   180.000    45.000    90.000    0     119.816963      -0.347510
    -10.00     15.00       5.996290       0.000000       0.000000        18      17.0      18.0       0.543774   180.000    45.000    90.000    0     119.800880      -0.348080
    -10.00     20.00       1.328390       0.029759       0.029759        18      17.0      18.0       0.543774   146.110    71.430   -61.360    0     119.784790      -0.348650
     -5.00     -5.00      24.667900       0.000000       0.000000        18      17.0      18.0       0.543774   180.000    45.000    90.000    0     119.863647      -0.300630
     -5.00      0.00      20.000000       0.000000       0.000000        18      17.0      18.0       0.543774   180.000    45.000    90.000    0     119.847572      -0.301190
     -5.00      5.00      15.332100       0.000000       0.000000        18      17.0      18.0       0.543774   180.000    45.000    90.000    0     119.831482      -0.301760
     -5.00     10.00      10.664200       0.000000       0.000000        18      17.0      18.0       0.543774   180.000    45.000    90.000    0     119.815399      -0.302320
     -5.00     15.00       5.996290       0.000000       0.000000        18      17.0      18.0       0.543774   180.000    45.000    90.000    0     119.799309      -0.302890
     -5.00     20.00       1.328390       0.032975       0.032975        18      17.0      18.0       0.543774   127.260    59.210   -57.810    1     119.783218      -0.303450
      0.00     -5.00      24.667900       0.000000       0.000000        18      17.0      18.0       0.543774   180.000    45.000    90.000    0     119.862091      -0.255430
      0.00      0.00      20.000000       0.000000       0.000000        18      17.0      18.0       0.543774   180.000    45.000    90.000    0     119.846001      -0.256000
      0.00      5.00      15.332100       0.000000       0.000000        18      17.0      18.0       0.543774   180.000    45.000    90.000    0     119.829910      -0.256570
      0.00     10.00      10.664200       0.000000       0.000000        18      17.0      18.0       0.543774   180.000    45.000    90.000    0     119.813828      -0.257130
      0.00     15.00       5.996290       0.000000       0.000000        18      17.0      18.0       0.543774   180.000    45.000    90.000    0     119.797737      -0.257700
      0.00     20.00       1.328390       0.020411       0.020411        18      17.0      18.0       0.543774   189.500    80.190   -89.210    0     119.781647      -0.258260
      5.00     -5.00      24.667900       0.000000       0.000000        18      17.0      18.0       0.543774   180.000    45.000    90.000    0     119.860519      -0.210240
      5.00      0.00      20.000000       0.000000       0.000000        18      17.0      18.0       0.543774   180.000    45.000    90.000    0     119.844429      -0.210810
      5.00      5.00      15.332100       0.000000       0.000000        18      17.0      18.0       0.543774   180.000    45.000    90.000    0     119.828346      -0.211370
      5.00     10.00      10.664200       0.000000       0.000000        18      17.0      18.0       0.543774   180.000    45.000    90.000    0     119.812263      -0.211940
      5.00     15.00       5.996290       0.000000       0.000000        18      17.0      18.0       0.543774   180.000    45.000    90.000    0     119.796173      -0.212500
      5.00     20.00       1.328390       0.024106       0.024106        18      17.0      18.0       0.543774   -21.190     3.640  -163.470    0     119.780090      -0.213070
     10.00     -5.00      24.667900       0.000000       0.000000        18      17.0      18.0       0.543774   180.000    45.000    90.000    0     119.858948      -0.165050
     10.00      0.00      20.000000       0.000000       0.000000        18      17.0      18.0       0.543774   180.000    45.000    90.000    0     119.842873      -0.165620
     10.00      5.00      15.332100       0.000000       0.000000        18      17.0      18.0       0.543774   180.000    45.000    90.000    0     119.826782      -0.166180
     10.00     10.00      10.664200       0.000000       0.000000        18      17.0      18.0       0.543774   180.000    45.000    90.000    0     119.810692      -0.166750
     10.00     15.00       5.996290       0.000000       0.000000        18      17.0      18.0       0.543774   180.000    45.000    90.000    0     119.794609      -0.167310
     10.00     20.00       1.328390       0.025066       0.025066        18      17.0      18.0       0.543774    80.890    17.020   -74.490    1     119.778519      -0.167880
     15.00     -5.00      24.667900       0.000000       0.000000        18      17.0      18.0       0.543774   180.000    45.000    90.000    0     119.857384      -0.119860
     15.00      0.00      20.000000       0.000000       0.000000        18      17.0      18.0       0.543774   180.000    45.000    90.000    0     119.841301      -0.120430
     15.00      5.00      15.332100       0.000000       0.000000        18      17.0      18.0       0.543774   180.000    45.000    90.000    0     119.825218      -0.120990
     15.00     10.00      10.664200       0.000000       0.000000        18      17.0      18.0       0.543774   180.000    45.000    90.000    0     119.809128      -0.121560
     15.00     15.00       5.996290       0.004312       0.004312        18      17.0      18.0       0.543774    33.510    66.850  -155.290    0     119.793037      -0.122120
     15.00     20.00       1.328390       0.028398       0.028398        18      17.0      18.0       0.543774    89.970    21.310   -68.380    1     119.776947      -0.122690
     20.00     -5.00      24.667900       0.020521       0.020521        18      17.0      18.0       0.543774   222.460    72.150    69.670    0     119.855812      -0.074670
     20.00      0.00      20.000000       0.052028       0.052028        18      17.0      18.0       0.543774    87.560    32.550  -113.040    1     119.839737      -0.075240
     20.00      5.00      15.332100       0.017279       0.017279        18      17.0      18.0       0.543774   221.160    89.250   132.680    0     119.823647      -0.075800
     20.00     10.00      10.664200       0.052595       0.052595        18      17.0      18.0       0.543774   158.740    84.370    77.690    0     119.807564      -0.076370
     20.00     15.00       5.996290       0.076864       0.076864        18      17.0      18.0       0.543774    57.910    48.940  -145.950    1     119.791481      -0.076930
     20.00     20.00       1.328390       0.055124       0.055124        18      17.0      18.0       0.543774    47.950    51.540  -149.010    1     119.775391      -0.077500
     25.00     -5.00      24.667900       0.051319       0.051319        18      17.0      18.0       0.543774   327.550    68.990   -47.620    0     119.854240      -0.029480
     25.00      0.00      20.000000       0.092349       0.092349        18      17.0      18.0       0.543774    74.300    60.690  -124.220    1     119.838173      -0.030050
     25.00      5.00      15.332100       0.053833       0.053833        18      17.0      18.0       0.543774   331.120    80.750     8.730    0     119.822083      -0.030610
     25.00     10.00      10.664200       0.069872       0.069872        18      17.0      18.0       0.543774   340.800    60.810    46.220    0     119.806000      -0.031180
     25.00     15.00       5.996290       0.073428       0.073428        18      17.0      18.0       0.543774   134.170    77.390     2.660    0     119.789909      -0.031740
     25.00     20.00       1.328390       0.078980       0.078980        18      17.0      18.0       0.543774   220.550    87.430  -174.300    0     119.773819      -0.032310
     30.00     -5.00      24.667900       0.053834       0.053834        18      17.0      18.0       0.543774   322.230    64.250   -43.330    0     119.852669       0.015710
     30.00      0.00      20.000000       0.096416       0.096416        18      17.0      18.0       0.543774   328.460    54.010   -21.310    0     119.836601       0.015150
     30.00      5.00      15.332100       0.093744       0.093744        18      17.0      18.0       0.543774   340.010    63.820    13.000    0     119.820518       0.014580
     30.00     10.00      10.664200       0.106128       0.106128        18      17.0      18.0       0.543774   331.900    73.190    25.790    0     119.804428       0.014020
     30.00     15.00       5.996290       0.110613       0.110613        18      17.0      18.0       0.543774   136.130    75.040     5.030    0     119.788338       0.013450
     30.00     20.00       1.328390       0.117310       0.117310        18      17.0      18.0       0.543774   133.030    87.710    -1.550    0     119.772263       0.012890
     35.00     -5.00      24.667900       0.045650       0.045650        18      17.0      18.0       0.543774   151.730    58.790   -13.920    0     119.851097       0.060900
     35.00      0.00      20.000000       0.080087       0.080087        18      17.0      18.0       0.543774   342.100    82.360    -3.590    0     119.835037       0.060340
     35.00      5.00      15.332100       0.119173       0.119173        18      17.0      18.0       0.543774   347.880    59.810    21.670    0     119.818947       0.059770
     35.00     10.00      10.664200       0.123610       0.123610        18      17.0      18.0       0.543774   331.830    75.900    17.090    0     119.802856       0.059210
     35.00     15.00       5.996290       0.139980       0.139980        18      17.0      18.0       0.543774   138.100    84.650     3.770    0     119.786781       0.058640
     35.00     20.00       1.328390       0.148388       0.148388        18      17.0      18.0       0.543774   135.590    88.790     4.800    0     119.770691       0.058080
     40.00     -5.00      24.667900       0.058059       0.058059        18      17.0      18.0       0.543774   141.820    37.850   -13.520    0     119.849533       0.106090
     40.00      0.00      20.000000       0.083744       0.083744        18      17.0      18.0       0.543774   166.050    72.330    -1.810    0     119.833473       0.105530
     40.00      5.00      15.332100       0.127310       0.127310        18      17.0      18.0       0.543774   353.920    57.170    28.210    0     119.817390       0.104960
     40.00     10.00      10.664200       0.119769       0.119769        18      17.0      18.0       0.543774   334.790    70.410    14.370    0     119.801300       0.104400
     40.00     15.00       5.996290       0.147149       0.147149        18      17.0      18.0       0.543774   139.910    89.920     9.250    0     119.785210       0.103830
     40.00     20.00       1.328390       0.157427       0.157427        18      17.0      18.0       0.543774   137.010    89.510    11.470    0     119.769127       0.103270
     45.00     -5.00      24.667900       0.085193       0.085193        18      17.0      18.0       0.543774   134.860    20.990   -14.200    0     119.847961       0.151280
     45.00      0.00      20.000000       0.107768       0.107768        18      17.0      18.0       0.543774   204.380    21.510    72.160    0     119.831909       0.150720
     45.00      5.00      15.332100       0.115928       0.115928        18      17.0      18.0       0.543774    13.360    47.080    54.590    0     119.815819       0.150150
     45.00     10.00      10.664200       0.105458       0.105458        18      17.0      18.0       0.543774   353.870    41.760    45.020    0     119.799728       0.149590
     45.00     15.00       5.996290       0.120309       0.120309        18      17.0      18.0       0.543774   320.950    84.310    -8.710    0     119.783653       0.149020
     45.00     20.00       1.328390       0.134034       0.134034        18      17.0      18.0       0.543774   137.890    88.740    17.320    0     119.767563       0.148460
     50.00     -5.00      24.667900       0.082249       0.082249        18      17.0      18.0       0.543774   134.680    13.260   -12.950    0     119.846390       0.196470
     50.00      0.00      20.000000       0.098386       0.098386        18      17.0      18.0       0.543774   213.910    15.480    82.270    0     119.830338       0.195910
     50.00      5.00      15.332100       0.080479       0.080479        18      17.0      18.0       0.543774   218.740    46.260    83.400    0     119.814247       0.195340
     50.00     10.00      10.664200       0.076914       0.076914        18      17.0      18.0       0.543774   217.150    60.500    92.890    0     119.798172       0.194780
     50.00     15.00       5.996290       0.072360       0.072360        18      17.0      18.0       0.543774   324.250    57.520    15.620    0     119.782082       0.194210
     50.00     20.00       1.328390       0.078044       0.078044        18      17.0      18.0       0.543774   138.520    87.630    21.080    0     119.765991       0.193650
