      xloc      yloc          depth         ave SR         max SR         #     start       end     max SR all       str       dip      rake flag
   -185.00     -5.00      24.667900       0.000000       0.000000        33      32.0      33.0       0.543774   180.000    45.000    90.000    0     119.920059      -1.927490
   -185.00      0.00      20.000000       0.000000       0.000000        33      32.0      33.0       0.543774   180.000    45.000    90.000    0     119.903961      -1.928060
   -185.00      5.00      15.332100       0.000000       0.000000        33      32.0      33.0       0.543774   180.000    45.000    90.000    0     119.887871      -1.928620
   -185.00     10.00      10.664200       0.000000       0.000000        33      32.0      33.0       0.543774   180.000    45.000    90.000    0     119.871780      -1.929190
   -185.00     15.00       5.996290       0.000000       0.000000        33      32.0      33.0       0.543774   180.000    45.000    90.000    0     119.855682      -1.929750
   -185.00     20.00       1.328390       0.000000       0.000000        33      32.0      33.0       0.543774   180.000    45.000    90.000    0     119.839706      -1.930320
   -180.00     -5.00      24.667900       0.000000       0.000000        33      32.0      33.0       0.543774   180.000    45.000    90.000    0     119.918488      -1.882300
   -180.00      0.00      20.000000       0.000000       0.000000        33      32.0      33.0       0.543774   180.000    45.000    90.000    0     119.902397      -1.882870
   -180.00      5.00      15.332100       0.000000       0.000000        33      32.0      33.0       0.543774   180.000    45.000    90.000    0     119.886299      -1.883430
   -180.00     10.00      10.664200       0.000000       0.000000        33      32.0      33.0       0.543774   180.000    45.000    90.000    0     119.870209      -1.884000
   -180.00     15.00       5.996290       0.000000       0.000000        33      32.0      33.0       0.543774   180.000    45.000    90.000    0     119.854118      -1.884560
   -180.00     20.00       1.328390       0.000000       0.000000        33      32.0      33.0       0.543774   180.000    45.000    90.000    0     119.838142      -1.885130
   -175.00     -5.00      24.667900       0.000000       0.000000        33      32.0      33.0       0.543774   180.000    45.000    90.000    0     119.916924      -1.837110
   -175.00      0.00      20.000000       0.000000       0.000000        33      32.0      33.0       0.543774   180.000    45.000    90.000    0     119.900833      -1.837680
   -175.00      5.00      15.332100       0.000000       0.000000        33      32.0      33.0       0.543774   180.000    45.000    90.000    0     119.884743      -1.838240
   -175.00     10.00      10.664200       0.000000       0.000000        33      32.0      33.0       0.543774   180.000    45.000    90.000    0     119.868637      -1.838810
   -175.00     15.00       5.996290       0.000000       0.000000        33      32.0      33.0       0.543774   180.000    45.000    90.000    0     119.852547      -1.839370
   -175.00     20.00       1.328390       0.000000       0.000000        33      32.0      33.0       0.543774   180.000    45.000    90.000    0     119.836571      -1.839940
   -170.00     -5.00      24.667900       0.000000       0.000000        33      32.0      33.0       0.543774   180.000    45.000    90.000    0     119.915352      -1.791920
   -170.00      0.00      20.000000       0.000000       0.000000        33      32.0      33.0       0.543774   180.000    45.000    90.000    0     119.899261      -1.792490
   -170.00      5.00      15.332100       0.000000       0.000000        33      32.0      33.0       0.543774   180.000    45.000    90.000    0     119.883171      -1.793050
   -170.00     10.00      10.664200       0.000000       0.000000        33      32.0      33.0       0.543774   180.000    45.000    90.000    0     119.867081      -1.793620
   -170.00     15.00       5.996290       0.000000       0.000000        33      32.0      33.0       0.543774   180.000    45.000    90.000    0     119.850983      -1.794180
   -170.00     20.00       1.328390       0.000000       0.000000        33      32.0      33.0       0.543774   180.000    45.000    90.000    0     119.834999      -1.794750
   -165.00     -5.00      24.667900       0.047031       0.047031        33      32.0      33.0       0.543774    51.980    83.970  -113.910    1     119.913788      -1.746730
   -165.00      0.00      20.000000       0.071807       0.071807        33      32.0      33.0       0.543774    -9.830     4.950    16.450    0     119.897690      -1.747300
   -165.00      5.00      15.332100       0.068254       0.068254        33      32.0      33.0       0.543774   103.640    15.290   146.290    1     119.881599      -1.747860
   -165.00     10.00      10.664200       0.053778       0.053778        33      32.0      33.0       0.543774    98.740    45.430  -110.690    1     119.865509      -1.748430
   -165.00     15.00       5.996290       0.052823       0.052823        33      32.0      33.0       0.543774   321.850    70.980   -70.780    0     119.849419      -1.748990
   -165.00     20.00       1.328390       0.046205       0.046205        33      32.0      33.0       0.543774   320.020    69.340   -71.410    0     119.833427      -1.749560
   -160.00     -5.00      24.667900       0.081480       0.081480        33      32.0      33.0       0.543774   333.460    22.380     7.230    0     119.912216      -1.701540
   -160.00      0.00      20.000000       0.122981       0.122981        33      32.0      33.0       0.543774   353.840    12.550    11.230    0     119.896133      -1.702110
   -160.00      5.00      15.332100       0.141800       0.141800        33      32.0      33.0       0.543774   -17.850     8.310     6.830    0     119.880028      -1.702670
   -160.00     10.00      10.664200       0.118905       0.118905        33      32.0      33.0       0.543774    12.510    79.850   -60.360    0     119.863937      -1.703240
   -160.00     15.00       5.996290       0.121367       0.121367        33      32.0      33.0       0.543774   356.620    75.100   -59.590    0     119.847847      -1.703800
   -160.00     20.00       1.328390       0.115235       0.115235        33      32.0      33.0       0.543774   342.180    75.680   -65.170    0     119.831863      -1.704370
   -155.00     -5.00      24.667900       0.086892       0.086892        33      32.0      33.0       0.543774   350.760    24.340    20.280    0     119.910652      -1.656350
   -155.00      0.00      20.000000       0.140381       0.140381        33      32.0      33.0       0.543774     4.240    21.760    17.820    0     119.894562      -1.656920
   -155.00      5.00      15.332100       0.161916       0.161916        33      32.0      33.0       0.543774    -2.380    20.410    10.630    0     119.878471      -1.657480
   -155.00     10.00      10.664200       0.158382       0.158382        33      32.0      33.0       0.543774    14.660    83.280   -49.680    0     119.862373      -1.658050
   -155.00     15.00       5.996290       0.176557       0.176557        33      32.0      33.0       0.543774     9.250    82.930   -53.220    0     119.846283      -1.658610
   -155.00     20.00       1.328390       0.165440       0.165440        33      32.0      33.0       0.543774     1.710    84.530   -53.110    0     119.830292      -1.659180
   -150.00     -5.00      24.667900       0.088545       0.088545        33      32.0      33.0       0.543774     1.020    31.990    19.490    0     119.909081      -1.611160
   -150.00      0.00      20.000000       0.138899       0.138899        33      32.0      33.0       0.543774     8.740    34.160    16.800    0     119.892990      -1.611730
   -150.00      5.00      15.332100       0.176029       0.176029        33      32.0      33.0       0.543774     5.060    36.280     6.520    0     119.876900      -1.612290
   -150.00     10.00      10.664200       0.184464       0.184464        33      32.0      33.0       0.543774    13.730    83.350   -36.570    0     119.860809      -1.612860
   -150.00     15.00       5.996290       0.219627       0.219627        33      32.0      33.0       0.543774   196.000    89.530    47.980    0     119.844818      -1.613420
   -150.00     20.00       1.328390       0.212437       0.212437        33      32.0      33.0       0.543774   192.120    88.110    46.300    0     119.828720      -1.613990
   -145.00     -5.00      24.667900       0.094170       0.094170        33      32.0      33.0       0.543774     7.100    44.790    10.210    0     119.907516      -1.565970
   -145.00      0.00      20.000000       0.139077       0.139077        33      32.0      33.0       0.543774    12.680    50.280    11.260    0     119.891418      -1.566530
   -145.00      5.00      15.332100       0.181988       0.181988        33      32.0      33.0       0.543774    12.100    56.620     1.180    0     119.875328      -1.567100
   -145.00     10.00      10.664200       0.203475       0.203475        33      32.0      33.0       0.543774    14.890    85.410   -26.830    0     119.859238      -1.567660
   -145.00     15.00       5.996290       0.243291       0.243291        33      32.0      33.0       0.543774   198.860    83.960    40.760    0     119.843246      -1.568230
   -145.00     20.00       1.328390       0.246984       0.246984        33      32.0      33.0       0.543774   197.010    83.600    42.500    0     119.827148      -1.568800
   -140.00     -5.00      24.667900       0.094630       0.094630        33      32.0      33.0       0.543774    13.410    62.940    -0.030    0     119.905952      -1.520780
   -140.00      0.00      20.000000       0.144569       0.144569        33      32.0      33.0       0.543774    18.050    65.330     9.080    0     119.889862      -1.521340
   -140.00      5.00      15.332100       0.190054       0.190054        33      32.0      33.0       0.543774    17.780    70.430     3.450    0     119.873772      -1.521910
   -140.00     10.00      10.664200       0.216852       0.216852        33      32.0      33.0       0.543774    17.800    89.340   -20.160    0     119.857681      -1.522470
   -140.00     15.00       5.996290       0.254624       0.254624        33      32.0      33.0       0.543774   200.110    80.890    34.720    0     119.841682      -1.523040
   -140.00     20.00       1.328390       0.263346       0.263346        33      32.0      33.0       0.543774   199.070    81.540    39.470    0     119.825577      -1.523610
   -135.00     -5.00      24.667900       0.092616       0.092616        33      32.0      33.0       0.543774    21.340    73.670     3.900    0     119.904381      -1.475590
   -135.00      0.00      20.000000       0.153521       0.153521        33      32.0      33.0       0.543774    22.980    75.620    13.030    0     119.888290      -1.476150
   -135.00      5.00      15.332100       0.199634       0.199634        33      32.0      33.0       0.543774    21.970    78.610     9.830    0     119.872200      -1.476720
   -135.00     10.00      10.664200       0.222424       0.222424        33      32.0      33.0       0.543774   199.670    89.980    12.040    0     119.856110      -1.477280
   -135.00     15.00       5.996290       0.248972       0.248972        33      32.0      33.0       0.543774   200.500    80.290    28.650    0     119.840111      -1.477850
   -135.00     20.00       1.328390       0.260996       0.260996        33      32.0      33.0       0.543774   199.960    81.020    36.210    0     119.824020      -1.478410
   -130.00     -5.00      24.667900       0.097391       0.097391        33      32.0      33.0       0.543774    29.520    79.740    15.740    0     119.902809      -1.430400
   -130.00      0.00      20.000000       0.169009       0.169009        33      32.0      33.0       0.543774    28.870    79.600    22.370    0     119.886719      -1.430960
   -130.00      5.00      15.332100       0.209028       0.209028        33      32.0      33.0       0.543774    26.070    80.380    18.390    0     119.870628      -1.431530
   -130.00     10.00      10.664200       0.218360       0.218360        33      32.0      33.0       0.543774    21.740    88.820    -3.370    0     119.854538      -1.432090
   -130.00     15.00       5.996290       0.228464       0.228464        33      32.0      33.0       0.543774   200.160    82.750    21.890    0     119.838539      -1.432660
   -130.00     20.00       1.328390       0.241397       0.241397        33      32.0      33.0       0.543774   199.680    82.600    32.130    0     119.822449      -1.433220
   -125.00     -5.00      24.667900       0.104235       0.104235        33      32.0      33.0       0.543774    35.070    86.500    24.120    0     119.901253      -1.385210
   -125.00      0.00      20.000000       0.184138       0.184138        33      32.0      33.0       0.543774    34.480    80.850    31.280    0     119.885162      -1.385770
   -125.00      5.00      15.332100       0.209912       0.209912        33      32.0      33.0       0.543774    29.040    82.570    25.870    0     119.869072      -1.386340
   -125.00     10.00      10.664200       0.202481       0.202481        33      32.0      33.0       0.543774    23.750    83.790     6.570    0     119.852982      -1.386900
   -125.00     15.00       5.996290       0.198182       0.198182        33      32.0      33.0       0.543774   199.560    88.560    13.960    0     119.836967      -1.387470
   -125.00     20.00       1.328390       0.208733       0.208733        33      32.0      33.0       0.543774   198.250    87.100    26.760    0     119.820877      -1.388030
   -120.00     -5.00      24.667900       0.112031       0.112031        33      32.0      33.0       0.543774    42.970    85.330    37.430    0     119.899681      -1.340020
   -120.00      0.00      20.000000       0.189854       0.189854        33      32.0      33.0       0.543774    38.980    82.960    38.230    0     119.883591      -1.340580
   -120.00      5.00      15.332100       0.203252       0.203252        33      32.0      33.0       0.543774    32.380    84.310    33.280    0     119.867500      -1.341150
   -120.00     10.00      10.664200       0.177146       0.177146        33      32.0      33.0       0.543774    26.390    78.280    11.800    0     119.851410      -1.341710
   -120.00     15.00       5.996290       0.165870       0.165870        33      32.0      33.0       0.543774    19.580    81.720    -6.260    0     119.835403      -1.342280
   -120.00     20.00       1.328390       0.170156       0.170156        33      32.0      33.0       0.543774    15.590    84.180   -19.740    0     119.819313      -1.342840
   -115.00     -5.00      24.667900       0.115765       0.115765        33      32.0      33.0       0.543774   314.840    44.370   173.340    0     119.898109      -1.294830
   -115.00      0.00      20.000000       0.183355       0.183355        33      32.0      33.0       0.543774   307.960    45.600   172.470    1     119.882019      -1.295390
   -115.00      5.00      15.332100       0.182883       0.182883        33      32.0      33.0       0.543774    34.600    86.030    41.360    0     119.865929      -1.295960
   -115.00     10.00      10.664200       0.143250       0.143250        33      32.0      33.0       0.543774    29.060    71.990    15.530    0     119.849838      -1.296520
   -115.00     15.00       5.996290       0.133890       0.133890        33      32.0      33.0       0.543774    18.780    67.120    -1.670    0     119.833832      -1.297090
   -115.00     20.00       1.328390       0.133385       0.133385        33      32.0      33.0       0.543774    11.160    68.610    -9.860    0     119.817741      -1.297650
   -110.00     -5.00      24.667900       0.105406       0.105406        33      32.0      33.0       0.543774   318.930    41.050   171.150    0     119.896553      -1.249630
   -110.00      0.00      20.000000       0.155546       0.155546        33      32.0      33.0       0.543774   312.510    40.440   174.520    1     119.880463      -1.250200
   -110.00      5.00      15.332100       0.151105       0.151105        33      32.0      33.0       0.543774   213.040    89.810   -53.540    0     119.864372      -1.250760
   -110.00     10.00      10.664200       0.107645       0.107645        33      32.0      33.0       0.543774    33.430    59.810    15.970    0     119.848282      -1.251330
   -110.00     15.00       5.996290       0.106218       0.106218        33      32.0      33.0       0.543774    15.240    49.690     0.780    0     119.832260      -1.251900
   -110.00     20.00       1.328390       0.106542       0.106542        33      32.0      33.0       0.543774     5.740    50.200     0.260    0     119.816170      -1.252460
   -105.00     -5.00      24.667900       0.080499       0.080499        33      32.0      33.0       0.543774   323.300    40.110   169.670    0     119.894981      -1.204440
   -105.00      0.00      20.000000       0.104218       0.104218        33      32.0      33.0       0.543774   317.920    35.510   176.230    0     119.878891      -1.205010
   -105.00      5.00      15.332100       0.109485       0.109485        33      32.0      33.0       0.543774   203.150    85.470   -74.330    0     119.862801      -1.205570
   -105.00     10.00      10.664200       0.075583       0.075583        33      32.0      33.0       0.543774   153.750    85.790   -96.750    0     119.846710      -1.206140
   -105.00     15.00       5.996290       0.077043       0.077043        33      32.0      33.0       0.543774     9.320    37.890     4.620    0     119.830688      -1.206700
   -105.00     20.00       1.328390       0.086448       0.086448        33      32.0      33.0       0.543774   358.370    41.480     4.290    0     119.814598      -1.207270
   -100.00     -5.00      24.667900       0.040579       0.040579        33      32.0      33.0       0.543774   326.780    36.080   160.460    0     119.893410      -1.159250
   -100.00      0.00      20.000000       0.048985       0.048985        33      32.0      33.0       0.543774   323.010    18.480  -179.190    0     119.877319      -1.159820
   -100.00      5.00      15.332100       0.078454       0.078454        33      32.0      33.0       0.543774    22.040    89.990    93.660    0     119.861229      -1.160380
   -100.00     10.00      10.664200       0.064014       0.064014        33      32.0      33.0       0.543774     8.400    82.770    79.390    0     119.845207      -1.160950
   -100.00     15.00       5.996290       0.046228       0.046228        33      32.0      33.0       0.543774   358.170    46.090    10.100    0     119.829117      -1.161510
   -100.00     20.00       1.328390       0.061668       0.061668        33      32.0      33.0       0.543774   347.290    48.140     4.030    0     119.813026      -1.162080
    -95.00     -5.00      24.667900       0.021414       0.021414        33      32.0      33.0       0.543774   104.740    42.720   119.790    1     119.891853      -1.114060
    -95.00      0.00      20.000000       0.035978       0.035978        33      32.0      33.0       0.543774   218.810    88.020  -124.560    0     119.875763      -1.114630
    -95.00      5.00      15.332100       0.013739       0.013739        33      32.0      33.0       0.543774   157.280    21.360    40.820    0     119.859673      -1.115190
    -95.00     10.00      10.664200       0.021601       0.021601        33      32.0      33.0       0.543774    17.090    77.870    83.530    0     119.843643      -1.115760
    -95.00     15.00       5.996290       0.024881       0.024881        33      32.0      33.0       0.543774   156.920    68.370   -24.140    0     119.827553      -1.116320
    -95.00     20.00       1.328390       0.029288       0.029288        33      32.0      33.0       0.543774   334.930    57.030    -6.760    0     119.811462      -1.116890
    -90.00     -5.00      24.667900       0.000000       0.000000        33      32.0      33.0       0.543774   180.000    45.000    90.000    0     119.890282      -1.068870
    -90.00      0.00      20.000000       0.000000       0.000000        33      32.0      33.0       0.543774   180.000    45.000    90.000    0     119.874191      -1.069440
    -90.00      5.00      15.332100       0.000000       0.000000        33      32.0      33.0       0.543774   180.000    45.000    90.000    0     119.858101      -1.070000
    -90.00     10.00      10.664200       0.000000       0.000000        33      32.0      33.0       0.543774   180.000    45.000    90.000    0     119.842072      -1.070570
    -90.00     15.00       5.996290       0.000000       0.000000        33      32.0      33.0       0.543774   180.000    45.000    90.000    0     119.825981      -1.071130
    -90.00     20.00       1.328390       0.000000       0.000000        33      32.0      33.0       0.543774   180.000    45.000    90.000    0     119.809891      -1.071700
    -85.00     -5.00      24.667900       0.000000       0.000000        33      32.0      33.0       0.543774   180.000    45.000    90.000    0     119.888710      -1.023680
    -85.00      0.00      20.000000       0.000000       0.000000        33      32.0      33.0       0.543774   180.000    45.000    90.000    0     119.872620      -1.024250
    -85.00      5.00      15.332100       0.000000       0.000000        33      32.0      33.0       0.543774   180.000    45.000    90.000    0     119.856537      -1.024810
    -85.00     10.00      10.664200       0.000000       0.000000        33      32.0      33.0       0.543774   180.000    45.000    90.000    0     119.840500      -1.025380
    -85.00     15.00       5.996290       0.000000       0.000000        33      32.0      33.0       0.543774   180.000    45.000    90.000    0     119.824409      -1.025940
    -85.00     20.00       1.328390       0.000000       0.000000        33      32.0      33.0       0.543774   180.000    45.000    90.000    0     119.808319      -1.026510
    -80.00     -5.00      24.667900       0.000000       0.000000        33      32.0      33.0       0.543774   180.000    45.000    90.000    0     119.887154      -0.978490
    -80.00      0.00      20.000000       0.000000       0.000000        33      32.0      33.0       0.543774   180.000    45.000    90.000    0     119.871063      -0.979050
    -80.00      5.00      15.332100       0.000000       0.000000        33      32.0      33.0       0.543774   180.000    45.000    90.000    0     119.854973      -0.979620
    -80.00     10.00      10.664200       0.000000       0.000000        33      32.0      33.0       0.543774   180.000    45.000    90.000    0     119.838928      -0.980190
    -80.00     15.00       5.996290       0.000000       0.000000        33      32.0      33.0       0.543774   180.000    45.000    90.000    0     119.822838      -0.980750
    -80.00     20.00       1.328390       0.000000       0.000000        33      32.0      33.0       0.543774   180.000    45.000    90.000    0     119.806763      -0.981320
    -75.00     -5.00      24.667900       0.000000       0.000000        33      32.0      33.0       0.543774   180.000    45.000    90.000    0     119.885582      -0.933300
    -75.00      0.00      20.000000       0.000000       0.000000        33      32.0      33.0       0.543774   180.000    45.000    90.000    0     119.869492      -0.933860
    -75.00      5.00      15.332100       0.000000       0.000000        33      32.0      33.0       0.543774   180.000    45.000    90.000    0     119.853401      -0.934430
    -75.00     10.00      10.664200       0.000000       0.000000        33      32.0      33.0       0.543774   180.000    45.000    90.000    0     119.837357      -0.934990
    -75.00     15.00       5.996290       0.000000       0.000000        33      32.0      33.0       0.543774   180.000    45.000    90.000    0     119.821274      -0.935560
    -75.00     20.00       1.328390       0.000000       0.000000        33      32.0      33.0       0.543774   180.000    45.000    90.000    0     119.805191      -0.936130
    -70.00     -5.00      24.667900       0.000000       0.000000        33      32.0      33.0       0.543774   180.000    45.000    90.000    0     119.884010      -0.888110
    -70.00      0.00      20.000000       0.000000       0.000000        33      32.0      33.0       0.543774   180.000    45.000    90.000    0     119.867928      -0.888670
    -70.00      5.00      15.332100       0.000000       0.000000        33      32.0      33.0       0.543774   180.000    45.000    90.000    0     119.851837      -0.889240
    -70.00     10.00      10.664200       0.000000       0.000000        33      32.0      33.0       0.543774   180.000    45.000    90.000    0     119.835793      -0.889800
    -70.00     15.00       5.996290       0.000000       0.000000        33      32.0      33.0       0.543774   180.000    45.000    90.000    0     119.819710      -0.890370
    -70.00     20.00       1.328390       0.000000       0.000000        33      32.0      33.0       0.543774   180.000    45.000    90.000    0     119.803619      -0.890940
    -65.00     -5.00      24.667900       0.000000       0.000000        33      32.0      33.0       0.543774   180.000    45.000    90.000    0     119.882446      -0.842920
    -65.00      0.00      20.000000       0.000000       0.000000        33      32.0      33.0       0.543774   180.000    45.000    90.000    0     119.866364      -0.843480
    -65.00      5.00      15.332100       0.000000       0.000000        33      32.0      33.0       0.543774   180.000    45.000    90.000    0     119.850273      -0.844050
    -65.00     10.00      10.664200       0.000000       0.000000        33      32.0      33.0       0.543774   180.000    45.000    90.000    0     119.834221      -0.844610
    -65.00     15.00       5.996290       0.000000       0.000000        33      32.0      33.0       0.543774   180.000    45.000    90.000    0     119.818138      -0.845180
    -65.00     20.00       1.328390       0.000000       0.000000        33      32.0      33.0       0.543774   180.000    45.000    90.000    0     119.802048      -0.845750
    -60.00     -5.00      24.667900       0.000000       0.000000        33      32.0      33.0       0.543774   180.000    45.000    90.000    0     119.880882      -0.797730
    -60.00      0.00      20.000000       0.000000       0.000000        33      32.0      33.0       0.543774   180.000    45.000    90.000    0     119.864792      -0.798290
    -60.00      5.00      15.332100       0.000000       0.000000        33      32.0      33.0       0.543774   180.000    45.000    90.000    0     119.848701      -0.798860
    -60.00     10.00      10.664200       0.000000       0.000000        33      32.0      33.0       0.543774   180.000    45.000    90.000    0     119.832657      -0.799420
    -60.00     15.00       5.996290       0.000000       0.000000        33      32.0      33.0       0.543774   180.000    45.000    90.000    0     119.816566      -0.799990
    -60.00     20.00       1.328390       0.000000       0.000000        33      32.0      33.0       0.543774   180.000    45.000    90.000    0     119.800484      -0.800550
    -55.00     -5.00      24.667900       0.000000       0.000000        33      32.0      33.0       0.543774   180.000    45.000    90.000    0     119.879311      -0.752540
    -55.00      0.00      20.000000       0.000000       0.000000        33      32.0      33.0       0.543774   180.000    45.000    90.000    0     119.863228      -0.753100
    -55.00      5.00      15.332100       0.000000       0.000000        33      32.0      33.0       0.543774   180.000    45.000    90.000    0     119.847137      -0.753670
    -55.00     10.00      10.664200       0.000000       0.000000        33      32.0      33.0       0.543774   180.000    45.000    90.000    0     119.831093      -0.754230
    -55.00     15.00       5.996290       0.000000       0.000000        33      32.0      33.0       0.543774   180.000    45.000    90.000    0     119.815002      -0.754800
    -55.00     20.00       1.328390       0.000000       0.000000        33      32.0      33.0       0.543774   180.000    45.000    90.000    0     119.798912      -0.755360
    -50.00     -5.00      24.667900       0.000000       0.000000        33      32.0      33.0       0.543774   180.000    45.000    90.000    0     119.877747      -0.707340
    -50.00      0.00      20.000000       0.000000       0.000000        33      32.0      33.0       0.543774   180.000    45.000    90.000    0     119.861656      -0.707910
    -50.00      5.00      15.332100       0.000000       0.000000        33      32.0      33.0       0.543774   180.000    45.000    90.000    0     119.845612      -0.708470
    -50.00     10.00      10.664200       0.000000       0.000000        33      32.0      33.0       0.543774   180.000    45.000    90.000    0     119.829521      -0.709040
    -50.00     15.00       5.996290       0.000000       0.000000        33      32.0      33.0       0.543774   180.000    45.000    90.000    0     119.813431      -0.709610
    -50.00     20.00       1.328390       0.000000       0.000000        33      32.0      33.0       0.543774   180.000    45.000    90.000    0     119.797340      -0.710170
    -45.00     -5.00      24.667900       0.000000       0.000000        33      32.0      33.0       0.543774   180.000    45.000    90.000    0     119.876183      -0.662150
    -45.00      0.00      20.000000       0.000000       0.000000        33      32.0      33.0       0.543774   180.000    45.000    90.000    0     119.860092      -0.662720
    -45.00      5.00      15.332100       0.000000       0.000000        33      32.0      33.0       0.543774   180.000    45.000    90.000    0     119.844040      -0.663280
    -45.00     10.00      10.664200       0.000000       0.000000        33      32.0      33.0       0.543774   180.000    45.000    90.000    0     119.827950      -0.663850
    -45.00     15.00       5.996290       0.000000       0.000000        33      32.0      33.0       0.543774   180.000    45.000    90.000    0     119.811859      -0.664420
    -45.00     20.00       1.328390       0.000000       0.000000        33      32.0      33.0       0.543774   180.000    45.000    90.000    0     119.795769      -0.664980
    -40.00     -5.00      24.667900       0.000000       0.000000        33      32.0      33.0       0.543774   180.000    45.000    90.000    0     119.874619      -0.616960
    -40.00      0.00      20.000000       0.000000       0.000000        33      32.0      33.0       0.543774   180.000    45.000    90.000    0     119.858528      -0.617530
    -40.00      5.00      15.332100       0.000000       0.000000        33      32.0      33.0       0.543774   180.000    45.000    90.000    0     119.842468      -0.618090
    -40.00     10.00      10.664200       0.000000       0.000000        33      32.0      33.0       0.543774   180.000    45.000    90.000    0     119.826378      -0.618660
    -40.00     15.00       5.996290       0.000000       0.000000        33      32.0      33.0       0.543774   180.000    45.000    90.000    0     119.810287      -0.619220
    -40.00     20.00       1.328390       0.000000       0.000000        33      32.0      33.0       0.543774   180.000    45.000    90.000    0     119.794197      -0.619790
    -35.00     -5.00      24.667900       0.000000       0.000000        33      32.0      33.0       0.543774   180.000    45.000    90.000    0     119.873047      -0.571770
    -35.00      0.00      20.000000       0.000000       0.000000        33      32.0      33.0       0.543774   180.000    45.000    90.000    0     119.856956      -0.572340
    -35.00      5.00      15.332100       0.000000       0.000000        33      32.0      33.0       0.543774   180.000    45.000    90.000    0     119.840897      -0.572900
    -35.00     10.00      10.664200       0.000000       0.000000        33      32.0      33.0       0.543774   180.000    45.000    90.000    0     119.824806      -0.573470
    -35.00     15.00       5.996290       0.000000       0.000000        33      32.0      33.0       0.543774   180.000    45.000    90.000    0     119.808723      -0.574030
    -35.00     20.00       1.328390       0.000000       0.000000        33      32.0      33.0       0.543774   180.000    45.000    90.000    0     119.792633      -0.574600
    -30.00     -5.00      24.667900       0.000000       0.000000        33      32.0      33.0       0.543774   180.000    45.000    90.000    0     119.871483      -0.526580
    -30.00      0.00      20.000000       0.000000       0.000000        33      32.0      33.0       0.543774   180.000    45.000    90.000    0     119.855400      -0.527150
    -30.00      5.00      15.332100       0.000000       0.000000        33      32.0      33.0       0.543774   180.000    45.000    90.000    0     119.839333      -0.527710
    -30.00     10.00      10.664200       0.000000       0.000000        33      32.0      33.0       0.543774   180.000    45.000    90.000    0     119.823242      -0.528280
    -30.00     15.00       5.996290       0.000000       0.000000        33      32.0      33.0       0.543774   180.000    45.000    90.000    0     119.807152      -0.528840
    -30.00     20.00       1.328390       0.000000       0.000000        33      32.0      33.0       0.543774   180.000    45.000    90.000    0     119.791069      -0.529410
    -25.00     -5.00      24.667900       0.000000       0.000000        33      32.0      33.0       0.543774   180.000    45.000    90.000    0     119.869919      -0.481390
    -25.00      0.00      20.000000       0.000000       0.000000        33      32.0      33.0       0.543774   180.000    45.000    90.000    0     119.853828      -0.481950
    -25.00      5.00      15.332100       0.000000       0.000000        33      32.0      33.0       0.543774   180.000    45.000    90.000    0     119.837761      -0.482520
    -25.00     10.00      10.664200       0.000000       0.000000        33      32.0      33.0       0.543774   180.000    45.000    90.000    0     119.821671      -0.483090
    -25.00     15.00       5.996290       0.000000       0.000000        33      32.0      33.0       0.543774   180.000    45.000    90.000    0     119.805580      -0.483650
    -25.00     20.00       1.328390       0.000000       0.000000        33      32.0      33.0       0.543774   180.000    45.000    90.000    0     119.789497      -0.484220
    -20.00     -5.00      24.667900       0.000000       0.000000        33      32.0      33.0       0.543774   180.000    45.000    90.000    0     119.868347      -0.436200
    -20.00      0.00      20.000000       0.000000       0.000000        33      32.0      33.0       0.543774   180.000    45.000    90.000    0     119.852257      -0.436760
    -20.00      5.00      15.332100       0.000000       0.000000        33      32.0      33.0       0.543774   180.000    45.000    90.000    0     119.836189      -0.437330
    -20.00     10.00      10.664200       0.000000       0.000000        33      32.0      33.0       0.543774   180.000    45.000    90.000    0     119.820099      -0.437900
    -20.00     15.00       5.996290       0.000000       0.000000        33      32.0      33.0       0.543774   180.000    45.000    90.000    0     119.804008      -0.438460
    -20.00     20.00       1.328390       0.000000       0.000000        33      32.0      33.0       0.543774   180.000    45.000    90.000    0     119.787933      -0.439030
    -15.00     -5.00      24.667900       0.000000       0.000000        33      32.0      33.0       0.543774   180.000    45.000    90.000    0     119.866791      -0.391010
    -15.00      0.00      20.000000       0.000000       0.000000        33      32.0      33.0       0.543774   180.000    45.000    90.000    0     119.850700      -0.391570
    -15.00      5.00      15.332100       0.000000       0.000000        33      32.0      33.0       0.543774   180.000    45.000    90.000    0     119.834618      -0.392140
    -15.00     10.00      10.664200       0.000000       0.000000        33      32.0      33.0       0.543774   180.000    45.000    90.000    0     119.818527      -0.392700
    -15.00     15.00       5.996290       0.000000       0.000000        33      32.0      33.0       0.543774   180.000    45.000    90.000    0     119.802452      -0.393270
    -15.00     20.00       1.328390       0.000000       0.000000        33      32.0      33.0       0.543774   180.000    45.000    90.000    0     119.786362      -0.393840
    -10.00     -5.00      24.667900       0.000000       0.000000        33      32.0      33.0       0.543774   180.000    45.000    90.000    0     119.865219      -0.345820
    -10.00      0.00      20.000000       0.000000       0.000000        33      32.0      33.0       0.543774   180.000    45.000    90.000    0     119.849129      -0.346380
    -10.00      5.00      15.332100       0.000000       0.000000        33      32.0      33.0       0.543774   180.000    45.000    90.000    0     119.833054      -0.346950
    -10.00     10.00      10.664200       0.000000       0.000000        33      32.0      33.0       0.543774   180.000    45.000    90.000    0     119.816963      -0.347510
    -10.00     15.00       5.996290       0.000000       0.000000        33      32.0      33.0       0.543774   180.000    45.000    90.000    0     119.800880      -0.348080
    -10.00     20.00       1.328390       0.000000       0.000000        33      32.0      33.0       0.543774   180.000    45.000    90.000    0     119.784790      -0.348650
     -5.00     -5.00      24.667900       0.000000       0.000000        33      32.0      33.0       0.543774   180.000    45.000    90.000    0     119.863647      -0.300630
     -5.00      0.00      20.000000       0.000000       0.000000        33      32.0      33.0       0.543774   180.000    45.000    90.000    0     119.847572      -0.301190
     -5.00      5.00      15.332100       0.000000       0.000000        33      32.0      33.0       0.543774   180.000    45.000    90.000    0     119.831482      -0.301760
     -5.00     10.00      10.664200       0.000000       0.000000        33      32.0      33.0       0.543774   180.000    45.000    90.000    0     119.815399      -0.302320
     -5.00     15.00       5.996290       0.000000       0.000000        33      32.0      33.0       0.543774   180.000    45.000    90.000    0     119.799309      -0.302890
     -5.00     20.00       1.328390       0.000000       0.000000        33      32.0      33.0       0.543774   180.000    45.000    90.000    0     119.783218      -0.303450
      0.00     -5.00      24.667900       0.000000       0.000000        33      32.0      33.0       0.543774   180.000    45.000    90.000    0     119.862091      -0.255430
      0.00      0.00      20.000000       0.000000       0.000000        33      32.0      33.0       0.543774   180.000    45.000    90.000    0     119.846001      -0.256000
      0.00      5.00      15.332100       0.000000       0.000000        33      32.0      33.0       0.543774   180.000    45.000    90.000    0     119.829910      -0.256570
      0.00     10.00      10.664200       0.000000       0.000000        33      32.0      33.0       0.543774   180.000    45.000    90.000    0     119.813828      -0.257130
      0.00     15.00       5.996290       0.000000       0.000000        33      32.0      33.0       0.543774   180.000    45.000    90.000    0     119.797737      -0.257700
      0.00     20.00       1.328390       0.000000       0.000000        33      32.0      33.0       0.543774   180.000    45.000    90.000    0     119.781647      -0.258260
      5.00     -5.00      24.667900       0.000000       0.000000        33      32.0      33.0       0.543774   180.000    45.000    90.000    0     119.860519      -0.210240
      5.00      0.00      20.000000       0.000000       0.000000        33      32.0      33.0       0.543774   180.000    45.000    90.000    0     119.844429      -0.210810
      5.00      5.00      15.332100       0.000000       0.000000        33      32.0      33.0       0.543774   180.000    45.000    90.000    0     119.828346      -0.211370
      5.00     10.00      10.664200       0.000000       0.000000        33      32.0      33.0       0.543774   180.000    45.000    90.000    0     119.812263      -0.211940
      5.00     15.00       5.996290       0.000000       0.000000        33      32.0      33.0       0.543774   180.000    45.000    90.000    0     119.796173      -0.212500
      5.00     20.00       1.328390       0.000000       0.000000        33      32.0      33.0       0.543774   180.000    45.000    90.000    0     119.780090      -0.213070
     10.00     -5.00      24.667900       0.000000       0.000000        33      32.0      33.0       0.543774   180.000    45.000    90.000    0     119.858948      -0.165050
     10.00      0.00      20.000000       0.000000       0.000000        33      32.0      33.0       0.543774   180.000    45.000    90.000    0     119.842873      -0.165620
     10.00      5.00      15.332100       0.000000       0.000000        33      32.0      33.0       0.543774   180.000    45.000    90.000    0     119.826782      -0.166180
     10.00     10.00      10.664200       0.000000       0.000000        33      32.0      33.0       0.543774   180.000    45.000    90.000    0     119.810692      -0.166750
     10.00     15.00       5.996290       0.000000       0.000000        33      32.0      33.0       0.543774   180.000    45.000    90.000    0     119.794609      -0.167310
     10.00     20.00       1.328390       0.000000       0.000000        33      32.0      33.0       0.543774   180.000    45.000    90.000    0     119.778519      -0.167880
     15.00     -5.00      24.667900       0.000000       0.000000        33      32.0      33.0       0.543774   180.000    45.000    90.000    0     119.857384      -0.119860
     15.00      0.00      20.000000       0.000000       0.000000        33      32.0      33.0       0.543774   180.000    45.000    90.000    0     119.841301      -0.120430
     15.00      5.00      15.332100       0.000000       0.000000        33      32.0      33.0       0.543774   180.000    45.000    90.000    0     119.825218      -0.120990
     15.00     10.00      10.664200       0.000000       0.000000        33      32.0      33.0       0.543774   180.000    45.000    90.000    0     119.809128      -0.121560
     15.00     15.00       5.996290       0.000000       0.000000        33      32.0      33.0       0.543774   180.000    45.000    90.000    0     119.793037      -0.122120
     15.00     20.00       1.328390       0.000000       0.000000        33      32.0      33.0       0.543774   180.000    45.000    90.000    0     119.776947      -0.122690
     20.00     -5.00      24.667900       0.000000       0.000000        33      32.0      33.0       0.543774   180.000    45.000    90.000    0     119.855812      -0.074670
     20.00      0.00      20.000000       0.000000       0.000000        33      32.0      33.0       0.543774   180.000    45.000    90.000    0     119.839737      -0.075240
     20.00      5.00      15.332100       0.000000       0.000000        33      32.0      33.0       0.543774   180.000    45.000    90.000    0     119.823647      -0.075800
     20.00     10.00      10.664200       0.000000       0.000000        33      32.0      33.0       0.543774   180.000    45.000    90.000    0     119.807564      -0.076370
     20.00     15.00       5.996290       0.000000       0.000000        33      32.0      33.0       0.543774   180.000    45.000    90.000    0     119.791481      -0.076930
     20.00     20.00       1.328390       0.000000       0.000000        33      32.0      33.0       0.543774   180.000    45.000    90.000    0     119.775391      -0.077500
     25.00     -5.00      24.667900       0.000000       0.000000        33      32.0      33.0       0.543774   180.000    45.000    90.000    0     119.854240      -0.029480
     25.00      0.00      20.000000       0.000000       0.000000        33      32.0      33.0       0.543774   180.000    45.000    90.000    0     119.838173      -0.030050
     25.00      5.00      15.332100       0.000000       0.000000        33      32.0      33.0       0.543774   180.000    45.000    90.000    0     119.822083      -0.030610
     25.00     10.00      10.664200       0.000000       0.000000        33      32.0      33.0       0.543774   180.000    45.000    90.000    0     119.806000      -0.031180
     25.00     15.00       5.996290       0.000000       0.000000        33      32.0      33.0       0.543774   180.000    45.000    90.000    0     119.789909      -0.031740
     25.00     20.00       1.328390       0.000000       0.000000        33      32.0      33.0       0.543774   180.000    45.000    90.000    0     119.773819      -0.032310
     30.00     -5.00      24.667900       0.000000       0.000000        33      32.0      33.0       0.543774   180.000    45.000    90.000    0     119.852669       0.015710
     30.00      0.00      20.000000       0.000000       0.000000        33      32.0      33.0       0.543774   180.000    45.000    90.000    0     119.836601       0.015150
     30.00      5.00      15.332100       0.000000       0.000000        33      32.0      33.0       0.543774   180.000    45.000    90.000    0     119.820518       0.014580
     30.00     10.00      10.664200       0.000000       0.000000        33      32.0      33.0       0.543774   180.000    45.000    90.000    0     119.804428       0.014020
     30.00     15.00       5.996290       0.000000       0.000000        33      32.0      33.0       0.543774   180.000    45.000    90.000    0     119.788338       0.013450
     30.00     20.00       1.328390       0.000000       0.000000        33      32.0      33.0       0.543774   180.000    45.000    90.000    0     119.772263       0.012890
     35.00     -5.00      24.667900       0.000000       0.000000        33      32.0      33.0       0.543774   180.000    45.000    90.000    0     119.851097       0.060900
     35.00      0.00      20.000000       0.000000       0.000000        33      32.0      33.0       0.543774   180.000    45.000    90.000    0     119.835037       0.060340
     35.00      5.00      15.332100       0.000000       0.000000        33      32.0      33.0       0.543774   180.000    45.000    90.000    0     119.818947       0.059770
     35.00     10.00      10.664200       0.000000       0.000000        33      32.0      33.0       0.543774   180.000    45.000    90.000    0     119.802856       0.059210
     35.00     15.00       5.996290       0.000000       0.000000        33      32.0      33.0       0.543774   180.000    45.000    90.000    0     119.786781       0.058640
     35.00     20.00       1.328390       0.000000       0.000000        33      32.0      33.0       0.543774   180.000    45.000    90.000    0     119.770691       0.058080
     40.00     -5.00      24.667900       0.000000       0.000000        33      32.0      33.0       0.543774   180.000    45.000    90.000    0     119.849533       0.106090
     40.00      0.00      20.000000       0.000000       0.000000        33      32.0      33.0       0.543774   180.000    45.000    90.000    0     119.833473       0.105530
     40.00      5.00      15.332100       0.000000       0.000000        33      32.0      33.0       0.543774   180.000    45.000    90.000    0     119.817390       0.104960
     40.00     10.00      10.664200       0.000000       0.000000        33      32.0      33.0       0.543774   180.000    45.000    90.000    0     119.801300       0.104400
     40.00     15.00       5.996290       0.000000       0.000000        33      32.0      33.0       0.543774   180.000    45.000    90.000    0     119.785210       0.103830
     40.00     20.00       1.328390       0.000000       0.000000        33      32.0      33.0       0.543774   180.000    45.000    90.000    0     119.769127       0.103270
     45.00     -5.00      24.667900       0.000000       0.000000        33      32.0      33.0       0.543774   180.000    45.000    90.000    0     119.847961       0.151280
     45.00      0.00      20.000000       0.000000       0.000000        33      32.0      33.0       0.543774   180.000    45.000    90.000    0     119.831909       0.150720
     45.00      5.00      15.332100       0.000000       0.000000        33      32.0      33.0       0.543774   180.000    45.000    90.000    0     119.815819       0.150150
     45.00     10.00      10.664200       0.000000       0.000000        33      32.0      33.0       0.543774   180.000    45.000    90.000    0     119.799728       0.149590
     45.00     15.00       5.996290       0.000000       0.000000        33      32.0      33.0       0.543774   180.000    45.000    90.000    0     119.783653       0.149020
     45.00     20.00       1.328390       0.000000       0.000000        33      32.0      33.0       0.543774   180.000    45.000    90.000    0     119.767563       0.148460
     50.00     -5.00      24.667900       0.000000       0.000000        33      32.0      33.0       0.543774   180.000    45.000    90.000    0     119.846390       0.196470
     50.00      0.00      20.000000       0.000000       0.000000        33      32.0      33.0       0.543774   180.000    45.000    90.000    0     119.830338       0.195910
     50.00      5.00      15.332100       0.000000       0.000000        33      32.0      33.0       0.543774   180.000    45.000    90.000    0     119.814247       0.195340
     50.00     10.00      10.664200       0.000000       0.000000        33      32.0      33.0       0.543774   180.000    45.000    90.000    0     119.798172       0.194780
     50.00     15.00       5.996290       0.000000       0.000000        33      32.0      33.0       0.543774   180.000    45.000    90.000    0     119.782082       0.194210
     50.00     20.00       1.328390       0.000000       0.000000        33      32.0      33.0       0.543774   180.000    45.000    90.000    0     119.765991       0.193650
