      xloc      yloc          depth         ave SR         max SR         #     start       end     max SR all       str       dip      rake flag
   -185.00     -5.00      24.667900       0.000000       0.000000        35      34.0      35.0       0.543774   180.000    45.000    90.000    0     119.920059      -1.927490
   -185.00      0.00      20.000000       0.000000       0.000000        35      34.0      35.0       0.543774   180.000    45.000    90.000    0     119.903961      -1.928060
   -185.00      5.00      15.332100       0.000000       0.000000        35      34.0      35.0       0.543774   180.000    45.000    90.000    0     119.887871      -1.928620
   -185.00     10.00      10.664200       0.000000       0.000000        35      34.0      35.0       0.543774   180.000    45.000    90.000    0     119.871780      -1.929190
   -185.00     15.00       5.996290       0.000000       0.000000        35      34.0      35.0       0.543774   180.000    45.000    90.000    0     119.855682      -1.929750
   -185.00     20.00       1.328390       0.000000       0.000000        35      34.0      35.0       0.543774   180.000    45.000    90.000    0     119.839706      -1.930320
   -180.00     -5.00      24.667900       0.000000       0.000000        35      34.0      35.0       0.543774   180.000    45.000    90.000    0     119.918488      -1.882300
   -180.00      0.00      20.000000       0.000000       0.000000        35      34.0      35.0       0.543774   180.000    45.000    90.000    0     119.902397      -1.882870
   -180.00      5.00      15.332100       0.000000       0.000000        35      34.0      35.0       0.543774   180.000    45.000    90.000    0     119.886299      -1.883430
   -180.00     10.00      10.664200       0.000000       0.000000        35      34.0      35.0       0.543774   180.000    45.000    90.000    0     119.870209      -1.884000
   -180.00     15.00       5.996290       0.000000       0.000000        35      34.0      35.0       0.543774   180.000    45.000    90.000    0     119.854118      -1.884560
   -180.00     20.00       1.328390       0.000000       0.000000        35      34.0      35.0       0.543774   180.000    45.000    90.000    0     119.838142      -1.885130
   -175.00     -5.00      24.667900       0.024293       0.024293        35      34.0      35.0       0.543774    71.360    17.620  -102.760    1     119.916924      -1.837110
   -175.00      0.00      20.000000       0.053716       0.053716        35      34.0      35.0       0.543774    55.680    58.950  -128.410    1     119.900833      -1.837680
   -175.00      5.00      15.332100       0.025003       0.025003        35      34.0      35.0       0.543774    23.590    36.210  -159.400    0     119.884743      -1.838240
   -175.00     10.00      10.664200       0.047532       0.047532        35      34.0      35.0       0.543774    57.870    11.650  -118.440    1     119.868637      -1.838810
   -175.00     15.00       5.996290       0.032696       0.032696        35      34.0      35.0       0.543774    64.360    12.090  -117.830    1     119.852547      -1.839370
   -175.00     20.00       1.328390       0.028161       0.028161        35      34.0      35.0       0.543774    94.270    24.630   -61.130    1     119.836571      -1.839940
   -170.00     -5.00      24.667900       0.072800       0.072800        35      34.0      35.0       0.543774   323.020    15.280     3.920    0     119.915352      -1.791920
   -170.00      0.00      20.000000       0.079928       0.079928        35      34.0      35.0       0.543774    34.550    87.950  -122.180    0     119.899261      -1.792490
   -170.00      5.00      15.332100       0.094679       0.094679        35      34.0      35.0       0.543774    54.100    42.240  -145.100    1     119.883171      -1.793050
   -170.00     10.00      10.664200       0.095634       0.095634        35      34.0      35.0       0.543774    67.750    39.030  -126.120    1     119.867081      -1.793620
   -170.00     15.00       5.996290       0.086315       0.086315        35      34.0      35.0       0.543774   101.370    20.760   -95.130    1     119.850983      -1.794180
   -170.00     20.00       1.328390       0.079703       0.079703        35      34.0      35.0       0.543774   118.960    30.370   -62.890    1     119.834999      -1.794750
   -165.00     -5.00      24.667900       0.124823       0.124823        35      34.0      35.0       0.543774   327.770    14.430     7.020    0     119.913788      -1.746730
   -165.00      0.00      20.000000       0.138732       0.138732        35      34.0      35.0       0.543774   219.080    88.720   108.040    0     119.897690      -1.747300
   -165.00      5.00      15.332100       0.111054       0.111054        35      34.0      35.0       0.543774    50.320    72.200  -127.820    1     119.881599      -1.747860
   -165.00     10.00      10.664200       0.121601       0.121601        35      34.0      35.0       0.543774    78.990    48.680  -131.300    1     119.865509      -1.748430
   -165.00     15.00       5.996290       0.127839       0.127839        35      34.0      35.0       0.543774   101.490    31.760  -112.190    1     119.849419      -1.748990
   -165.00     20.00       1.328390       0.121920       0.121920        35      34.0      35.0       0.543774   115.970    32.010   -89.720    1     119.833427      -1.749560
   -160.00     -5.00      24.667900       0.135126       0.135126        35      34.0      35.0       0.543774   330.590    17.970    10.000    0     119.912216      -1.701540
   -160.00      0.00      20.000000       0.179281       0.179281        35      34.0      35.0       0.543774   322.460    15.660     5.280    0     119.896133      -1.702110
   -160.00      5.00      15.332100       0.142295       0.142295        35      34.0      35.0       0.543774   313.720    18.500    -4.390    0     119.880028      -1.702670
   -160.00     10.00      10.664200       0.143066       0.143066        35      34.0      35.0       0.543774   335.750    59.690   -42.970    0     119.863937      -1.703240
   -160.00     15.00       5.996290       0.151713       0.151713        35      34.0      35.0       0.543774   329.260    61.060   -59.270    0     119.847847      -1.703800
   -160.00     20.00       1.328390       0.147599       0.147599        35      34.0      35.0       0.543774   322.210    59.720   -68.220    0     119.831863      -1.704370
   -155.00     -5.00      24.667900       0.120327       0.120327        35      34.0      35.0       0.543774   332.560    24.680    12.990    0     119.910652      -1.656350
   -155.00      0.00      20.000000       0.179507       0.179507        35      34.0      35.0       0.543774   334.170    18.430    12.220    0     119.894562      -1.656920
   -155.00      5.00      15.332100       0.175020       0.175020        35      34.0      35.0       0.543774   336.780    23.420     5.240    0     119.878471      -1.657480
   -155.00     10.00      10.664200       0.171763       0.171763        35      34.0      35.0       0.543774   348.800    62.000   -30.940    0     119.862373      -1.658050
   -155.00     15.00       5.996290       0.175067       0.175067        35      34.0      35.0       0.543774   347.500    66.710   -40.130    0     119.846283      -1.658610
   -155.00     20.00       1.328390       0.170342       0.170342        35      34.0      35.0       0.543774   347.410    70.950   -42.130    0     119.830292      -1.659180
   -150.00     -5.00      24.667900       0.091207       0.091207        35      34.0      35.0       0.543774   335.510    36.430    20.940    0     119.909081      -1.611160
   -150.00      0.00      20.000000       0.159312       0.159312        35      34.0      35.0       0.543774   346.640    26.300    18.440    0     119.892990      -1.611730
   -150.00      5.00      15.332100       0.187400       0.187400        35      34.0      35.0       0.543774   352.670    32.240    11.510    0     119.876900      -1.612290
   -150.00     10.00      10.664200       0.194955       0.194955        35      34.0      35.0       0.543774   356.340    63.470   -19.950    0     119.860809      -1.612860
   -150.00     15.00       5.996290       0.197740       0.197740        35      34.0      35.0       0.543774   359.510    74.610   -25.460    0     119.844818      -1.613420
   -150.00     20.00       1.328390       0.199406       0.199406        35      34.0      35.0       0.543774     1.410    83.350   -27.310    0     119.828720      -1.613990
   -145.00     -5.00      24.667900       0.070706       0.070706        35      34.0      35.0       0.543774   340.320    52.270    32.170    0     119.907516      -1.565970
   -145.00      0.00      20.000000       0.140835       0.140835        35      34.0      35.0       0.543774   356.340    39.170    22.520    0     119.891418      -1.566530
   -145.00      5.00      15.332100       0.191678       0.191678        35      34.0      35.0       0.543774     1.700    43.260    13.530    0     119.875328      -1.567100
   -145.00     10.00      10.664200       0.207939       0.207939        35      34.0      35.0       0.543774     2.750    66.170   -10.000    0     119.859238      -1.567660
   -145.00     15.00       5.996290       0.220513       0.220513        35      34.0      35.0       0.543774     6.800    79.970   -15.430    0     119.843246      -1.568230
   -145.00     20.00       1.328390       0.227800       0.227800        35      34.0      35.0       0.543774   188.950    89.080    20.910    0     119.827148      -1.568800
   -140.00     -5.00      24.667900       0.070560       0.070560        35      34.0      35.0       0.543774     5.940    58.180    67.660    0     119.905952      -1.520780
   -140.00      0.00      20.000000       0.131904       0.131904        35      34.0      35.0       0.543774     5.520    52.850    32.950    0     119.889862      -1.521340
   -140.00      5.00      15.332100       0.190876       0.190876        35      34.0      35.0       0.543774     8.610    51.730    18.160    0     119.873772      -1.521910
   -140.00     10.00      10.664200       0.213747       0.213747        35      34.0      35.0       0.543774     8.580    71.250    -1.930    0     119.857681      -1.522470
   -140.00     15.00       5.996290       0.237737       0.237737        35      34.0      35.0       0.543774    11.540    81.980    -8.260    0     119.841682      -1.523040
   -140.00     20.00       1.328390       0.246854       0.246854        35      34.0      35.0       0.543774   193.860    84.590    17.610    0     119.825577      -1.523610
   -135.00     -5.00      24.667900       0.094706       0.094706        35      34.0      35.0       0.543774    18.400    67.430    78.110    0     119.904381      -1.475590
   -135.00      0.00      20.000000       0.139504       0.139504        35      34.0      35.0       0.543774    13.870    63.480    45.590    0     119.888290      -1.476150
   -135.00      5.00      15.332100       0.180554       0.180554        35      34.0      35.0       0.543774    13.360    62.510    21.730    0     119.872200      -1.476720
   -135.00     10.00      10.664200       0.212287       0.212287        35      34.0      35.0       0.543774    13.440    75.920     5.830    0     119.856110      -1.477280
   -135.00     15.00       5.996290       0.240820       0.240820        35      34.0      35.0       0.543774    15.500    84.030    -2.670    0     119.840111      -1.477850
   -135.00     20.00       1.328390       0.250993       0.250993        35      34.0      35.0       0.543774   197.490    82.340    14.750    0     119.824020      -1.478410
   -130.00     -5.00      24.667900       0.115666       0.115666        35      34.0      35.0       0.543774    22.030    73.480    79.190    0     119.902809      -1.430400
   -130.00      0.00      20.000000       0.156706       0.156706        35      34.0      35.0       0.543774    21.020    71.120    56.340    0     119.886719      -1.430960
   -130.00      5.00      15.332100       0.171578       0.171578        35      34.0      35.0       0.543774    18.610    71.450    28.710    0     119.870628      -1.431530
   -130.00     10.00      10.664200       0.202845       0.202845        35      34.0      35.0       0.543774    17.990    80.440    13.430    0     119.854538      -1.432090
   -130.00     15.00       5.996290       0.228845       0.228845        35      34.0      35.0       0.543774    19.390    85.510     2.810    0     119.838539      -1.432660
   -130.00     20.00       1.328390       0.237471       0.237471        35      34.0      35.0       0.543774   200.280    82.580    10.570    0     119.822449      -1.433220
   -125.00     -5.00      24.667900       0.132219       0.132219        35      34.0      35.0       0.543774    25.510    78.050    79.380    0     119.901253      -1.385210
   -125.00      0.00      20.000000       0.175583       0.175583        35      34.0      35.0       0.543774    27.730    76.380    63.420    0     119.885162      -1.385770
   -125.00      5.00      15.332100       0.165487       0.165487        35      34.0      35.0       0.543774    25.000    75.910    35.710    0     119.869072      -1.386340
   -125.00     10.00      10.664200       0.186818       0.186818        35      34.0      35.0       0.543774    22.850    83.480    20.940    0     119.852982      -1.386900
   -125.00     15.00       5.996290       0.203662       0.203662        35      34.0      35.0       0.543774    23.130    87.310     8.450    0     119.836967      -1.387470
   -125.00     20.00       1.328390       0.207279       0.207279        35      34.0      35.0       0.543774   202.710    85.150     5.270    0     119.820877      -1.388030
   -120.00     -5.00      24.667900       0.136878       0.136878        35      34.0      35.0       0.543774    25.950    82.650    77.340    0     119.899681      -1.340020
   -120.00      0.00      20.000000       0.174611       0.174611        35      34.0      35.0       0.543774    31.370    81.040    63.980    0     119.883591      -1.340580
   -120.00      5.00      15.332100       0.155726       0.155726        35      34.0      35.0       0.543774    29.750    81.930    40.880    0     119.867500      -1.341150
   -120.00     10.00      10.664200       0.160749       0.160749        35      34.0      35.0       0.543774    26.550    87.750    28.040    0     119.851410      -1.341710
   -120.00     15.00       5.996290       0.166698       0.166698        35      34.0      35.0       0.543774    26.540    89.380    16.510    0     119.835403      -1.342280
   -120.00     20.00       1.328390       0.161356       0.161356        35      34.0      35.0       0.543774    25.010    89.910     0.530    0     119.819313      -1.342840
   -115.00     -5.00      24.667900       0.131241       0.131241        35      34.0      35.0       0.543774    24.570    87.080    74.710    0     119.898109      -1.294830
   -115.00      0.00      20.000000       0.157381       0.157381        35      34.0      35.0       0.543774    33.390    86.700    63.480    0     119.882019      -1.295390
   -115.00      5.00      15.332100       0.132576       0.132576        35      34.0      35.0       0.543774    32.230    89.880    44.400    0     119.865929      -1.295960
   -115.00     10.00      10.664200       0.129781       0.129781        35      34.0      35.0       0.543774   209.190    84.860   -37.760    0     119.849838      -1.296520
   -115.00     15.00       5.996290       0.122973       0.122973        35      34.0      35.0       0.543774   209.360    88.760   -28.060    0     119.833832      -1.297090
   -115.00     20.00       1.328390       0.106604       0.106604        35      34.0      35.0       0.543774    27.070    83.110     5.860    0     119.817741      -1.297650
   -110.00     -5.00      24.667900       0.105147       0.105147        35      34.0      35.0       0.543774   204.660    89.170   -73.180    0     119.896553      -1.249630
   -110.00      0.00      20.000000       0.107664       0.107664        35      34.0      35.0       0.543774   215.140    86.330   -60.910    0     119.880463      -1.250200
   -110.00      5.00      15.332100       0.083756       0.083756        35      34.0      35.0       0.543774   212.190    80.070   -45.110    0     119.864372      -1.250760
   -110.00     10.00      10.664200       0.095554       0.095554        35      34.0      35.0       0.543774   314.850    38.880  -162.440    0     119.848282      -1.251330
   -110.00     15.00       5.996290       0.071009       0.071009        35      34.0      35.0       0.543774   205.310    85.430   -44.460    0     119.832260      -1.251900
   -110.00     20.00       1.328390       0.055772       0.055772        35      34.0      35.0       0.543774    27.100    66.700     7.710    0     119.816170      -1.252460
   -105.00     -5.00      24.667900       0.041000       0.041000        35      34.0      35.0       0.543774   321.740    14.640   178.040    0     119.894981      -1.204440
   -105.00      0.00      20.000000       0.029340       0.029340        35      34.0      35.0       0.543774   316.400    41.450  -165.870    0     119.878891      -1.205010
   -105.00      5.00      15.332100       0.030771       0.030771        35      34.0      35.0       0.543774   188.390    59.040   -73.010    0     119.862801      -1.205570
   -105.00     10.00      10.664200       0.052443       0.052443        35      34.0      35.0       0.543774    46.560    87.990    63.890    1     119.846710      -1.206140
   -105.00     15.00       5.996290       0.019941       0.019941        35      34.0      35.0       0.543774    25.450    21.990   -17.190    0     119.830688      -1.206700
   -105.00     20.00       1.328390       0.023024       0.023024        35      34.0      35.0       0.543774    15.390    27.760     8.420    0     119.814598      -1.207270
   -100.00     -5.00      24.667900       0.000000       0.000000        35      34.0      35.0       0.543774   180.000    45.000    90.000    0     119.893410      -1.159250
   -100.00      0.00      20.000000       0.000000       0.000000        35      34.0      35.0       0.543774   180.000    45.000    90.000    0     119.877319      -1.159820
   -100.00      5.00      15.332100       0.000000       0.000000        35      34.0      35.0       0.543774   180.000    45.000    90.000    0     119.861229      -1.160380
   -100.00     10.00      10.664200       0.000000       0.000000        35      34.0      35.0       0.543774   180.000    45.000    90.000    0     119.845207      -1.160950
   -100.00     15.00       5.996290       0.000000       0.000000        35      34.0      35.0       0.543774   180.000    45.000    90.000    0     119.829117      -1.161510
   -100.00     20.00       1.328390       0.000000       0.000000        35      34.0      35.0       0.543774   180.000    45.000    90.000    0     119.813026      -1.162080
    -95.00     -5.00      24.667900       0.000000       0.000000        35      34.0      35.0       0.543774   180.000    45.000    90.000    0     119.891853      -1.114060
    -95.00      0.00      20.000000       0.000000       0.000000        35      34.0      35.0       0.543774   180.000    45.000    90.000    0     119.875763      -1.114630
    -95.00      5.00      15.332100       0.000000       0.000000        35      34.0      35.0       0.543774   180.000    45.000    90.000    0     119.859673      -1.115190
    -95.00     10.00      10.664200       0.000000       0.000000        35      34.0      35.0       0.543774   180.000    45.000    90.000    0     119.843643      -1.115760
    -95.00     15.00       5.996290       0.000000       0.000000        35      34.0      35.0       0.543774   180.000    45.000    90.000    0     119.827553      -1.116320
    -95.00     20.00       1.328390       0.000000       0.000000        35      34.0      35.0       0.543774   180.000    45.000    90.000    0     119.811462      -1.116890
    -90.00     -5.00      24.667900       0.000000       0.000000        35      34.0      35.0       0.543774   180.000    45.000    90.000    0     119.890282      -1.068870
    -90.00      0.00      20.000000       0.000000       0.000000        35      34.0      35.0       0.543774   180.000    45.000    90.000    0     119.874191      -1.069440
    -90.00      5.00      15.332100       0.000000       0.000000        35      34.0      35.0       0.543774   180.000    45.000    90.000    0     119.858101      -1.070000
    -90.00     10.00      10.664200       0.000000       0.000000        35      34.0      35.0       0.543774   180.000    45.000    90.000    0     119.842072      -1.070570
    -90.00     15.00       5.996290       0.000000       0.000000        35      34.0      35.0       0.543774   180.000    45.000    90.000    0     119.825981      -1.071130
    -90.00     20.00       1.328390       0.000000       0.000000        35      34.0      35.0       0.543774   180.000    45.000    90.000    0     119.809891      -1.071700
    -85.00     -5.00      24.667900       0.000000       0.000000        35      34.0      35.0       0.543774   180.000    45.000    90.000    0     119.888710      -1.023680
    -85.00      0.00      20.000000       0.000000       0.000000        35      34.0      35.0       0.543774   180.000    45.000    90.000    0     119.872620      -1.024250
    -85.00      5.00      15.332100       0.000000       0.000000        35      34.0      35.0       0.543774   180.000    45.000    90.000    0     119.856537      -1.024810
    -85.00     10.00      10.664200       0.000000       0.000000        35      34.0      35.0       0.543774   180.000    45.000    90.000    0     119.840500      -1.025380
    -85.00     15.00       5.996290       0.000000       0.000000        35      34.0      35.0       0.543774   180.000    45.000    90.000    0     119.824409      -1.025940
    -85.00     20.00       1.328390       0.000000       0.000000        35      34.0      35.0       0.543774   180.000    45.000    90.000    0     119.808319      -1.026510
    -80.00     -5.00      24.667900       0.000000       0.000000        35      34.0      35.0       0.543774   180.000    45.000    90.000    0     119.887154      -0.978490
    -80.00      0.00      20.000000       0.000000       0.000000        35      34.0      35.0       0.543774   180.000    45.000    90.000    0     119.871063      -0.979050
    -80.00      5.00      15.332100       0.000000       0.000000        35      34.0      35.0       0.543774   180.000    45.000    90.000    0     119.854973      -0.979620
    -80.00     10.00      10.664200       0.000000       0.000000        35      34.0      35.0       0.543774   180.000    45.000    90.000    0     119.838928      -0.980190
    -80.00     15.00       5.996290       0.000000       0.000000        35      34.0      35.0       0.543774   180.000    45.000    90.000    0     119.822838      -0.980750
    -80.00     20.00       1.328390       0.000000       0.000000        35      34.0      35.0       0.543774   180.000    45.000    90.000    0     119.806763      -0.981320
    -75.00     -5.00      24.667900       0.000000       0.000000        35      34.0      35.0       0.543774   180.000    45.000    90.000    0     119.885582      -0.933300
    -75.00      0.00      20.000000       0.000000       0.000000        35      34.0      35.0       0.543774   180.000    45.000    90.000    0     119.869492      -0.933860
    -75.00      5.00      15.332100       0.000000       0.000000        35      34.0      35.0       0.543774   180.000    45.000    90.000    0     119.853401      -0.934430
    -75.00     10.00      10.664200       0.000000       0.000000        35      34.0      35.0       0.543774   180.000    45.000    90.000    0     119.837357      -0.934990
    -75.00     15.00       5.996290       0.000000       0.000000        35      34.0      35.0       0.543774   180.000    45.000    90.000    0     119.821274      -0.935560
    -75.00     20.00       1.328390       0.000000       0.000000        35      34.0      35.0       0.543774   180.000    45.000    90.000    0     119.805191      -0.936130
    -70.00     -5.00      24.667900       0.000000       0.000000        35      34.0      35.0       0.543774   180.000    45.000    90.000    0     119.884010      -0.888110
    -70.00      0.00      20.000000       0.000000       0.000000        35      34.0      35.0       0.543774   180.000    45.000    90.000    0     119.867928      -0.888670
    -70.00      5.00      15.332100       0.000000       0.000000        35      34.0      35.0       0.543774   180.000    45.000    90.000    0     119.851837      -0.889240
    -70.00     10.00      10.664200       0.000000       0.000000        35      34.0      35.0       0.543774   180.000    45.000    90.000    0     119.835793      -0.889800
    -70.00     15.00       5.996290       0.000000       0.000000        35      34.0      35.0       0.543774   180.000    45.000    90.000    0     119.819710      -0.890370
    -70.00     20.00       1.328390       0.000000       0.000000        35      34.0      35.0       0.543774   180.000    45.000    90.000    0     119.803619      -0.890940
    -65.00     -5.00      24.667900       0.000000       0.000000        35      34.0      35.0       0.543774   180.000    45.000    90.000    0     119.882446      -0.842920
    -65.00      0.00      20.000000       0.000000       0.000000        35      34.0      35.0       0.543774   180.000    45.000    90.000    0     119.866364      -0.843480
    -65.00      5.00      15.332100       0.000000       0.000000        35      34.0      35.0       0.543774   180.000    45.000    90.000    0     119.850273      -0.844050
    -65.00     10.00      10.664200       0.000000       0.000000        35      34.0      35.0       0.543774   180.000    45.000    90.000    0     119.834221      -0.844610
    -65.00     15.00       5.996290       0.000000       0.000000        35      34.0      35.0       0.543774   180.000    45.000    90.000    0     119.818138      -0.845180
    -65.00     20.00       1.328390       0.000000       0.000000        35      34.0      35.0       0.543774   180.000    45.000    90.000    0     119.802048      -0.845750
    -60.00     -5.00      24.667900       0.000000       0.000000        35      34.0      35.0       0.543774   180.000    45.000    90.000    0     119.880882      -0.797730
    -60.00      0.00      20.000000       0.000000       0.000000        35      34.0      35.0       0.543774   180.000    45.000    90.000    0     119.864792      -0.798290
    -60.00      5.00      15.332100       0.000000       0.000000        35      34.0      35.0       0.543774   180.000    45.000    90.000    0     119.848701      -0.798860
    -60.00     10.00      10.664200       0.000000       0.000000        35      34.0      35.0       0.543774   180.000    45.000    90.000    0     119.832657      -0.799420
    -60.00     15.00       5.996290       0.000000       0.000000        35      34.0      35.0       0.543774   180.000    45.000    90.000    0     119.816566      -0.799990
    -60.00     20.00       1.328390       0.000000       0.000000        35      34.0      35.0       0.543774   180.000    45.000    90.000    0     119.800484      -0.800550
    -55.00     -5.00      24.667900       0.000000       0.000000        35      34.0      35.0       0.543774   180.000    45.000    90.000    0     119.879311      -0.752540
    -55.00      0.00      20.000000       0.000000       0.000000        35      34.0      35.0       0.543774   180.000    45.000    90.000    0     119.863228      -0.753100
    -55.00      5.00      15.332100       0.000000       0.000000        35      34.0      35.0       0.543774   180.000    45.000    90.000    0     119.847137      -0.753670
    -55.00     10.00      10.664200       0.000000       0.000000        35      34.0      35.0       0.543774   180.000    45.000    90.000    0     119.831093      -0.754230
    -55.00     15.00       5.996290       0.000000       0.000000        35      34.0      35.0       0.543774   180.000    45.000    90.000    0     119.815002      -0.754800
    -55.00     20.00       1.328390       0.000000       0.000000        35      34.0      35.0       0.543774   180.000    45.000    90.000    0     119.798912      -0.755360
    -50.00     -5.00      24.667900       0.000000       0.000000        35      34.0      35.0       0.543774   180.000    45.000    90.000    0     119.877747      -0.707340
    -50.00      0.00      20.000000       0.000000       0.000000        35      34.0      35.0       0.543774   180.000    45.000    90.000    0     119.861656      -0.707910
    -50.00      5.00      15.332100       0.000000       0.000000        35      34.0      35.0       0.543774   180.000    45.000    90.000    0     119.845612      -0.708470
    -50.00     10.00      10.664200       0.000000       0.000000        35      34.0      35.0       0.543774   180.000    45.000    90.000    0     119.829521      -0.709040
    -50.00     15.00       5.996290       0.000000       0.000000        35      34.0      35.0       0.543774   180.000    45.000    90.000    0     119.813431      -0.709610
    -50.00     20.00       1.328390       0.000000       0.000000        35      34.0      35.0       0.543774   180.000    45.000    90.000    0     119.797340      -0.710170
    -45.00     -5.00      24.667900       0.000000       0.000000        35      34.0      35.0       0.543774   180.000    45.000    90.000    0     119.876183      -0.662150
    -45.00      0.00      20.000000       0.000000       0.000000        35      34.0      35.0       0.543774   180.000    45.000    90.000    0     119.860092      -0.662720
    -45.00      5.00      15.332100       0.000000       0.000000        35      34.0      35.0       0.543774   180.000    45.000    90.000    0     119.844040      -0.663280
    -45.00     10.00      10.664200       0.000000       0.000000        35      34.0      35.0       0.543774   180.000    45.000    90.000    0     119.827950      -0.663850
    -45.00     15.00       5.996290       0.000000       0.000000        35      34.0      35.0       0.543774   180.000    45.000    90.000    0     119.811859      -0.664420
    -45.00     20.00       1.328390       0.000000       0.000000        35      34.0      35.0       0.543774   180.000    45.000    90.000    0     119.795769      -0.664980
    -40.00     -5.00      24.667900       0.000000       0.000000        35      34.0      35.0       0.543774   180.000    45.000    90.000    0     119.874619      -0.616960
    -40.00      0.00      20.000000       0.000000       0.000000        35      34.0      35.0       0.543774   180.000    45.000    90.000    0     119.858528      -0.617530
    -40.00      5.00      15.332100       0.000000       0.000000        35      34.0      35.0       0.543774   180.000    45.000    90.000    0     119.842468      -0.618090
    -40.00     10.00      10.664200       0.000000       0.000000        35      34.0      35.0       0.543774   180.000    45.000    90.000    0     119.826378      -0.618660
    -40.00     15.00       5.996290       0.000000       0.000000        35      34.0      35.0       0.543774   180.000    45.000    90.000    0     119.810287      -0.619220
    -40.00     20.00       1.328390       0.000000       0.000000        35      34.0      35.0       0.543774   180.000    45.000    90.000    0     119.794197      -0.619790
    -35.00     -5.00      24.667900       0.000000       0.000000        35      34.0      35.0       0.543774   180.000    45.000    90.000    0     119.873047      -0.571770
    -35.00      0.00      20.000000       0.000000       0.000000        35      34.0      35.0       0.543774   180.000    45.000    90.000    0     119.856956      -0.572340
    -35.00      5.00      15.332100       0.000000       0.000000        35      34.0      35.0       0.543774   180.000    45.000    90.000    0     119.840897      -0.572900
    -35.00     10.00      10.664200       0.000000       0.000000        35      34.0      35.0       0.543774   180.000    45.000    90.000    0     119.824806      -0.573470
    -35.00     15.00       5.996290       0.000000       0.000000        35      34.0      35.0       0.543774   180.000    45.000    90.000    0     119.808723      -0.574030
    -35.00     20.00       1.328390       0.000000       0.000000        35      34.0      35.0       0.543774   180.000    45.000    90.000    0     119.792633      -0.574600
    -30.00     -5.00      24.667900       0.000000       0.000000        35      34.0      35.0       0.543774   180.000    45.000    90.000    0     119.871483      -0.526580
    -30.00      0.00      20.000000       0.000000       0.000000        35      34.0      35.0       0.543774   180.000    45.000    90.000    0     119.855400      -0.527150
    -30.00      5.00      15.332100       0.000000       0.000000        35      34.0      35.0       0.543774   180.000    45.000    90.000    0     119.839333      -0.527710
    -30.00     10.00      10.664200       0.000000       0.000000        35      34.0      35.0       0.543774   180.000    45.000    90.000    0     119.823242      -0.528280
    -30.00     15.00       5.996290       0.000000       0.000000        35      34.0      35.0       0.543774   180.000    45.000    90.000    0     119.807152      -0.528840
    -30.00     20.00       1.328390       0.000000       0.000000        35      34.0      35.0       0.543774   180.000    45.000    90.000    0     119.791069      -0.529410
    -25.00     -5.00      24.667900       0.000000       0.000000        35      34.0      35.0       0.543774   180.000    45.000    90.000    0     119.869919      -0.481390
    -25.00      0.00      20.000000       0.000000       0.000000        35      34.0      35.0       0.543774   180.000    45.000    90.000    0     119.853828      -0.481950
    -25.00      5.00      15.332100       0.000000       0.000000        35      34.0      35.0       0.543774   180.000    45.000    90.000    0     119.837761      -0.482520
    -25.00     10.00      10.664200       0.000000       0.000000        35      34.0      35.0       0.543774   180.000    45.000    90.000    0     119.821671      -0.483090
    -25.00     15.00       5.996290       0.000000       0.000000        35      34.0      35.0       0.543774   180.000    45.000    90.000    0     119.805580      -0.483650
    -25.00     20.00       1.328390       0.000000       0.000000        35      34.0      35.0       0.543774   180.000    45.000    90.000    0     119.789497      -0.484220
    -20.00     -5.00      24.667900       0.000000       0.000000        35      34.0      35.0       0.543774   180.000    45.000    90.000    0     119.868347      -0.436200
    -20.00      0.00      20.000000       0.000000       0.000000        35      34.0      35.0       0.543774   180.000    45.000    90.000    0     119.852257      -0.436760
    -20.00      5.00      15.332100       0.000000       0.000000        35      34.0      35.0       0.543774   180.000    45.000    90.000    0     119.836189      -0.437330
    -20.00     10.00      10.664200       0.000000       0.000000        35      34.0      35.0       0.543774   180.000    45.000    90.000    0     119.820099      -0.437900
    -20.00     15.00       5.996290       0.000000       0.000000        35      34.0      35.0       0.543774   180.000    45.000    90.000    0     119.804008      -0.438460
    -20.00     20.00       1.328390       0.000000       0.000000        35      34.0      35.0       0.543774   180.000    45.000    90.000    0     119.787933      -0.439030
    -15.00     -5.00      24.667900       0.000000       0.000000        35      34.0      35.0       0.543774   180.000    45.000    90.000    0     119.866791      -0.391010
    -15.00      0.00      20.000000       0.000000       0.000000        35      34.0      35.0       0.543774   180.000    45.000    90.000    0     119.850700      -0.391570
    -15.00      5.00      15.332100       0.000000       0.000000        35      34.0      35.0       0.543774   180.000    45.000    90.000    0     119.834618      -0.392140
    -15.00     10.00      10.664200       0.000000       0.000000        35      34.0      35.0       0.543774   180.000    45.000    90.000    0     119.818527      -0.392700
    -15.00     15.00       5.996290       0.000000       0.000000        35      34.0      35.0       0.543774   180.000    45.000    90.000    0     119.802452      -0.393270
    -15.00     20.00       1.328390       0.000000       0.000000        35      34.0      35.0       0.543774   180.000    45.000    90.000    0     119.786362      -0.393840
    -10.00     -5.00      24.667900       0.000000       0.000000        35      34.0      35.0       0.543774   180.000    45.000    90.000    0     119.865219      -0.345820
    -10.00      0.00      20.000000       0.000000       0.000000        35      34.0      35.0       0.543774   180.000    45.000    90.000    0     119.849129      -0.346380
    -10.00      5.00      15.332100       0.000000       0.000000        35      34.0      35.0       0.543774   180.000    45.000    90.000    0     119.833054      -0.346950
    -10.00     10.00      10.664200       0.000000       0.000000        35      34.0      35.0       0.543774   180.000    45.000    90.000    0     119.816963      -0.347510
    -10.00     15.00       5.996290       0.000000       0.000000        35      34.0      35.0       0.543774   180.000    45.000    90.000    0     119.800880      -0.348080
    -10.00     20.00       1.328390       0.000000       0.000000        35      34.0      35.0       0.543774   180.000    45.000    90.000    0     119.784790      -0.348650
     -5.00     -5.00      24.667900       0.000000       0.000000        35      34.0      35.0       0.543774   180.000    45.000    90.000    0     119.863647      -0.300630
     -5.00      0.00      20.000000       0.000000       0.000000        35      34.0      35.0       0.543774   180.000    45.000    90.000    0     119.847572      -0.301190
     -5.00      5.00      15.332100       0.000000       0.000000        35      34.0      35.0       0.543774   180.000    45.000    90.000    0     119.831482      -0.301760
     -5.00     10.00      10.664200       0.000000       0.000000        35      34.0      35.0       0.543774   180.000    45.000    90.000    0     119.815399      -0.302320
     -5.00     15.00       5.996290       0.000000       0.000000        35      34.0      35.0       0.543774   180.000    45.000    90.000    0     119.799309      -0.302890
     -5.00     20.00       1.328390       0.000000       0.000000        35      34.0      35.0       0.543774   180.000    45.000    90.000    0     119.783218      -0.303450
      0.00     -5.00      24.667900       0.000000       0.000000        35      34.0      35.0       0.543774   180.000    45.000    90.000    0     119.862091      -0.255430
      0.00      0.00      20.000000       0.000000       0.000000        35      34.0      35.0       0.543774   180.000    45.000    90.000    0     119.846001      -0.256000
      0.00      5.00      15.332100       0.000000       0.000000        35      34.0      35.0       0.543774   180.000    45.000    90.000    0     119.829910      -0.256570
      0.00     10.00      10.664200       0.000000       0.000000        35      34.0      35.0       0.543774   180.000    45.000    90.000    0     119.813828      -0.257130
      0.00     15.00       5.996290       0.000000       0.000000        35      34.0      35.0       0.543774   180.000    45.000    90.000    0     119.797737      -0.257700
      0.00     20.00       1.328390       0.000000       0.000000        35      34.0      35.0       0.543774   180.000    45.000    90.000    0     119.781647      -0.258260
      5.00     -5.00      24.667900       0.000000       0.000000        35      34.0      35.0       0.543774   180.000    45.000    90.000    0     119.860519      -0.210240
      5.00      0.00      20.000000       0.000000       0.000000        35      34.0      35.0       0.543774   180.000    45.000    90.000    0     119.844429      -0.210810
      5.00      5.00      15.332100       0.000000       0.000000        35      34.0      35.0       0.543774   180.000    45.000    90.000    0     119.828346      -0.211370
      5.00     10.00      10.664200       0.000000       0.000000        35      34.0      35.0       0.543774   180.000    45.000    90.000    0     119.812263      -0.211940
      5.00     15.00       5.996290       0.000000       0.000000        35      34.0      35.0       0.543774   180.000    45.000    90.000    0     119.796173      -0.212500
      5.00     20.00       1.328390       0.000000       0.000000        35      34.0      35.0       0.543774   180.000    45.000    90.000    0     119.780090      -0.213070
     10.00     -5.00      24.667900       0.000000       0.000000        35      34.0      35.0       0.543774   180.000    45.000    90.000    0     119.858948      -0.165050
     10.00      0.00      20.000000       0.000000       0.000000        35      34.0      35.0       0.543774   180.000    45.000    90.000    0     119.842873      -0.165620
     10.00      5.00      15.332100       0.000000       0.000000        35      34.0      35.0       0.543774   180.000    45.000    90.000    0     119.826782      -0.166180
     10.00     10.00      10.664200       0.000000       0.000000        35      34.0      35.0       0.543774   180.000    45.000    90.000    0     119.810692      -0.166750
     10.00     15.00       5.996290       0.000000       0.000000        35      34.0      35.0       0.543774   180.000    45.000    90.000    0     119.794609      -0.167310
     10.00     20.00       1.328390       0.000000       0.000000        35      34.0      35.0       0.543774   180.000    45.000    90.000    0     119.778519      -0.167880
     15.00     -5.00      24.667900       0.000000       0.000000        35      34.0      35.0       0.543774   180.000    45.000    90.000    0     119.857384      -0.119860
     15.00      0.00      20.000000       0.000000       0.000000        35      34.0      35.0       0.543774   180.000    45.000    90.000    0     119.841301      -0.120430
     15.00      5.00      15.332100       0.000000       0.000000        35      34.0      35.0       0.543774   180.000    45.000    90.000    0     119.825218      -0.120990
     15.00     10.00      10.664200       0.000000       0.000000        35      34.0      35.0       0.543774   180.000    45.000    90.000    0     119.809128      -0.121560
     15.00     15.00       5.996290       0.000000       0.000000        35      34.0      35.0       0.543774   180.000    45.000    90.000    0     119.793037      -0.122120
     15.00     20.00       1.328390       0.000000       0.000000        35      34.0      35.0       0.543774   180.000    45.000    90.000    0     119.776947      -0.122690
     20.00     -5.00      24.667900       0.000000       0.000000        35      34.0      35.0       0.543774   180.000    45.000    90.000    0     119.855812      -0.074670
     20.00      0.00      20.000000       0.000000       0.000000        35      34.0      35.0       0.543774   180.000    45.000    90.000    0     119.839737      -0.075240
     20.00      5.00      15.332100       0.000000       0.000000        35      34.0      35.0       0.543774   180.000    45.000    90.000    0     119.823647      -0.075800
     20.00     10.00      10.664200       0.000000       0.000000        35      34.0      35.0       0.543774   180.000    45.000    90.000    0     119.807564      -0.076370
     20.00     15.00       5.996290       0.000000       0.000000        35      34.0      35.0       0.543774   180.000    45.000    90.000    0     119.791481      -0.076930
     20.00     20.00       1.328390       0.000000       0.000000        35      34.0      35.0       0.543774   180.000    45.000    90.000    0     119.775391      -0.077500
     25.00     -5.00      24.667900       0.000000       0.000000        35      34.0      35.0       0.543774   180.000    45.000    90.000    0     119.854240      -0.029480
     25.00      0.00      20.000000       0.000000       0.000000        35      34.0      35.0       0.543774   180.000    45.000    90.000    0     119.838173      -0.030050
     25.00      5.00      15.332100       0.000000       0.000000        35      34.0      35.0       0.543774   180.000    45.000    90.000    0     119.822083      -0.030610
     25.00     10.00      10.664200       0.000000       0.000000        35      34.0      35.0       0.543774   180.000    45.000    90.000    0     119.806000      -0.031180
     25.00     15.00       5.996290       0.000000       0.000000        35      34.0      35.0       0.543774   180.000    45.000    90.000    0     119.789909      -0.031740
     25.00     20.00       1.328390       0.000000       0.000000        35      34.0      35.0       0.543774   180.000    45.000    90.000    0     119.773819      -0.032310
     30.00     -5.00      24.667900       0.000000       0.000000        35      34.0      35.0       0.543774   180.000    45.000    90.000    0     119.852669       0.015710
     30.00      0.00      20.000000       0.000000       0.000000        35      34.0      35.0       0.543774   180.000    45.000    90.000    0     119.836601       0.015150
     30.00      5.00      15.332100       0.000000       0.000000        35      34.0      35.0       0.543774   180.000    45.000    90.000    0     119.820518       0.014580
     30.00     10.00      10.664200       0.000000       0.000000        35      34.0      35.0       0.543774   180.000    45.000    90.000    0     119.804428       0.014020
     30.00     15.00       5.996290       0.000000       0.000000        35      34.0      35.0       0.543774   180.000    45.000    90.000    0     119.788338       0.013450
     30.00     20.00       1.328390       0.000000       0.000000        35      34.0      35.0       0.543774   180.000    45.000    90.000    0     119.772263       0.012890
     35.00     -5.00      24.667900       0.000000       0.000000        35      34.0      35.0       0.543774   180.000    45.000    90.000    0     119.851097       0.060900
     35.00      0.00      20.000000       0.000000       0.000000        35      34.0      35.0       0.543774   180.000    45.000    90.000    0     119.835037       0.060340
     35.00      5.00      15.332100       0.000000       0.000000        35      34.0      35.0       0.543774   180.000    45.000    90.000    0     119.818947       0.059770
     35.00     10.00      10.664200       0.000000       0.000000        35      34.0      35.0       0.543774   180.000    45.000    90.000    0     119.802856       0.059210
     35.00     15.00       5.996290       0.000000       0.000000        35      34.0      35.0       0.543774   180.000    45.000    90.000    0     119.786781       0.058640
     35.00     20.00       1.328390       0.000000       0.000000        35      34.0      35.0       0.543774   180.000    45.000    90.000    0     119.770691       0.058080
     40.00     -5.00      24.667900       0.000000       0.000000        35      34.0      35.0       0.543774   180.000    45.000    90.000    0     119.849533       0.106090
     40.00      0.00      20.000000       0.000000       0.000000        35      34.0      35.0       0.543774   180.000    45.000    90.000    0     119.833473       0.105530
     40.00      5.00      15.332100       0.000000       0.000000        35      34.0      35.0       0.543774   180.000    45.000    90.000    0     119.817390       0.104960
     40.00     10.00      10.664200       0.000000       0.000000        35      34.0      35.0       0.543774   180.000    45.000    90.000    0     119.801300       0.104400
     40.00     15.00       5.996290       0.000000       0.000000        35      34.0      35.0       0.543774   180.000    45.000    90.000    0     119.785210       0.103830
     40.00     20.00       1.328390       0.000000       0.000000        35      34.0      35.0       0.543774   180.000    45.000    90.000    0     119.769127       0.103270
     45.00     -5.00      24.667900       0.000000       0.000000        35      34.0      35.0       0.543774   180.000    45.000    90.000    0     119.847961       0.151280
     45.00      0.00      20.000000       0.000000       0.000000        35      34.0      35.0       0.543774   180.000    45.000    90.000    0     119.831909       0.150720
     45.00      5.00      15.332100       0.000000       0.000000        35      34.0      35.0       0.543774   180.000    45.000    90.000    0     119.815819       0.150150
     45.00     10.00      10.664200       0.000000       0.000000        35      34.0      35.0       0.543774   180.000    45.000    90.000    0     119.799728       0.149590
     45.00     15.00       5.996290       0.000000       0.000000        35      34.0      35.0       0.543774   180.000    45.000    90.000    0     119.783653       0.149020
     45.00     20.00       1.328390       0.000000       0.000000        35      34.0      35.0       0.543774   180.000    45.000    90.000    0     119.767563       0.148460
     50.00     -5.00      24.667900       0.000000       0.000000        35      34.0      35.0       0.543774   180.000    45.000    90.000    0     119.846390       0.196470
     50.00      0.00      20.000000       0.000000       0.000000        35      34.0      35.0       0.543774   180.000    45.000    90.000    0     119.830338       0.195910
     50.00      5.00      15.332100       0.000000       0.000000        35      34.0      35.0       0.543774   180.000    45.000    90.000    0     119.814247       0.195340
     50.00     10.00      10.664200       0.000000       0.000000        35      34.0      35.0       0.543774   180.000    45.000    90.000    0     119.798172       0.194780
     50.00     15.00       5.996290       0.000000       0.000000        35      34.0      35.0       0.543774   180.000    45.000    90.000    0     119.782082       0.194210
     50.00     20.00       1.328390       0.000000       0.000000        35      34.0      35.0       0.543774   180.000    45.000    90.000    0     119.765991       0.193650
