      xloc      yloc          depth         ave SR         max SR         #     start       end     max SR all       str       dip      rake flag
   -185.00     -5.00      24.667900       0.000000       0.000000        14      13.0      14.0       0.543774   180.000    45.000    90.000    0     119.920059      -1.927490
   -185.00      0.00      20.000000       0.000000       0.000000        14      13.0      14.0       0.543774   180.000    45.000    90.000    0     119.903961      -1.928060
   -185.00      5.00      15.332100       0.000000       0.000000        14      13.0      14.0       0.543774   180.000    45.000    90.000    0     119.887871      -1.928620
   -185.00     10.00      10.664200       0.000000       0.000000        14      13.0      14.0       0.543774   180.000    45.000    90.000    0     119.871780      -1.929190
   -185.00     15.00       5.996290       0.000000       0.000000        14      13.0      14.0       0.543774   180.000    45.000    90.000    0     119.855682      -1.929750
   -185.00     20.00       1.328390       0.000000       0.000000        14      13.0      14.0       0.543774   180.000    45.000    90.000    0     119.839706      -1.930320
   -180.00     -5.00      24.667900       0.000000       0.000000        14      13.0      14.0       0.543774   180.000    45.000    90.000    0     119.918488      -1.882300
   -180.00      0.00      20.000000       0.000000       0.000000        14      13.0      14.0       0.543774   180.000    45.000    90.000    0     119.902397      -1.882870
   -180.00      5.00      15.332100       0.000000       0.000000        14      13.0      14.0       0.543774   180.000    45.000    90.000    0     119.886299      -1.883430
   -180.00     10.00      10.664200       0.000000       0.000000        14      13.0      14.0       0.543774   180.000    45.000    90.000    0     119.870209      -1.884000
   -180.00     15.00       5.996290       0.000000       0.000000        14      13.0      14.0       0.543774   180.000    45.000    90.000    0     119.854118      -1.884560
   -180.00     20.00       1.328390       0.000000       0.000000        14      13.0      14.0       0.543774   180.000    45.000    90.000    0     119.838142      -1.885130
   -175.00     -5.00      24.667900       0.000000       0.000000        14      13.0      14.0       0.543774   180.000    45.000    90.000    0     119.916924      -1.837110
   -175.00      0.00      20.000000       0.000000       0.000000        14      13.0      14.0       0.543774   180.000    45.000    90.000    0     119.900833      -1.837680
   -175.00      5.00      15.332100       0.000000       0.000000        14      13.0      14.0       0.543774   180.000    45.000    90.000    0     119.884743      -1.838240
   -175.00     10.00      10.664200       0.000000       0.000000        14      13.0      14.0       0.543774   180.000    45.000    90.000    0     119.868637      -1.838810
   -175.00     15.00       5.996290       0.000000       0.000000        14      13.0      14.0       0.543774   180.000    45.000    90.000    0     119.852547      -1.839370
   -175.00     20.00       1.328390       0.000000       0.000000        14      13.0      14.0       0.543774   180.000    45.000    90.000    0     119.836571      -1.839940
   -170.00     -5.00      24.667900       0.000000       0.000000        14      13.0      14.0       0.543774   180.000    45.000    90.000    0     119.915352      -1.791920
   -170.00      0.00      20.000000       0.000000       0.000000        14      13.0      14.0       0.543774   180.000    45.000    90.000    0     119.899261      -1.792490
   -170.00      5.00      15.332100       0.000000       0.000000        14      13.0      14.0       0.543774   180.000    45.000    90.000    0     119.883171      -1.793050
   -170.00     10.00      10.664200       0.000000       0.000000        14      13.0      14.0       0.543774   180.000    45.000    90.000    0     119.867081      -1.793620
   -170.00     15.00       5.996290       0.000000       0.000000        14      13.0      14.0       0.543774   180.000    45.000    90.000    0     119.850983      -1.794180
   -170.00     20.00       1.328390       0.000000       0.000000        14      13.0      14.0       0.543774   180.000    45.000    90.000    0     119.834999      -1.794750
   -165.00     -5.00      24.667900       0.000000       0.000000        14      13.0      14.0       0.543774   180.000    45.000    90.000    0     119.913788      -1.746730
   -165.00      0.00      20.000000       0.000000       0.000000        14      13.0      14.0       0.543774   180.000    45.000    90.000    0     119.897690      -1.747300
   -165.00      5.00      15.332100       0.000000       0.000000        14      13.0      14.0       0.543774   180.000    45.000    90.000    0     119.881599      -1.747860
   -165.00     10.00      10.664200       0.000000       0.000000        14      13.0      14.0       0.543774   180.000    45.000    90.000    0     119.865509      -1.748430
   -165.00     15.00       5.996290       0.000000       0.000000        14      13.0      14.0       0.543774   180.000    45.000    90.000    0     119.849419      -1.748990
   -165.00     20.00       1.328390       0.000000       0.000000        14      13.0      14.0       0.543774   180.000    45.000    90.000    0     119.833427      -1.749560
   -160.00     -5.00      24.667900       0.000000       0.000000        14      13.0      14.0       0.543774   180.000    45.000    90.000    0     119.912216      -1.701540
   -160.00      0.00      20.000000       0.000000       0.000000        14      13.0      14.0       0.543774   180.000    45.000    90.000    0     119.896133      -1.702110
   -160.00      5.00      15.332100       0.000000       0.000000        14      13.0      14.0       0.543774   180.000    45.000    90.000    0     119.880028      -1.702670
   -160.00     10.00      10.664200       0.000000       0.000000        14      13.0      14.0       0.543774   180.000    45.000    90.000    0     119.863937      -1.703240
   -160.00     15.00       5.996290       0.000000       0.000000        14      13.0      14.0       0.543774   180.000    45.000    90.000    0     119.847847      -1.703800
   -160.00     20.00       1.328390       0.000000       0.000000        14      13.0      14.0       0.543774   180.000    45.000    90.000    0     119.831863      -1.704370
   -155.00     -5.00      24.667900       0.000000       0.000000        14      13.0      14.0       0.543774   180.000    45.000    90.000    0     119.910652      -1.656350
   -155.00      0.00      20.000000       0.000000       0.000000        14      13.0      14.0       0.543774   180.000    45.000    90.000    0     119.894562      -1.656920
   -155.00      5.00      15.332100       0.000000       0.000000        14      13.0      14.0       0.543774   180.000    45.000    90.000    0     119.878471      -1.657480
   -155.00     10.00      10.664200       0.000000       0.000000        14      13.0      14.0       0.543774   180.000    45.000    90.000    0     119.862373      -1.658050
   -155.00     15.00       5.996290       0.000000       0.000000        14      13.0      14.0       0.543774   180.000    45.000    90.000    0     119.846283      -1.658610
   -155.00     20.00       1.328390       0.000000       0.000000        14      13.0      14.0       0.543774   180.000    45.000    90.000    0     119.830292      -1.659180
   -150.00     -5.00      24.667900       0.000000       0.000000        14      13.0      14.0       0.543774   180.000    45.000    90.000    0     119.909081      -1.611160
   -150.00      0.00      20.000000       0.000000       0.000000        14      13.0      14.0       0.543774   180.000    45.000    90.000    0     119.892990      -1.611730
   -150.00      5.00      15.332100       0.000000       0.000000        14      13.0      14.0       0.543774   180.000    45.000    90.000    0     119.876900      -1.612290
   -150.00     10.00      10.664200       0.000000       0.000000        14      13.0      14.0       0.543774   180.000    45.000    90.000    0     119.860809      -1.612860
   -150.00     15.00       5.996290       0.000000       0.000000        14      13.0      14.0       0.543774   180.000    45.000    90.000    0     119.844818      -1.613420
   -150.00     20.00       1.328390       0.000000       0.000000        14      13.0      14.0       0.543774   180.000    45.000    90.000    0     119.828720      -1.613990
   -145.00     -5.00      24.667900       0.000000       0.000000        14      13.0      14.0       0.543774   180.000    45.000    90.000    0     119.907516      -1.565970
   -145.00      0.00      20.000000       0.000000       0.000000        14      13.0      14.0       0.543774   180.000    45.000    90.000    0     119.891418      -1.566530
   -145.00      5.00      15.332100       0.000000       0.000000        14      13.0      14.0       0.543774   180.000    45.000    90.000    0     119.875328      -1.567100
   -145.00     10.00      10.664200       0.000000       0.000000        14      13.0      14.0       0.543774   180.000    45.000    90.000    0     119.859238      -1.567660
   -145.00     15.00       5.996290       0.000000       0.000000        14      13.0      14.0       0.543774   180.000    45.000    90.000    0     119.843246      -1.568230
   -145.00     20.00       1.328390       0.000000       0.000000        14      13.0      14.0       0.543774   180.000    45.000    90.000    0     119.827148      -1.568800
   -140.00     -5.00      24.667900       0.000000       0.000000        14      13.0      14.0       0.543774   180.000    45.000    90.000    0     119.905952      -1.520780
   -140.00      0.00      20.000000       0.000000       0.000000        14      13.0      14.0       0.543774   180.000    45.000    90.000    0     119.889862      -1.521340
   -140.00      5.00      15.332100       0.000000       0.000000        14      13.0      14.0       0.543774   180.000    45.000    90.000    0     119.873772      -1.521910
   -140.00     10.00      10.664200       0.000000       0.000000        14      13.0      14.0       0.543774   180.000    45.000    90.000    0     119.857681      -1.522470
   -140.00     15.00       5.996290       0.000000       0.000000        14      13.0      14.0       0.543774   180.000    45.000    90.000    0     119.841682      -1.523040
   -140.00     20.00       1.328390       0.000000       0.000000        14      13.0      14.0       0.543774   180.000    45.000    90.000    0     119.825577      -1.523610
   -135.00     -5.00      24.667900       0.000000       0.000000        14      13.0      14.0       0.543774   180.000    45.000    90.000    0     119.904381      -1.475590
   -135.00      0.00      20.000000       0.000000       0.000000        14      13.0      14.0       0.543774   180.000    45.000    90.000    0     119.888290      -1.476150
   -135.00      5.00      15.332100       0.000000       0.000000        14      13.0      14.0       0.543774   180.000    45.000    90.000    0     119.872200      -1.476720
   -135.00     10.00      10.664200       0.000000       0.000000        14      13.0      14.0       0.543774   180.000    45.000    90.000    0     119.856110      -1.477280
   -135.00     15.00       5.996290       0.000000       0.000000        14      13.0      14.0       0.543774   180.000    45.000    90.000    0     119.840111      -1.477850
   -135.00     20.00       1.328390       0.000000       0.000000        14      13.0      14.0       0.543774   180.000    45.000    90.000    0     119.824020      -1.478410
   -130.00     -5.00      24.667900       0.000000       0.000000        14      13.0      14.0       0.543774   180.000    45.000    90.000    0     119.902809      -1.430400
   -130.00      0.00      20.000000       0.000000       0.000000        14      13.0      14.0       0.543774   180.000    45.000    90.000    0     119.886719      -1.430960
   -130.00      5.00      15.332100       0.000000       0.000000        14      13.0      14.0       0.543774   180.000    45.000    90.000    0     119.870628      -1.431530
   -130.00     10.00      10.664200       0.000000       0.000000        14      13.0      14.0       0.543774   180.000    45.000    90.000    0     119.854538      -1.432090
   -130.00     15.00       5.996290       0.000000       0.000000        14      13.0      14.0       0.543774   180.000    45.000    90.000    0     119.838539      -1.432660
   -130.00     20.00       1.328390       0.000000       0.000000        14      13.0      14.0       0.543774   180.000    45.000    90.000    0     119.822449      -1.433220
   -125.00     -5.00      24.667900       0.000000       0.000000        14      13.0      14.0       0.543774   180.000    45.000    90.000    0     119.901253      -1.385210
   -125.00      0.00      20.000000       0.000000       0.000000        14      13.0      14.0       0.543774   180.000    45.000    90.000    0     119.885162      -1.385770
   -125.00      5.00      15.332100       0.000000       0.000000        14      13.0      14.0       0.543774   180.000    45.000    90.000    0     119.869072      -1.386340
   -125.00     10.00      10.664200       0.000000       0.000000        14      13.0      14.0       0.543774   180.000    45.000    90.000    0     119.852982      -1.386900
   -125.00     15.00       5.996290       0.000000       0.000000        14      13.0      14.0       0.543774   180.000    45.000    90.000    0     119.836967      -1.387470
   -125.00     20.00       1.328390       0.000000       0.000000        14      13.0      14.0       0.543774   180.000    45.000    90.000    0     119.820877      -1.388030
   -120.00     -5.00      24.667900       0.000000       0.000000        14      13.0      14.0       0.543774   180.000    45.000    90.000    0     119.899681      -1.340020
   -120.00      0.00      20.000000       0.000000       0.000000        14      13.0      14.0       0.543774   180.000    45.000    90.000    0     119.883591      -1.340580
   -120.00      5.00      15.332100       0.000000       0.000000        14      13.0      14.0       0.543774   180.000    45.000    90.000    0     119.867500      -1.341150
   -120.00     10.00      10.664200       0.000000       0.000000        14      13.0      14.0       0.543774   180.000    45.000    90.000    0     119.851410      -1.341710
   -120.00     15.00       5.996290       0.000000       0.000000        14      13.0      14.0       0.543774   180.000    45.000    90.000    0     119.835403      -1.342280
   -120.00     20.00       1.328390       0.000000       0.000000        14      13.0      14.0       0.543774   180.000    45.000    90.000    0     119.819313      -1.342840
   -115.00     -5.00      24.667900       0.000000       0.000000        14      13.0      14.0       0.543774   180.000    45.000    90.000    0     119.898109      -1.294830
   -115.00      0.00      20.000000       0.000000       0.000000        14      13.0      14.0       0.543774   180.000    45.000    90.000    0     119.882019      -1.295390
   -115.00      5.00      15.332100       0.000000       0.000000        14      13.0      14.0       0.543774   180.000    45.000    90.000    0     119.865929      -1.295960
   -115.00     10.00      10.664200       0.000000       0.000000        14      13.0      14.0       0.543774   180.000    45.000    90.000    0     119.849838      -1.296520
   -115.00     15.00       5.996290       0.000000       0.000000        14      13.0      14.0       0.543774   180.000    45.000    90.000    0     119.833832      -1.297090
   -115.00     20.00       1.328390       0.000000       0.000000        14      13.0      14.0       0.543774   180.000    45.000    90.000    0     119.817741      -1.297650
   -110.00     -5.00      24.667900       0.000000       0.000000        14      13.0      14.0       0.543774   180.000    45.000    90.000    0     119.896553      -1.249630
   -110.00      0.00      20.000000       0.000000       0.000000        14      13.0      14.0       0.543774   180.000    45.000    90.000    0     119.880463      -1.250200
   -110.00      5.00      15.332100       0.000000       0.000000        14      13.0      14.0       0.543774   180.000    45.000    90.000    0     119.864372      -1.250760
   -110.00     10.00      10.664200       0.000000       0.000000        14      13.0      14.0       0.543774   180.000    45.000    90.000    0     119.848282      -1.251330
   -110.00     15.00       5.996290       0.000000       0.000000        14      13.0      14.0       0.543774   180.000    45.000    90.000    0     119.832260      -1.251900
   -110.00     20.00       1.328390       0.000000       0.000000        14      13.0      14.0       0.543774   180.000    45.000    90.000    0     119.816170      -1.252460
   -105.00     -5.00      24.667900       0.000000       0.000000        14      13.0      14.0       0.543774   180.000    45.000    90.000    0     119.894981      -1.204440
   -105.00      0.00      20.000000       0.000000       0.000000        14      13.0      14.0       0.543774   180.000    45.000    90.000    0     119.878891      -1.205010
   -105.00      5.00      15.332100       0.000000       0.000000        14      13.0      14.0       0.543774   180.000    45.000    90.000    0     119.862801      -1.205570
   -105.00     10.00      10.664200       0.000000       0.000000        14      13.0      14.0       0.543774   180.000    45.000    90.000    0     119.846710      -1.206140
   -105.00     15.00       5.996290       0.000000       0.000000        14      13.0      14.0       0.543774   180.000    45.000    90.000    0     119.830688      -1.206700
   -105.00     20.00       1.328390       0.000000       0.000000        14      13.0      14.0       0.543774   180.000    45.000    90.000    0     119.814598      -1.207270
   -100.00     -5.00      24.667900       0.000000       0.000000        14      13.0      14.0       0.543774   180.000    45.000    90.000    0     119.893410      -1.159250
   -100.00      0.00      20.000000       0.000000       0.000000        14      13.0      14.0       0.543774   180.000    45.000    90.000    0     119.877319      -1.159820
   -100.00      5.00      15.332100       0.000000       0.000000        14      13.0      14.0       0.543774   180.000    45.000    90.000    0     119.861229      -1.160380
   -100.00     10.00      10.664200       0.000000       0.000000        14      13.0      14.0       0.543774   180.000    45.000    90.000    0     119.845207      -1.160950
   -100.00     15.00       5.996290       0.000000       0.000000        14      13.0      14.0       0.543774   180.000    45.000    90.000    0     119.829117      -1.161510
   -100.00     20.00       1.328390       0.000000       0.000000        14      13.0      14.0       0.543774   180.000    45.000    90.000    0     119.813026      -1.162080
    -95.00     -5.00      24.667900       0.000000       0.000000        14      13.0      14.0       0.543774   180.000    45.000    90.000    0     119.891853      -1.114060
    -95.00      0.00      20.000000       0.000000       0.000000        14      13.0      14.0       0.543774   180.000    45.000    90.000    0     119.875763      -1.114630
    -95.00      5.00      15.332100       0.000000       0.000000        14      13.0      14.0       0.543774   180.000    45.000    90.000    0     119.859673      -1.115190
    -95.00     10.00      10.664200       0.000000       0.000000        14      13.0      14.0       0.543774   180.000    45.000    90.000    0     119.843643      -1.115760
    -95.00     15.00       5.996290       0.000000       0.000000        14      13.0      14.0       0.543774   180.000    45.000    90.000    0     119.827553      -1.116320
    -95.00     20.00       1.328390       0.000000       0.000000        14      13.0      14.0       0.543774   180.000    45.000    90.000    0     119.811462      -1.116890
    -90.00     -5.00      24.667900       0.000000       0.000000        14      13.0      14.0       0.543774   180.000    45.000    90.000    0     119.890282      -1.068870
    -90.00      0.00      20.000000       0.000000       0.000000        14      13.0      14.0       0.543774   180.000    45.000    90.000    0     119.874191      -1.069440
    -90.00      5.00      15.332100       0.000000       0.000000        14      13.0      14.0       0.543774   180.000    45.000    90.000    0     119.858101      -1.070000
    -90.00     10.00      10.664200       0.000000       0.000000        14      13.0      14.0       0.543774   180.000    45.000    90.000    0     119.842072      -1.070570
    -90.00     15.00       5.996290       0.000000       0.000000        14      13.0      14.0       0.543774   180.000    45.000    90.000    0     119.825981      -1.071130
    -90.00     20.00       1.328390       0.000000       0.000000        14      13.0      14.0       0.543774   180.000    45.000    90.000    0     119.809891      -1.071700
    -85.00     -5.00      24.667900       0.000000       0.000000        14      13.0      14.0       0.543774   180.000    45.000    90.000    0     119.888710      -1.023680
    -85.00      0.00      20.000000       0.000000       0.000000        14      13.0      14.0       0.543774   180.000    45.000    90.000    0     119.872620      -1.024250
    -85.00      5.00      15.332100       0.000000       0.000000        14      13.0      14.0       0.543774   180.000    45.000    90.000    0     119.856537      -1.024810
    -85.00     10.00      10.664200       0.000000       0.000000        14      13.0      14.0       0.543774   180.000    45.000    90.000    0     119.840500      -1.025380
    -85.00     15.00       5.996290       0.000000       0.000000        14      13.0      14.0       0.543774   180.000    45.000    90.000    0     119.824409      -1.025940
    -85.00     20.00       1.328390       0.000000       0.000000        14      13.0      14.0       0.543774   180.000    45.000    90.000    0     119.808319      -1.026510
    -80.00     -5.00      24.667900       0.000000       0.000000        14      13.0      14.0       0.543774   180.000    45.000    90.000    0     119.887154      -0.978490
    -80.00      0.00      20.000000       0.000000       0.000000        14      13.0      14.0       0.543774   180.000    45.000    90.000    0     119.871063      -0.979050
    -80.00      5.00      15.332100       0.000000       0.000000        14      13.0      14.0       0.543774   180.000    45.000    90.000    0     119.854973      -0.979620
    -80.00     10.00      10.664200       0.000000       0.000000        14      13.0      14.0       0.543774   180.000    45.000    90.000    0     119.838928      -0.980190
    -80.00     15.00       5.996290       0.000000       0.000000        14      13.0      14.0       0.543774   180.000    45.000    90.000    0     119.822838      -0.980750
    -80.00     20.00       1.328390       0.000000       0.000000        14      13.0      14.0       0.543774   180.000    45.000    90.000    0     119.806763      -0.981320
    -75.00     -5.00      24.667900       0.000000       0.000000        14      13.0      14.0       0.543774   180.000    45.000    90.000    0     119.885582      -0.933300
    -75.00      0.00      20.000000       0.000000       0.000000        14      13.0      14.0       0.543774   180.000    45.000    90.000    0     119.869492      -0.933860
    -75.00      5.00      15.332100       0.000000       0.000000        14      13.0      14.0       0.543774   180.000    45.000    90.000    0     119.853401      -0.934430
    -75.00     10.00      10.664200       0.000000       0.000000        14      13.0      14.0       0.543774   180.000    45.000    90.000    0     119.837357      -0.934990
    -75.00     15.00       5.996290       0.000000       0.000000        14      13.0      14.0       0.543774   180.000    45.000    90.000    0     119.821274      -0.935560
    -75.00     20.00       1.328390       0.000000       0.000000        14      13.0      14.0       0.543774   180.000    45.000    90.000    0     119.805191      -0.936130
    -70.00     -5.00      24.667900       0.053595       0.053595        14      13.0      14.0       0.543774    21.220     4.610    44.460    0     119.884010      -0.888110
    -70.00      0.00      20.000000       0.094136       0.094136        14      13.0      14.0       0.543774   191.610    77.350    77.670    0     119.867928      -0.888670
    -70.00      5.00      15.332100       0.070452       0.070452        14      13.0      14.0       0.543774   315.510    58.620   -60.470    0     119.851837      -0.889240
    -70.00     10.00      10.664200       0.115961       0.115961        14      13.0      14.0       0.543774   332.420    30.820   -19.420    0     119.835793      -0.889800
    -70.00     15.00       5.996290       0.065227       0.065227        14      13.0      14.0       0.543774   352.280    65.470    36.550    0     119.819710      -0.890370
    -70.00     20.00       1.328390       0.060409       0.060409        14      13.0      14.0       0.543774   341.010    49.810   -11.830    0     119.803619      -0.890940
    -65.00     -5.00      24.667900       0.039838       0.039838        14      13.0      14.0       0.543774     0.190    86.700    45.240    0     119.882446      -0.842920
    -65.00      0.00      20.000000       0.061011       0.061011        14      13.0      14.0       0.543774   183.900    89.260    44.120    0     119.866364      -0.843480
    -65.00      5.00      15.332100       0.168611       0.168611        14      13.0      14.0       0.543774   334.400    72.530   -43.020    0     119.850273      -0.844050
    -65.00     10.00      10.664200       0.226241       0.226241        14      13.0      14.0       0.543774   328.000    61.080   -33.070    0     119.834221      -0.844610
    -65.00     15.00       5.996290       0.176408       0.176408        14      13.0      14.0       0.543774   335.600    55.800   -15.240    0     119.818138      -0.845180
    -65.00     20.00       1.328390       0.171162       0.171162        14      13.0      14.0       0.543774   335.540    52.100   -19.990    0     119.802048      -0.845750
    -60.00     -5.00      24.667900       0.063134       0.063134        14      13.0      14.0       0.543774   180.330    86.760    -8.700    0     119.880882      -0.797730
    -60.00      0.00      20.000000       0.098857       0.098857        14      13.0      14.0       0.543774   351.930    76.590   -23.950    0     119.864792      -0.798290
    -60.00      5.00      15.332100       0.215581       0.215581        14      13.0      14.0       0.543774   334.320    68.350   -38.200    0     119.848701      -0.798860
    -60.00     10.00      10.664200       0.282243       0.282243        14      13.0      14.0       0.543774   329.830    62.150   -33.200    0     119.832657      -0.799420
    -60.00     15.00       5.996290       0.272250       0.272250        14      13.0      14.0       0.543774   331.010    55.190   -27.120    0     119.816566      -0.799990
    -60.00     20.00       1.328390       0.262445       0.262445        14      13.0      14.0       0.543774   333.180    54.830   -25.810    0     119.800484      -0.800550
    -55.00     -5.00      24.667900       0.090807       0.090807        14      13.0      14.0       0.543774   359.100    89.850    -8.220    0     119.879311      -0.752540
    -55.00      0.00      20.000000       0.140053       0.140053        14      13.0      14.0       0.543774   348.600    75.970   -25.250    0     119.863228      -0.753100
    -55.00      5.00      15.332100       0.248852       0.248852        14      13.0      14.0       0.543774   333.570    63.640   -33.370    0     119.847137      -0.753670
    -55.00     10.00      10.664200       0.314708       0.314708        14      13.0      14.0       0.543774   331.720    60.630   -28.700    0     119.831093      -0.754230
    -55.00     15.00       5.996290       0.325863       0.325863        14      13.0      14.0       0.543774   332.650    57.360   -25.260    0     119.815002      -0.754800
    -55.00     20.00       1.328390       0.325116       0.325116        14      13.0      14.0       0.543774   333.770    56.090   -25.190    0     119.798912      -0.755360
    -50.00     -5.00      24.667900       0.104778       0.104778        14      13.0      14.0       0.543774   358.040    85.550   -14.020    0     119.877747      -0.707340
    -50.00      0.00      20.000000       0.171359       0.171359        14      13.0      14.0       0.543774   345.840    75.430   -25.130    0     119.861656      -0.707910
    -50.00      5.00      15.332100       0.263111       0.263111        14      13.0      14.0       0.543774   334.000    62.870   -28.440    0     119.845612      -0.708470
    -50.00     10.00      10.664200       0.332638       0.332638        14      13.0      14.0       0.543774   333.860    60.660   -22.880    0     119.829521      -0.709040
    -50.00     15.00       5.996290       0.359304       0.359304        14      13.0      14.0       0.543774   334.440    58.440   -21.910    0     119.813431      -0.709610
    -50.00     20.00       1.328390       0.362723       0.362723        14      13.0      14.0       0.543774   335.180    57.780   -22.340    0     119.797340      -0.710170
    -45.00     -5.00      24.667900       0.095680       0.095680        14      13.0      14.0       0.543774   358.300    89.940    -8.510    0     119.876183      -0.662150
    -45.00      0.00      20.000000       0.189449       0.189449        14      13.0      14.0       0.543774   342.810    72.130   -24.580    0     119.860092      -0.662720
    -45.00      5.00      15.332100       0.279764       0.279764        14      13.0      14.0       0.543774   334.360    60.680   -23.750    0     119.844040      -0.663280
    -45.00     10.00      10.664200       0.340453       0.340453        14      13.0      14.0       0.543774   335.270    61.060   -18.420    0     119.827950      -0.663850
    -45.00     15.00       5.996290       0.365586       0.365586        14      13.0      14.0       0.543774   336.980    62.840   -16.320    0     119.811859      -0.664420
    -45.00     20.00       1.328390       0.375876       0.375876        14      13.0      14.0       0.543774   336.950    60.840   -18.350    0     119.795769      -0.664980
    -40.00     -5.00      24.667900       0.079401       0.079401        14      13.0      14.0       0.543774   357.460    86.510    -1.760    0     119.874619      -0.616960
    -40.00      0.00      20.000000       0.181201       0.181201        14      13.0      14.0       0.543774   342.670    73.350   -19.660    0     119.858528      -0.617530
    -40.00      5.00      15.332100       0.284498       0.284498        14      13.0      14.0       0.543774   335.220    60.350   -19.980    0     119.842468      -0.618090
    -40.00     10.00      10.664200       0.331463       0.331463        14      13.0      14.0       0.543774   336.840    63.750   -13.430    0     119.826378      -0.618660
    -40.00     15.00       5.996290       0.363312       0.363312        14      13.0      14.0       0.543774   338.310    66.030   -12.310    0     119.810287      -0.619220
    -40.00     20.00       1.328390       0.370338       0.370338        14      13.0      14.0       0.543774   338.620    64.570   -14.040    0     119.794197      -0.619790
    -35.00     -5.00      24.667900       0.063238       0.063238        14      13.0      14.0       0.543774   356.760    79.720     2.780    0     119.873047      -0.571770
    -35.00      0.00      20.000000       0.156056       0.156056        14      13.0      14.0       0.543774   342.990    76.250   -13.400    0     119.856956      -0.572340
    -35.00      5.00      15.332100       0.272265       0.272265        14      13.0      14.0       0.543774   335.690    60.770   -17.290    0     119.840897      -0.572900
    -35.00     10.00      10.664200       0.310896       0.310896        14      13.0      14.0       0.543774   337.820    66.620   -10.000    0     119.824806      -0.573470
    -35.00     15.00       5.996290       0.343348       0.343348        14      13.0      14.0       0.543774   339.510    71.790    -6.240    0     119.808723      -0.574030
    -35.00     20.00       1.328390       0.349669       0.349669        14      13.0      14.0       0.543774   340.130    68.990    -9.230    0     119.792633      -0.574600
    -30.00     -5.00      24.667900       0.048673       0.048673        14      13.0      14.0       0.543774   357.330    66.160    10.600    0     119.871483      -0.526580
    -30.00      0.00      20.000000       0.131984       0.131984        14      13.0      14.0       0.543774   341.710    72.850    -8.730    0     119.855400      -0.527150
    -30.00      5.00      15.332100       0.242814       0.242814        14      13.0      14.0       0.543774   336.810    62.270   -14.100    0     119.839333      -0.527710
    -30.00     10.00      10.664200       0.285298       0.285298        14      13.0      14.0       0.543774   338.830    66.890    -8.590    0     119.823242      -0.528280
    -30.00     15.00       5.996290       0.312751       0.312751        14      13.0      14.0       0.543774   340.300    72.620    -3.440    0     119.807152      -0.528840
    -30.00     20.00       1.328390       0.317964       0.317964        14      13.0      14.0       0.543774   341.620    73.200    -3.930    0     119.791069      -0.529410
    -25.00     -5.00      24.667900       0.043515       0.043515        14      13.0      14.0       0.543774     7.990    42.670    20.390    0     119.869919      -0.481390
    -25.00      0.00      20.000000       0.104754       0.104754        14      13.0      14.0       0.543774   341.990    66.740     1.980    0     119.853828      -0.481950
    -25.00      5.00      15.332100       0.198957       0.198957        14      13.0      14.0       0.543774   338.540    65.210   -10.420    0     119.837761      -0.482520
    -25.00     10.00      10.664200       0.252000       0.252000        14      13.0      14.0       0.543774   340.210    67.850    -6.840    0     119.821671      -0.483090
    -25.00     15.00       5.996290       0.267029       0.267029        14      13.0      14.0       0.543774   340.680    86.620    11.310    0     119.805580      -0.483650
    -25.00     20.00       1.328390       0.277708       0.277708        14      13.0      14.0       0.543774   342.610    82.740     6.650    0     119.789497      -0.484220
    -20.00     -5.00      24.667900       0.044300       0.044300        14      13.0      14.0       0.543774    59.440    20.760    39.810    1     119.868347      -0.436200
    -20.00      0.00      20.000000       0.080155       0.080155        14      13.0      14.0       0.543774   346.680    57.350    16.900    0     119.852257      -0.436760
    -20.00      5.00      15.332100       0.145317       0.145317        14      13.0      14.0       0.543774   341.450    73.570    -3.120    0     119.836189      -0.437330
    -20.00     10.00      10.664200       0.205776       0.205776        14      13.0      14.0       0.543774   342.370    73.220    -1.310    0     119.820099      -0.437900
    -20.00     15.00       5.996290       0.232205       0.232205        14      13.0      14.0       0.543774   131.930    58.040   -68.990    1     119.804008      -0.438460
    -20.00     20.00       1.328390       0.250028       0.250028        14      13.0      14.0       0.543774   126.700    56.640   -78.360    1     119.787933      -0.439030
    -15.00     -5.00      24.667900       0.059271       0.059271        14      13.0      14.0       0.543774   316.440    77.870   106.840    0     119.866791      -0.391010
    -15.00      0.00      20.000000       0.065312       0.065312        14      13.0      14.0       0.543774     4.370    47.460    31.950    0     119.850700      -0.391570
    -15.00      5.00      15.332100       0.106301       0.106301        14      13.0      14.0       0.543774   345.570    79.120    12.000    0     119.834618      -0.392140
    -15.00     10.00      10.664200       0.158382       0.158382        14      13.0      14.0       0.543774   159.990    83.490   -24.490    0     119.818527      -0.392700
    -15.00     15.00       5.996290       0.213969       0.213969        14      13.0      14.0       0.543774   123.530    56.950   -82.840    1     119.802452      -0.393270
    -15.00     20.00       1.328390       0.228174       0.228174        14      13.0      14.0       0.543774   122.610    57.910   -86.230    1     119.786362      -0.393840
    -10.00     -5.00      24.667900       0.085621       0.085621        14      13.0      14.0       0.543774   330.660    82.420   108.380    0     119.865219      -0.345820
    -10.00      0.00      20.000000       0.080368       0.080368        14      13.0      14.0       0.543774    72.700    12.770    38.550    1     119.849129      -0.346380
    -10.00      5.00      15.332100       0.080612       0.080612        14      13.0      14.0       0.543774   351.950    79.150    33.630    0     119.833054      -0.346950
    -10.00     10.00      10.664200       0.121570       0.121570        14      13.0      14.0       0.543774   144.540    66.890   -62.420    0     119.816963      -0.347510
    -10.00     15.00       5.996290       0.179966       0.179966        14      13.0      14.0       0.543774   126.300    59.090   -84.060    1     119.800880      -0.348080
    -10.00     20.00       1.328390       0.205202       0.205202        14      13.0      14.0       0.543774   121.060    60.300   -91.200    1     119.784790      -0.348650
     -5.00     -5.00      24.667900       0.117678       0.117678        14      13.0      14.0       0.543774   327.690    83.000   100.420    0     119.863647      -0.300630
     -5.00      0.00      20.000000       0.127299       0.127299        14      13.0      14.0       0.543774    74.270    17.590    39.810    1     119.847572      -0.301190
     -5.00      5.00      15.332100       0.071973       0.071973        14      13.0      14.0       0.543774   335.110    87.360    79.190    0     119.831482      -0.301760
     -5.00     10.00      10.664200       0.098198       0.098198        14      13.0      14.0       0.543774   134.070    71.270   -88.200    0     119.815399      -0.302320
     -5.00     15.00       5.996290       0.151635       0.151635        14      13.0      14.0       0.543774   126.020    62.470   -89.900    1     119.799309      -0.302890
     -5.00     20.00       1.328390       0.182432       0.182432        14      13.0      14.0       0.543774   119.210    62.710   -96.030    1     119.783218      -0.303450
      0.00     -5.00      24.667900       0.152522       0.152522        14      13.0      14.0       0.543774   315.290    74.650    99.370    0     119.862091      -0.255430
      0.00      0.00      20.000000       0.171590       0.171590        14      13.0      14.0       0.543774    77.150    22.620    48.060    1     119.846001      -0.256000
      0.00      5.00      15.332100       0.106446       0.106446        14      13.0      14.0       0.543774    62.250    12.590    32.770    1     119.829910      -0.256570
      0.00     10.00      10.664200       0.101458       0.101458        14      13.0      14.0       0.543774   330.580    15.820   -65.240    0     119.813828      -0.257130
      0.00     15.00       5.996290       0.125477       0.125477        14      13.0      14.0       0.543774   314.000    26.820   -81.680    0     119.797737      -0.257700
      0.00     20.00       1.328390       0.160966       0.160966        14      13.0      14.0       0.543774   317.490    27.660   -70.770    0     119.781647      -0.258260
      5.00     -5.00      24.667900       0.146247       0.146247        14      13.0      14.0       0.543774   321.620    69.440   107.850    0     119.860519      -0.210240
      5.00      0.00      20.000000       0.170687       0.170687        14      13.0      14.0       0.543774    83.500    27.970    46.700    1     119.844429      -0.210810
      5.00      5.00      15.332100       0.119308       0.119308        14      13.0      14.0       0.543774    85.590    12.970    54.010    1     119.828346      -0.211370
      5.00     10.00      10.664200       0.081975       0.081975        14      13.0      14.0       0.543774   321.160    10.940   -74.450    0     119.812263      -0.211940
      5.00     15.00       5.996290       0.115085       0.115085        14      13.0      14.0       0.543774   117.820    63.620   -93.660    1     119.796173      -0.212500
      5.00     20.00       1.328390       0.142221       0.142221        14      13.0      14.0       0.543774   109.480    64.490  -100.450    1     119.780090      -0.213070
     10.00     -5.00      24.667900       0.136201       0.136201        14      13.0      14.0       0.543774   324.410    60.990   112.800    0     119.858948      -0.165050
     10.00      0.00      20.000000       0.165739       0.165739        14      13.0      14.0       0.543774   319.090    66.480   107.300    0     119.842873      -0.165620
     10.00      5.00      15.332100       0.104401       0.104401        14      13.0      14.0       0.543774   316.720    71.460    96.450    0     119.826782      -0.166180
     10.00     10.00      10.664200       0.065553       0.065553        14      13.0      14.0       0.543774   220.490    25.680  -156.810    0     119.810692      -0.166750
     10.00     15.00       5.996290       0.097679       0.097679        14      13.0      14.0       0.543774   101.250    66.760   -87.670    1     119.794609      -0.167310
     10.00     20.00       1.328390       0.132947       0.132947        14      13.0      14.0       0.543774    95.460    67.720   -96.630    1     119.778519      -0.167880
     15.00     -5.00      24.667900       0.121399       0.121399        14      13.0      14.0       0.543774   329.180    57.760   100.960    0     119.857384      -0.119860
     15.00      0.00      20.000000       0.154926       0.154926        14      13.0      14.0       0.543774   323.940    63.010    98.620    0     119.841301      -0.120430
     15.00      5.00      15.332100       0.098699       0.098699        14      13.0      14.0       0.543774   151.050    27.780   105.430    0     119.825218      -0.120990
     15.00     10.00      10.664200       0.068833       0.068833        14      13.0      14.0       0.543774   206.230    53.000  -165.630    0     119.809128      -0.121560
     15.00     15.00       5.996290       0.102127       0.102127        14      13.0      14.0       0.543774    92.460    69.680   -79.520    1     119.793037      -0.122120
     15.00     20.00       1.328390       0.134993       0.134993        14      13.0      14.0       0.543774    85.600    70.730   -92.510    1     119.776947      -0.122690
     20.00     -5.00      24.667900       0.108805       0.108805        14      13.0      14.0       0.543774   176.510    36.310   100.590    0     119.855812      -0.074670
     20.00      0.00      20.000000       0.144836       0.144836        14      13.0      14.0       0.543774   158.170    32.050   101.010    0     119.839737      -0.075240
     20.00      5.00      15.332100       0.108727       0.108727        14      13.0      14.0       0.543774   183.470    42.590   137.600    0     119.823647      -0.075800
     20.00     10.00      10.664200       0.091246       0.091246        14      13.0      14.0       0.543774   206.300    58.370  -177.450    0     119.807564      -0.076370
     20.00     15.00       5.996290       0.097435       0.097435        14      13.0      14.0       0.543774   100.400    74.110   -67.070    1     119.791481      -0.076930
     20.00     20.00       1.328390       0.133018       0.133018        14      13.0      14.0       0.543774    85.000    72.250   -90.250    1     119.775391      -0.077500
     25.00     -5.00      24.667900       0.109771       0.109771        14      13.0      14.0       0.543774   198.140    48.780   116.720    0     119.854240      -0.029480
     25.00      0.00      20.000000       0.144059       0.144059        14      13.0      14.0       0.543774   186.480    46.390   122.590    0     119.838173      -0.030050
     25.00      5.00      15.332100       0.123413       0.123413        14      13.0      14.0       0.543774   199.600    62.880   146.570    0     119.822083      -0.030610
     25.00     10.00      10.664200       0.108177       0.108177        14      13.0      14.0       0.543774   210.060    68.850   178.740    0     119.806000      -0.031180
     25.00     15.00       5.996290       0.094200       0.094200        14      13.0      14.0       0.543774   219.190    46.050  -158.450    0     119.789909      -0.031740
     25.00     20.00       1.328390       0.124880       0.124880        14      13.0      14.0       0.543774    90.230    70.570   -85.730    1     119.773819      -0.032310
     30.00     -5.00      24.667900       0.117724       0.117724        14      13.0      14.0       0.543774   201.060    56.570   114.980    0     119.852669       0.015710
     30.00      0.00      20.000000       0.150185       0.150185        14      13.0      14.0       0.543774   202.630    60.280   132.350    0     119.836601       0.015150
     30.00      5.00      15.332100       0.138241       0.138241        14      13.0      14.0       0.543774   210.350    76.640   154.380    0     119.820518       0.014580
     30.00     10.00      10.664200       0.125205       0.125205        14      13.0      14.0       0.543774   214.690    78.340  -178.050    0     119.804428       0.014020
     30.00     15.00       5.996290       0.124378       0.124378        14      13.0      14.0       0.543774   116.520    66.740   -42.140    1     119.788338       0.013450
     30.00     20.00       1.328390       0.120381       0.120381        14      13.0      14.0       0.543774   106.770    69.020   -66.690    1     119.772263       0.012890
     35.00     -5.00      24.667900       0.123346       0.123346        14      13.0      14.0       0.543774   211.530    68.180   127.440    0     119.851097       0.060900
     35.00      0.00      20.000000       0.164434       0.164434        14      13.0      14.0       0.543774   314.610    53.410    17.110    0     119.835037       0.060340
     35.00      5.00      15.332100       0.152758       0.152758        14      13.0      14.0       0.543774    37.170    89.340  -159.950    0     119.818947       0.059770
     35.00     10.00      10.664200       0.133492       0.133492        14      13.0      14.0       0.543774   218.170    81.050  -170.500    0     119.802856       0.059210
     35.00     15.00       5.996290       0.145509       0.145509        14      13.0      14.0       0.543774   116.030    61.430   -44.550    1     119.786781       0.058640
     35.00     20.00       1.328390       0.122763       0.122763        14      13.0      14.0       0.543774   118.220    68.010   -50.670    1     119.770691       0.058080
     40.00     -5.00      24.667900       0.132044       0.132044        14      13.0      14.0       0.543774   319.010    51.390     8.070    0     119.849533       0.106090
     40.00      0.00      20.000000       0.176164       0.176164        14      13.0      14.0       0.543774   310.940    62.880    -4.670    1     119.833473       0.105530
     40.00      5.00      15.332100       0.161703       0.161703        14      13.0      14.0       0.543774    42.040    72.550  -161.260    0     119.817390       0.104960
     40.00     10.00      10.664200       0.128242       0.128242        14      13.0      14.0       0.543774   107.610    44.000   -54.000    1     119.801300       0.104400
     40.00     15.00       5.996290       0.152755       0.152755        14      13.0      14.0       0.543774   113.050    54.150   -49.350    1     119.785210       0.103830
     40.00     20.00       1.328390       0.121499       0.121499        14      13.0      14.0       0.543774   119.720    61.160   -46.080    1     119.769127       0.103270
     45.00     -5.00      24.667900       0.138426       0.138426        14      13.0      14.0       0.543774   317.190    56.360    -8.010    0     119.847961       0.151280
     45.00      0.00      20.000000       0.183881       0.183881        14      13.0      14.0       0.543774   310.970    67.640   -18.940    1     119.831909       0.150720
     45.00      5.00      15.332100       0.157111       0.157111        14      13.0      14.0       0.543774   305.630    74.100   -35.980    1     119.815819       0.150150
     45.00     10.00      10.664200       0.131097       0.131097        14      13.0      14.0       0.543774    71.820    35.130  -105.940    1     119.799728       0.149590
     45.00     15.00       5.996290       0.134979       0.134979        14      13.0      14.0       0.543774   111.490    50.140   -50.590    1     119.783653       0.149020
     45.00     20.00       1.328390       0.107013       0.107013        14      13.0      14.0       0.543774   117.950    53.570   -46.890    1     119.767563       0.148460
     50.00     -5.00      24.667900       0.101963       0.101963        14      13.0      14.0       0.543774   316.800    52.590    -9.530    0     119.846390       0.196470
     50.00      0.00      20.000000       0.141752       0.141752        14      13.0      14.0       0.543774   313.130    71.130   -28.550    0     119.830338       0.195910
     50.00      5.00      15.332100       0.121399       0.121399        14      13.0      14.0       0.543774    53.620    40.510  -158.450    1     119.814247       0.195340
     50.00     10.00      10.664200       0.090338       0.090338        14      13.0      14.0       0.543774    58.570    35.330  -123.670    1     119.798172       0.194780
     50.00     15.00       5.996290       0.090728       0.090728        14      13.0      14.0       0.543774   109.550    49.040   -51.950    1     119.782082       0.194210
     50.00     20.00       1.328390       0.070149       0.070149        14      13.0      14.0       0.543774   114.710    47.700   -51.090    1     119.765991       0.193650
