      xloc      yloc          depth         ave SR         max SR         #     start       end     max SR all       str       dip      rake flag
   -185.00     -5.00      24.667900       0.000000       0.000000         5       4.0       5.0       0.543774   180.000    45.000    90.000    0     119.920059      -1.927490
   -185.00      0.00      20.000000       0.000000       0.000000         5       4.0       5.0       0.543774   180.000    45.000    90.000    0     119.903961      -1.928060
   -185.00      5.00      15.332100       0.000000       0.000000         5       4.0       5.0       0.543774   180.000    45.000    90.000    0     119.887871      -1.928620
   -185.00     10.00      10.664200       0.000000       0.000000         5       4.0       5.0       0.543774   180.000    45.000    90.000    0     119.871780      -1.929190
   -185.00     15.00       5.996290       0.000000       0.000000         5       4.0       5.0       0.543774   180.000    45.000    90.000    0     119.855682      -1.929750
   -185.00     20.00       1.328390       0.000000       0.000000         5       4.0       5.0       0.543774   180.000    45.000    90.000    0     119.839706      -1.930320
   -180.00     -5.00      24.667900       0.000000       0.000000         5       4.0       5.0       0.543774   180.000    45.000    90.000    0     119.918488      -1.882300
   -180.00      0.00      20.000000       0.000000       0.000000         5       4.0       5.0       0.543774   180.000    45.000    90.000    0     119.902397      -1.882870
   -180.00      5.00      15.332100       0.000000       0.000000         5       4.0       5.0       0.543774   180.000    45.000    90.000    0     119.886299      -1.883430
   -180.00     10.00      10.664200       0.000000       0.000000         5       4.0       5.0       0.543774   180.000    45.000    90.000    0     119.870209      -1.884000
   -180.00     15.00       5.996290       0.000000       0.000000         5       4.0       5.0       0.543774   180.000    45.000    90.000    0     119.854118      -1.884560
   -180.00     20.00       1.328390       0.000000       0.000000         5       4.0       5.0       0.543774   180.000    45.000    90.000    0     119.838142      -1.885130
   -175.00     -5.00      24.667900       0.000000       0.000000         5       4.0       5.0       0.543774   180.000    45.000    90.000    0     119.916924      -1.837110
   -175.00      0.00      20.000000       0.000000       0.000000         5       4.0       5.0       0.543774   180.000    45.000    90.000    0     119.900833      -1.837680
   -175.00      5.00      15.332100       0.000000       0.000000         5       4.0       5.0       0.543774   180.000    45.000    90.000    0     119.884743      -1.838240
   -175.00     10.00      10.664200       0.000000       0.000000         5       4.0       5.0       0.543774   180.000    45.000    90.000    0     119.868637      -1.838810
   -175.00     15.00       5.996290       0.000000       0.000000         5       4.0       5.0       0.543774   180.000    45.000    90.000    0     119.852547      -1.839370
   -175.00     20.00       1.328390       0.000000       0.000000         5       4.0       5.0       0.543774   180.000    45.000    90.000    0     119.836571      -1.839940
   -170.00     -5.00      24.667900       0.000000       0.000000         5       4.0       5.0       0.543774   180.000    45.000    90.000    0     119.915352      -1.791920
   -170.00      0.00      20.000000       0.000000       0.000000         5       4.0       5.0       0.543774   180.000    45.000    90.000    0     119.899261      -1.792490
   -170.00      5.00      15.332100       0.000000       0.000000         5       4.0       5.0       0.543774   180.000    45.000    90.000    0     119.883171      -1.793050
   -170.00     10.00      10.664200       0.000000       0.000000         5       4.0       5.0       0.543774   180.000    45.000    90.000    0     119.867081      -1.793620
   -170.00     15.00       5.996290       0.000000       0.000000         5       4.0       5.0       0.543774   180.000    45.000    90.000    0     119.850983      -1.794180
   -170.00     20.00       1.328390       0.000000       0.000000         5       4.0       5.0       0.543774   180.000    45.000    90.000    0     119.834999      -1.794750
   -165.00     -5.00      24.667900       0.000000       0.000000         5       4.0       5.0       0.543774   180.000    45.000    90.000    0     119.913788      -1.746730
   -165.00      0.00      20.000000       0.000000       0.000000         5       4.0       5.0       0.543774   180.000    45.000    90.000    0     119.897690      -1.747300
   -165.00      5.00      15.332100       0.000000       0.000000         5       4.0       5.0       0.543774   180.000    45.000    90.000    0     119.881599      -1.747860
   -165.00     10.00      10.664200       0.000000       0.000000         5       4.0       5.0       0.543774   180.000    45.000    90.000    0     119.865509      -1.748430
   -165.00     15.00       5.996290       0.000000       0.000000         5       4.0       5.0       0.543774   180.000    45.000    90.000    0     119.849419      -1.748990
   -165.00     20.00       1.328390       0.000000       0.000000         5       4.0       5.0       0.543774   180.000    45.000    90.000    0     119.833427      -1.749560
   -160.00     -5.00      24.667900       0.000000       0.000000         5       4.0       5.0       0.543774   180.000    45.000    90.000    0     119.912216      -1.701540
   -160.00      0.00      20.000000       0.000000       0.000000         5       4.0       5.0       0.543774   180.000    45.000    90.000    0     119.896133      -1.702110
   -160.00      5.00      15.332100       0.000000       0.000000         5       4.0       5.0       0.543774   180.000    45.000    90.000    0     119.880028      -1.702670
   -160.00     10.00      10.664200       0.000000       0.000000         5       4.0       5.0       0.543774   180.000    45.000    90.000    0     119.863937      -1.703240
   -160.00     15.00       5.996290       0.000000       0.000000         5       4.0       5.0       0.543774   180.000    45.000    90.000    0     119.847847      -1.703800
   -160.00     20.00       1.328390       0.000000       0.000000         5       4.0       5.0       0.543774   180.000    45.000    90.000    0     119.831863      -1.704370
   -155.00     -5.00      24.667900       0.000000       0.000000         5       4.0       5.0       0.543774   180.000    45.000    90.000    0     119.910652      -1.656350
   -155.00      0.00      20.000000       0.000000       0.000000         5       4.0       5.0       0.543774   180.000    45.000    90.000    0     119.894562      -1.656920
   -155.00      5.00      15.332100       0.000000       0.000000         5       4.0       5.0       0.543774   180.000    45.000    90.000    0     119.878471      -1.657480
   -155.00     10.00      10.664200       0.000000       0.000000         5       4.0       5.0       0.543774   180.000    45.000    90.000    0     119.862373      -1.658050
   -155.00     15.00       5.996290       0.000000       0.000000         5       4.0       5.0       0.543774   180.000    45.000    90.000    0     119.846283      -1.658610
   -155.00     20.00       1.328390       0.000000       0.000000         5       4.0       5.0       0.543774   180.000    45.000    90.000    0     119.830292      -1.659180
   -150.00     -5.00      24.667900       0.000000       0.000000         5       4.0       5.0       0.543774   180.000    45.000    90.000    0     119.909081      -1.611160
   -150.00      0.00      20.000000       0.000000       0.000000         5       4.0       5.0       0.543774   180.000    45.000    90.000    0     119.892990      -1.611730
   -150.00      5.00      15.332100       0.000000       0.000000         5       4.0       5.0       0.543774   180.000    45.000    90.000    0     119.876900      -1.612290
   -150.00     10.00      10.664200       0.000000       0.000000         5       4.0       5.0       0.543774   180.000    45.000    90.000    0     119.860809      -1.612860
   -150.00     15.00       5.996290       0.000000       0.000000         5       4.0       5.0       0.543774   180.000    45.000    90.000    0     119.844818      -1.613420
   -150.00     20.00       1.328390       0.000000       0.000000         5       4.0       5.0       0.543774   180.000    45.000    90.000    0     119.828720      -1.613990
   -145.00     -5.00      24.667900       0.000000       0.000000         5       4.0       5.0       0.543774   180.000    45.000    90.000    0     119.907516      -1.565970
   -145.00      0.00      20.000000       0.000000       0.000000         5       4.0       5.0       0.543774   180.000    45.000    90.000    0     119.891418      -1.566530
   -145.00      5.00      15.332100       0.000000       0.000000         5       4.0       5.0       0.543774   180.000    45.000    90.000    0     119.875328      -1.567100
   -145.00     10.00      10.664200       0.000000       0.000000         5       4.0       5.0       0.543774   180.000    45.000    90.000    0     119.859238      -1.567660
   -145.00     15.00       5.996290       0.000000       0.000000         5       4.0       5.0       0.543774   180.000    45.000    90.000    0     119.843246      -1.568230
   -145.00     20.00       1.328390       0.000000       0.000000         5       4.0       5.0       0.543774   180.000    45.000    90.000    0     119.827148      -1.568800
   -140.00     -5.00      24.667900       0.000000       0.000000         5       4.0       5.0       0.543774   180.000    45.000    90.000    0     119.905952      -1.520780
   -140.00      0.00      20.000000       0.000000       0.000000         5       4.0       5.0       0.543774   180.000    45.000    90.000    0     119.889862      -1.521340
   -140.00      5.00      15.332100       0.000000       0.000000         5       4.0       5.0       0.543774   180.000    45.000    90.000    0     119.873772      -1.521910
   -140.00     10.00      10.664200       0.000000       0.000000         5       4.0       5.0       0.543774   180.000    45.000    90.000    0     119.857681      -1.522470
   -140.00     15.00       5.996290       0.000000       0.000000         5       4.0       5.0       0.543774   180.000    45.000    90.000    0     119.841682      -1.523040
   -140.00     20.00       1.328390       0.000000       0.000000         5       4.0       5.0       0.543774   180.000    45.000    90.000    0     119.825577      -1.523610
   -135.00     -5.00      24.667900       0.000000       0.000000         5       4.0       5.0       0.543774   180.000    45.000    90.000    0     119.904381      -1.475590
   -135.00      0.00      20.000000       0.000000       0.000000         5       4.0       5.0       0.543774   180.000    45.000    90.000    0     119.888290      -1.476150
   -135.00      5.00      15.332100       0.000000       0.000000         5       4.0       5.0       0.543774   180.000    45.000    90.000    0     119.872200      -1.476720
   -135.00     10.00      10.664200       0.000000       0.000000         5       4.0       5.0       0.543774   180.000    45.000    90.000    0     119.856110      -1.477280
   -135.00     15.00       5.996290       0.000000       0.000000         5       4.0       5.0       0.543774   180.000    45.000    90.000    0     119.840111      -1.477850
   -135.00     20.00       1.328390       0.000000       0.000000         5       4.0       5.0       0.543774   180.000    45.000    90.000    0     119.824020      -1.478410
   -130.00     -5.00      24.667900       0.000000       0.000000         5       4.0       5.0       0.543774   180.000    45.000    90.000    0     119.902809      -1.430400
   -130.00      0.00      20.000000       0.000000       0.000000         5       4.0       5.0       0.543774   180.000    45.000    90.000    0     119.886719      -1.430960
   -130.00      5.00      15.332100       0.000000       0.000000         5       4.0       5.0       0.543774   180.000    45.000    90.000    0     119.870628      -1.431530
   -130.00     10.00      10.664200       0.000000       0.000000         5       4.0       5.0       0.543774   180.000    45.000    90.000    0     119.854538      -1.432090
   -130.00     15.00       5.996290       0.000000       0.000000         5       4.0       5.0       0.543774   180.000    45.000    90.000    0     119.838539      -1.432660
   -130.00     20.00       1.328390       0.000000       0.000000         5       4.0       5.0       0.543774   180.000    45.000    90.000    0     119.822449      -1.433220
   -125.00     -5.00      24.667900       0.000000       0.000000         5       4.0       5.0       0.543774   180.000    45.000    90.000    0     119.901253      -1.385210
   -125.00      0.00      20.000000       0.000000       0.000000         5       4.0       5.0       0.543774   180.000    45.000    90.000    0     119.885162      -1.385770
   -125.00      5.00      15.332100       0.000000       0.000000         5       4.0       5.0       0.543774   180.000    45.000    90.000    0     119.869072      -1.386340
   -125.00     10.00      10.664200       0.000000       0.000000         5       4.0       5.0       0.543774   180.000    45.000    90.000    0     119.852982      -1.386900
   -125.00     15.00       5.996290       0.000000       0.000000         5       4.0       5.0       0.543774   180.000    45.000    90.000    0     119.836967      -1.387470
   -125.00     20.00       1.328390       0.000000       0.000000         5       4.0       5.0       0.543774   180.000    45.000    90.000    0     119.820877      -1.388030
   -120.00     -5.00      24.667900       0.000000       0.000000         5       4.0       5.0       0.543774   180.000    45.000    90.000    0     119.899681      -1.340020
   -120.00      0.00      20.000000       0.000000       0.000000         5       4.0       5.0       0.543774   180.000    45.000    90.000    0     119.883591      -1.340580
   -120.00      5.00      15.332100       0.000000       0.000000         5       4.0       5.0       0.543774   180.000    45.000    90.000    0     119.867500      -1.341150
   -120.00     10.00      10.664200       0.000000       0.000000         5       4.0       5.0       0.543774   180.000    45.000    90.000    0     119.851410      -1.341710
   -120.00     15.00       5.996290       0.000000       0.000000         5       4.0       5.0       0.543774   180.000    45.000    90.000    0     119.835403      -1.342280
   -120.00     20.00       1.328390       0.000000       0.000000         5       4.0       5.0       0.543774   180.000    45.000    90.000    0     119.819313      -1.342840
   -115.00     -5.00      24.667900       0.000000       0.000000         5       4.0       5.0       0.543774   180.000    45.000    90.000    0     119.898109      -1.294830
   -115.00      0.00      20.000000       0.000000       0.000000         5       4.0       5.0       0.543774   180.000    45.000    90.000    0     119.882019      -1.295390
   -115.00      5.00      15.332100       0.000000       0.000000         5       4.0       5.0       0.543774   180.000    45.000    90.000    0     119.865929      -1.295960
   -115.00     10.00      10.664200       0.000000       0.000000         5       4.0       5.0       0.543774   180.000    45.000    90.000    0     119.849838      -1.296520
   -115.00     15.00       5.996290       0.000000       0.000000         5       4.0       5.0       0.543774   180.000    45.000    90.000    0     119.833832      -1.297090
   -115.00     20.00       1.328390       0.000000       0.000000         5       4.0       5.0       0.543774   180.000    45.000    90.000    0     119.817741      -1.297650
   -110.00     -5.00      24.667900       0.000000       0.000000         5       4.0       5.0       0.543774   180.000    45.000    90.000    0     119.896553      -1.249630
   -110.00      0.00      20.000000       0.000000       0.000000         5       4.0       5.0       0.543774   180.000    45.000    90.000    0     119.880463      -1.250200
   -110.00      5.00      15.332100       0.000000       0.000000         5       4.0       5.0       0.543774   180.000    45.000    90.000    0     119.864372      -1.250760
   -110.00     10.00      10.664200       0.000000       0.000000         5       4.0       5.0       0.543774   180.000    45.000    90.000    0     119.848282      -1.251330
   -110.00     15.00       5.996290       0.000000       0.000000         5       4.0       5.0       0.543774   180.000    45.000    90.000    0     119.832260      -1.251900
   -110.00     20.00       1.328390       0.000000       0.000000         5       4.0       5.0       0.543774   180.000    45.000    90.000    0     119.816170      -1.252460
   -105.00     -5.00      24.667900       0.000000       0.000000         5       4.0       5.0       0.543774   180.000    45.000    90.000    0     119.894981      -1.204440
   -105.00      0.00      20.000000       0.000000       0.000000         5       4.0       5.0       0.543774   180.000    45.000    90.000    0     119.878891      -1.205010
   -105.00      5.00      15.332100       0.000000       0.000000         5       4.0       5.0       0.543774   180.000    45.000    90.000    0     119.862801      -1.205570
   -105.00     10.00      10.664200       0.000000       0.000000         5       4.0       5.0       0.543774   180.000    45.000    90.000    0     119.846710      -1.206140
   -105.00     15.00       5.996290       0.000000       0.000000         5       4.0       5.0       0.543774   180.000    45.000    90.000    0     119.830688      -1.206700
   -105.00     20.00       1.328390       0.000000       0.000000         5       4.0       5.0       0.543774   180.000    45.000    90.000    0     119.814598      -1.207270
   -100.00     -5.00      24.667900       0.000000       0.000000         5       4.0       5.0       0.543774   180.000    45.000    90.000    0     119.893410      -1.159250
   -100.00      0.00      20.000000       0.000000       0.000000         5       4.0       5.0       0.543774   180.000    45.000    90.000    0     119.877319      -1.159820
   -100.00      5.00      15.332100       0.000000       0.000000         5       4.0       5.0       0.543774   180.000    45.000    90.000    0     119.861229      -1.160380
   -100.00     10.00      10.664200       0.000000       0.000000         5       4.0       5.0       0.543774   180.000    45.000    90.000    0     119.845207      -1.160950
   -100.00     15.00       5.996290       0.000000       0.000000         5       4.0       5.0       0.543774   180.000    45.000    90.000    0     119.829117      -1.161510
   -100.00     20.00       1.328390       0.000000       0.000000         5       4.0       5.0       0.543774   180.000    45.000    90.000    0     119.813026      -1.162080
    -95.00     -5.00      24.667900       0.000000       0.000000         5       4.0       5.0       0.543774   180.000    45.000    90.000    0     119.891853      -1.114060
    -95.00      0.00      20.000000       0.000000       0.000000         5       4.0       5.0       0.543774   180.000    45.000    90.000    0     119.875763      -1.114630
    -95.00      5.00      15.332100       0.000000       0.000000         5       4.0       5.0       0.543774   180.000    45.000    90.000    0     119.859673      -1.115190
    -95.00     10.00      10.664200       0.000000       0.000000         5       4.0       5.0       0.543774   180.000    45.000    90.000    0     119.843643      -1.115760
    -95.00     15.00       5.996290       0.000000       0.000000         5       4.0       5.0       0.543774   180.000    45.000    90.000    0     119.827553      -1.116320
    -95.00     20.00       1.328390       0.000000       0.000000         5       4.0       5.0       0.543774   180.000    45.000    90.000    0     119.811462      -1.116890
    -90.00     -5.00      24.667900       0.000000       0.000000         5       4.0       5.0       0.543774   180.000    45.000    90.000    0     119.890282      -1.068870
    -90.00      0.00      20.000000       0.000000       0.000000         5       4.0       5.0       0.543774   180.000    45.000    90.000    0     119.874191      -1.069440
    -90.00      5.00      15.332100       0.000000       0.000000         5       4.0       5.0       0.543774   180.000    45.000    90.000    0     119.858101      -1.070000
    -90.00     10.00      10.664200       0.000000       0.000000         5       4.0       5.0       0.543774   180.000    45.000    90.000    0     119.842072      -1.070570
    -90.00     15.00       5.996290       0.000000       0.000000         5       4.0       5.0       0.543774   180.000    45.000    90.000    0     119.825981      -1.071130
    -90.00     20.00       1.328390       0.000000       0.000000         5       4.0       5.0       0.543774   180.000    45.000    90.000    0     119.809891      -1.071700
    -85.00     -5.00      24.667900       0.000000       0.000000         5       4.0       5.0       0.543774   180.000    45.000    90.000    0     119.888710      -1.023680
    -85.00      0.00      20.000000       0.000000       0.000000         5       4.0       5.0       0.543774   180.000    45.000    90.000    0     119.872620      -1.024250
    -85.00      5.00      15.332100       0.000000       0.000000         5       4.0       5.0       0.543774   180.000    45.000    90.000    0     119.856537      -1.024810
    -85.00     10.00      10.664200       0.000000       0.000000         5       4.0       5.0       0.543774   180.000    45.000    90.000    0     119.840500      -1.025380
    -85.00     15.00       5.996290       0.000000       0.000000         5       4.0       5.0       0.543774   180.000    45.000    90.000    0     119.824409      -1.025940
    -85.00     20.00       1.328390       0.000000       0.000000         5       4.0       5.0       0.543774   180.000    45.000    90.000    0     119.808319      -1.026510
    -80.00     -5.00      24.667900       0.000000       0.000000         5       4.0       5.0       0.543774   180.000    45.000    90.000    0     119.887154      -0.978490
    -80.00      0.00      20.000000       0.000000       0.000000         5       4.0       5.0       0.543774   180.000    45.000    90.000    0     119.871063      -0.979050
    -80.00      5.00      15.332100       0.000000       0.000000         5       4.0       5.0       0.543774   180.000    45.000    90.000    0     119.854973      -0.979620
    -80.00     10.00      10.664200       0.000000       0.000000         5       4.0       5.0       0.543774   180.000    45.000    90.000    0     119.838928      -0.980190
    -80.00     15.00       5.996290       0.000000       0.000000         5       4.0       5.0       0.543774   180.000    45.000    90.000    0     119.822838      -0.980750
    -80.00     20.00       1.328390       0.000000       0.000000         5       4.0       5.0       0.543774   180.000    45.000    90.000    0     119.806763      -0.981320
    -75.00     -5.00      24.667900       0.000000       0.000000         5       4.0       5.0       0.543774   180.000    45.000    90.000    0     119.885582      -0.933300
    -75.00      0.00      20.000000       0.000000       0.000000         5       4.0       5.0       0.543774   180.000    45.000    90.000    0     119.869492      -0.933860
    -75.00      5.00      15.332100       0.000000       0.000000         5       4.0       5.0       0.543774   180.000    45.000    90.000    0     119.853401      -0.934430
    -75.00     10.00      10.664200       0.000000       0.000000         5       4.0       5.0       0.543774   180.000    45.000    90.000    0     119.837357      -0.934990
    -75.00     15.00       5.996290       0.000000       0.000000         5       4.0       5.0       0.543774   180.000    45.000    90.000    0     119.821274      -0.935560
    -75.00     20.00       1.328390       0.000000       0.000000         5       4.0       5.0       0.543774   180.000    45.000    90.000    0     119.805191      -0.936130
    -70.00     -5.00      24.667900       0.000000       0.000000         5       4.0       5.0       0.543774   180.000    45.000    90.000    0     119.884010      -0.888110
    -70.00      0.00      20.000000       0.000000       0.000000         5       4.0       5.0       0.543774   180.000    45.000    90.000    0     119.867928      -0.888670
    -70.00      5.00      15.332100       0.000000       0.000000         5       4.0       5.0       0.543774   180.000    45.000    90.000    0     119.851837      -0.889240
    -70.00     10.00      10.664200       0.000000       0.000000         5       4.0       5.0       0.543774   180.000    45.000    90.000    0     119.835793      -0.889800
    -70.00     15.00       5.996290       0.000000       0.000000         5       4.0       5.0       0.543774   180.000    45.000    90.000    0     119.819710      -0.890370
    -70.00     20.00       1.328390       0.000000       0.000000         5       4.0       5.0       0.543774   180.000    45.000    90.000    0     119.803619      -0.890940
    -65.00     -5.00      24.667900       0.000000       0.000000         5       4.0       5.0       0.543774   180.000    45.000    90.000    0     119.882446      -0.842920
    -65.00      0.00      20.000000       0.000000       0.000000         5       4.0       5.0       0.543774   180.000    45.000    90.000    0     119.866364      -0.843480
    -65.00      5.00      15.332100       0.000000       0.000000         5       4.0       5.0       0.543774   180.000    45.000    90.000    0     119.850273      -0.844050
    -65.00     10.00      10.664200       0.000000       0.000000         5       4.0       5.0       0.543774   180.000    45.000    90.000    0     119.834221      -0.844610
    -65.00     15.00       5.996290       0.000000       0.000000         5       4.0       5.0       0.543774   180.000    45.000    90.000    0     119.818138      -0.845180
    -65.00     20.00       1.328390       0.000000       0.000000         5       4.0       5.0       0.543774   180.000    45.000    90.000    0     119.802048      -0.845750
    -60.00     -5.00      24.667900       0.000000       0.000000         5       4.0       5.0       0.543774   180.000    45.000    90.000    0     119.880882      -0.797730
    -60.00      0.00      20.000000       0.000000       0.000000         5       4.0       5.0       0.543774   180.000    45.000    90.000    0     119.864792      -0.798290
    -60.00      5.00      15.332100       0.000000       0.000000         5       4.0       5.0       0.543774   180.000    45.000    90.000    0     119.848701      -0.798860
    -60.00     10.00      10.664200       0.000000       0.000000         5       4.0       5.0       0.543774   180.000    45.000    90.000    0     119.832657      -0.799420
    -60.00     15.00       5.996290       0.000000       0.000000         5       4.0       5.0       0.543774   180.000    45.000    90.000    0     119.816566      -0.799990
    -60.00     20.00       1.328390       0.000000       0.000000         5       4.0       5.0       0.543774   180.000    45.000    90.000    0     119.800484      -0.800550
    -55.00     -5.00      24.667900       0.000000       0.000000         5       4.0       5.0       0.543774   180.000    45.000    90.000    0     119.879311      -0.752540
    -55.00      0.00      20.000000       0.000000       0.000000         5       4.0       5.0       0.543774   180.000    45.000    90.000    0     119.863228      -0.753100
    -55.00      5.00      15.332100       0.000000       0.000000         5       4.0       5.0       0.543774   180.000    45.000    90.000    0     119.847137      -0.753670
    -55.00     10.00      10.664200       0.000000       0.000000         5       4.0       5.0       0.543774   180.000    45.000    90.000    0     119.831093      -0.754230
    -55.00     15.00       5.996290       0.000000       0.000000         5       4.0       5.0       0.543774   180.000    45.000    90.000    0     119.815002      -0.754800
    -55.00     20.00       1.328390       0.000000       0.000000         5       4.0       5.0       0.543774   180.000    45.000    90.000    0     119.798912      -0.755360
    -50.00     -5.00      24.667900       0.000000       0.000000         5       4.0       5.0       0.543774   180.000    45.000    90.000    0     119.877747      -0.707340
    -50.00      0.00      20.000000       0.000000       0.000000         5       4.0       5.0       0.543774   180.000    45.000    90.000    0     119.861656      -0.707910
    -50.00      5.00      15.332100       0.000000       0.000000         5       4.0       5.0       0.543774   180.000    45.000    90.000    0     119.845612      -0.708470
    -50.00     10.00      10.664200       0.000000       0.000000         5       4.0       5.0       0.543774   180.000    45.000    90.000    0     119.829521      -0.709040
    -50.00     15.00       5.996290       0.000000       0.000000         5       4.0       5.0       0.543774   180.000    45.000    90.000    0     119.813431      -0.709610
    -50.00     20.00       1.328390       0.000000       0.000000         5       4.0       5.0       0.543774   180.000    45.000    90.000    0     119.797340      -0.710170
    -45.00     -5.00      24.667900       0.000000       0.000000         5       4.0       5.0       0.543774   180.000    45.000    90.000    0     119.876183      -0.662150
    -45.00      0.00      20.000000       0.000000       0.000000         5       4.0       5.0       0.543774   180.000    45.000    90.000    0     119.860092      -0.662720
    -45.00      5.00      15.332100       0.000000       0.000000         5       4.0       5.0       0.543774   180.000    45.000    90.000    0     119.844040      -0.663280
    -45.00     10.00      10.664200       0.000000       0.000000         5       4.0       5.0       0.543774   180.000    45.000    90.000    0     119.827950      -0.663850
    -45.00     15.00       5.996290       0.000000       0.000000         5       4.0       5.0       0.543774   180.000    45.000    90.000    0     119.811859      -0.664420
    -45.00     20.00       1.328390       0.000000       0.000000         5       4.0       5.0       0.543774   180.000    45.000    90.000    0     119.795769      -0.664980
    -40.00     -5.00      24.667900       0.000000       0.000000         5       4.0       5.0       0.543774   180.000    45.000    90.000    0     119.874619      -0.616960
    -40.00      0.00      20.000000       0.000000       0.000000         5       4.0       5.0       0.543774   180.000    45.000    90.000    0     119.858528      -0.617530
    -40.00      5.00      15.332100       0.000000       0.000000         5       4.0       5.0       0.543774   180.000    45.000    90.000    0     119.842468      -0.618090
    -40.00     10.00      10.664200       0.000000       0.000000         5       4.0       5.0       0.543774   180.000    45.000    90.000    0     119.826378      -0.618660
    -40.00     15.00       5.996290       0.000000       0.000000         5       4.0       5.0       0.543774   180.000    45.000    90.000    0     119.810287      -0.619220
    -40.00     20.00       1.328390       0.000000       0.000000         5       4.0       5.0       0.543774   180.000    45.000    90.000    0     119.794197      -0.619790
    -35.00     -5.00      24.667900       0.000000       0.000000         5       4.0       5.0       0.543774   180.000    45.000    90.000    0     119.873047      -0.571770
    -35.00      0.00      20.000000       0.000000       0.000000         5       4.0       5.0       0.543774   180.000    45.000    90.000    0     119.856956      -0.572340
    -35.00      5.00      15.332100       0.000000       0.000000         5       4.0       5.0       0.543774   180.000    45.000    90.000    0     119.840897      -0.572900
    -35.00     10.00      10.664200       0.000000       0.000000         5       4.0       5.0       0.543774   180.000    45.000    90.000    0     119.824806      -0.573470
    -35.00     15.00       5.996290       0.000000       0.000000         5       4.0       5.0       0.543774   180.000    45.000    90.000    0     119.808723      -0.574030
    -35.00     20.00       1.328390       0.000000       0.000000         5       4.0       5.0       0.543774   180.000    45.000    90.000    0     119.792633      -0.574600
    -30.00     -5.00      24.667900       0.000000       0.000000         5       4.0       5.0       0.543774   180.000    45.000    90.000    0     119.871483      -0.526580
    -30.00      0.00      20.000000       0.000000       0.000000         5       4.0       5.0       0.543774   180.000    45.000    90.000    0     119.855400      -0.527150
    -30.00      5.00      15.332100       0.000000       0.000000         5       4.0       5.0       0.543774   180.000    45.000    90.000    0     119.839333      -0.527710
    -30.00     10.00      10.664200       0.000000       0.000000         5       4.0       5.0       0.543774   180.000    45.000    90.000    0     119.823242      -0.528280
    -30.00     15.00       5.996290       0.000000       0.000000         5       4.0       5.0       0.543774   180.000    45.000    90.000    0     119.807152      -0.528840
    -30.00     20.00       1.328390       0.000000       0.000000         5       4.0       5.0       0.543774   180.000    45.000    90.000    0     119.791069      -0.529410
    -25.00     -5.00      24.667900       0.057686       0.057686         5       4.0       5.0       0.543774   162.540    71.480    -2.320    0     119.869919      -0.481390
    -25.00      0.00      20.000000       0.083796       0.083796         5       4.0       5.0       0.543774     7.350    78.690    37.080    0     119.853828      -0.481950
    -25.00      5.00      15.332100       0.075369       0.075369         5       4.0       5.0       0.543774    11.430    82.670    26.200    0     119.837761      -0.482520
    -25.00     10.00      10.664200       0.071029       0.071029         5       4.0       5.0       0.543774   356.470    55.780    -6.460    0     119.821671      -0.483090
    -25.00     15.00       5.996290       0.026658       0.026658         5       4.0       5.0       0.543774   131.230    68.240   -79.900    1     119.805580      -0.483650
    -25.00     20.00       1.328390       0.000000       0.000000         5       4.0       5.0       0.543774   180.000    45.000    90.000    0     119.789497      -0.484220
    -20.00     -5.00      24.667900       0.133204       0.133204         5       4.0       5.0       0.543774   183.780    65.370    29.360    0     119.868347      -0.436200
    -20.00      0.00      20.000000       0.210893       0.210893         5       4.0       5.0       0.543774     5.550    72.050    25.810    0     119.852257      -0.436760
    -20.00      5.00      15.332100       0.249745       0.249745         5       4.0       5.0       0.543774     4.420    77.530    28.250    0     119.836189      -0.437330
    -20.00     10.00      10.664200       0.205866       0.205866         5       4.0       5.0       0.543774    11.640    65.840    23.830    0     119.820099      -0.437900
    -20.00     15.00       5.996290       0.118249       0.118249         5       4.0       5.0       0.543774     4.730    72.250     4.930    0     119.804008      -0.438460
    -20.00     20.00       1.328390       0.072656       0.072656         5       4.0       5.0       0.543774   350.340    64.190   -12.500    0     119.787933      -0.439030
    -15.00     -5.00      24.667900       0.179475       0.179475         5       4.0       5.0       0.543774     1.000    82.930     5.050    0     119.866791      -0.391010
    -15.00      0.00      20.000000       0.332942       0.332942         5       4.0       5.0       0.543774     5.360    73.680    24.510    0     119.850700      -0.391570
    -15.00      5.00      15.332100       0.379666       0.379666         5       4.0       5.0       0.543774     6.210    75.490    26.820    0     119.834618      -0.392140
    -15.00     10.00      10.664200       0.318705       0.318705         5       4.0       5.0       0.543774    10.280    68.710    24.210    0     119.818527      -0.392700
    -15.00     15.00       5.996290       0.221532       0.221532         5       4.0       5.0       0.543774     6.310    69.090    11.570    0     119.802452      -0.393270
    -15.00     20.00       1.328390       0.162215       0.162215         5       4.0       5.0       0.543774   356.750    64.730    -3.290    0     119.786362      -0.393840
    -10.00     -5.00      24.667900       0.240971       0.240971         5       4.0       5.0       0.543774     4.370    72.940    16.760    0     119.865219      -0.345820
    -10.00      0.00      20.000000       0.426521       0.426521         5       4.0       5.0       0.543774     4.170    73.970    21.400    0     119.849129      -0.346380
    -10.00      5.00      15.332100       0.471345       0.471345         5       4.0       5.0       0.543774     4.960    74.760    21.840    0     119.833054      -0.346950
    -10.00     10.00      10.664200       0.401853       0.401853         5       4.0       5.0       0.543774     6.110    70.600    17.130    0     119.816963      -0.347510
    -10.00     15.00       5.996290       0.315588       0.315588         5       4.0       5.0       0.543774     4.080    69.290     9.870    0     119.800880      -0.348080
    -10.00     20.00       1.328390       0.247998       0.247998         5       4.0       5.0       0.543774   359.670    63.870     0.760    0     119.784790      -0.348650
     -5.00     -5.00      24.667900       0.286057       0.286057         5       4.0       5.0       0.543774     4.600    71.030    18.150    0     119.863647      -0.300630
     -5.00      0.00      20.000000       0.478275       0.478275         5       4.0       5.0       0.543774     2.650    74.380    17.710    0     119.847572      -0.301190
     -5.00      5.00      15.332100       0.521435       0.521435         5       4.0       5.0       0.543774     3.310    73.630    14.590    0     119.831482      -0.301760
     -5.00     10.00      10.664200       0.455102       0.455102         5       4.0       5.0       0.543774     2.960    71.610     8.990    0     119.815399      -0.302320
     -5.00     15.00       5.996290       0.368444       0.368444         5       4.0       5.0       0.543774     2.060    70.100     5.920    0     119.799309      -0.302890
     -5.00     20.00       1.328390       0.295136       0.295136         5       4.0       5.0       0.543774   358.790    65.300    -2.750    0     119.783218      -0.303450
      0.00     -5.00      24.667900       0.312432       0.312432         5       4.0       5.0       0.543774     3.020    68.050    13.980    0     119.862091      -0.255430
      0.00      0.00      20.000000       0.498794       0.498794         5       4.0       5.0       0.543774     1.040    72.180    11.890    0     119.846001      -0.256000
      0.00      5.00      15.332100       0.543774       0.543774         5       4.0       5.0       0.543774     1.220    72.180     6.530    0     119.829910      -0.256570
      0.00     10.00      10.664200       0.476823       0.476823         5       4.0       5.0       0.543774     0.750    73.640     0.440    0     119.813828      -0.257130
      0.00     15.00       5.996290       0.386229       0.386229         5       4.0       5.0       0.543774     0.500    67.970     0.790    0     119.797737      -0.257700
      0.00     20.00       1.328390       0.304476       0.304476         5       4.0       5.0       0.543774   357.600    68.610    -8.620    0     119.781647      -0.258260
      5.00     -5.00      24.667900       0.317269       0.317269         5       4.0       5.0       0.543774     1.240    64.670     9.050    0     119.860519      -0.210240
      5.00      0.00      20.000000       0.483620       0.483620         5       4.0       5.0       0.543774   358.880    70.220     4.660    0     119.844429      -0.210810
      5.00      5.00      15.332100       0.520994       0.520994         5       4.0       5.0       0.543774   358.810    72.450    -2.180    0     119.828346      -0.211370
      5.00     10.00      10.664200       0.469280       0.469280         5       4.0       5.0       0.543774   358.390    73.800    -9.460    0     119.812263      -0.211940
      5.00     15.00       5.996290       0.367089       0.367089         5       4.0       5.0       0.543774   358.870    68.230    -7.040    0     119.796173      -0.212500
      5.00     20.00       1.328390       0.286492       0.286492         5       4.0       5.0       0.543774   357.600    74.110   -17.210    0     119.780090      -0.213070
     10.00     -5.00      24.667900       0.301574       0.301574         5       4.0       5.0       0.543774   355.670    60.460     0.310    0     119.858948      -0.165050
     10.00      0.00      20.000000       0.420872       0.420872         5       4.0       5.0       0.543774   355.520    71.760    -2.140    0     119.842873      -0.165620
     10.00      5.00      15.332100       0.442488       0.442488         5       4.0       5.0       0.543774   356.490    74.740   -10.630    0     119.826782      -0.166180
     10.00     10.00      10.664200       0.413046       0.413046         5       4.0       5.0       0.543774   356.930    75.820   -19.680    0     119.810692      -0.166750
     10.00     15.00       5.996290       0.314501       0.314501         5       4.0       5.0       0.543774   358.120    74.120   -19.980    0     119.794609      -0.167310
     10.00     20.00       1.328390       0.241701       0.241701         5       4.0       5.0       0.543774   358.810    81.540   -29.180    0     119.778519      -0.167880
     15.00     -5.00      24.667900       0.245726       0.245726         5       4.0       5.0       0.543774   345.890    58.710   -11.250    0     119.857384      -0.119860
     15.00      0.00      20.000000       0.293204       0.293204         5       4.0       5.0       0.543774   352.540    82.050    -3.800    0     119.841301      -0.120430
     15.00      5.00      15.332100       0.311044       0.311044         5       4.0       5.0       0.543774   355.500    80.820   -18.600    0     119.825218      -0.120990
     15.00     10.00      10.664200       0.300759       0.300759         5       4.0       5.0       0.543774   358.730    84.000   -31.120    0     119.809128      -0.121560
     15.00     15.00       5.996290       0.233178       0.233178         5       4.0       5.0       0.543774     4.200    87.180   -39.810    0     119.793037      -0.122120
     15.00     20.00       1.328390       0.162314       0.162314         5       4.0       5.0       0.543774     2.930    89.140   -41.600    0     119.776947      -0.122690
     20.00     -5.00      24.667900       0.159519       0.159519         5       4.0       5.0       0.543774   325.540    61.030   -34.540    0     119.855812      -0.074670
     20.00      0.00      20.000000       0.170608       0.170608         5       4.0       5.0       0.543774   158.210    53.610   -29.050    0     119.839737      -0.075240
     20.00      5.00      15.332100       0.154362       0.154362         5       4.0       5.0       0.543774   179.150    84.140    20.170    0     119.823647      -0.075800
     20.00     10.00      10.664200       0.172718       0.172718         5       4.0       5.0       0.543774   184.680    79.840    42.500    0     119.807564      -0.076370
     20.00     15.00       5.996290       0.136758       0.136758         5       4.0       5.0       0.543774   187.570    82.040    56.760    0     119.791481      -0.076930
     20.00     20.00       1.328390       0.064061       0.064061         5       4.0       5.0       0.543774   183.660    86.510    47.580    0     119.775391      -0.077500
     25.00     -5.00      24.667900       0.079663       0.079663         5       4.0       5.0       0.543774   212.810    66.220  -116.340    0     119.854240      -0.029480
     25.00      0.00      20.000000       0.082152       0.082152         5       4.0       5.0       0.543774     1.510    31.980   -20.240    0     119.838173      -0.030050
     25.00      5.00      15.332100       0.061338       0.061338         5       4.0       5.0       0.543774   216.360    40.930    47.190    0     119.822083      -0.030610
     25.00     10.00      10.664200       0.044250       0.044250         5       4.0       5.0       0.543774   335.860    79.630   -58.650    0     119.806000      -0.031180
     25.00     15.00       5.996290       0.017393       0.017393         5       4.0       5.0       0.543774   166.030    28.390   -12.700    0     119.789909      -0.031740
     25.00     20.00       1.328390       0.000000       0.000000         5       4.0       5.0       0.543774   180.000    45.000    90.000    0     119.773819      -0.032310
     30.00     -5.00      24.667900       0.000000       0.000000         5       4.0       5.0       0.543774   180.000    45.000    90.000    0     119.852669       0.015710
     30.00      0.00      20.000000       0.000000       0.000000         5       4.0       5.0       0.543774   180.000    45.000    90.000    0     119.836601       0.015150
     30.00      5.00      15.332100       0.000000       0.000000         5       4.0       5.0       0.543774   180.000    45.000    90.000    0     119.820518       0.014580
     30.00     10.00      10.664200       0.000000       0.000000         5       4.0       5.0       0.543774   180.000    45.000    90.000    0     119.804428       0.014020
     30.00     15.00       5.996290       0.000000       0.000000         5       4.0       5.0       0.543774   180.000    45.000    90.000    0     119.788338       0.013450
     30.00     20.00       1.328390       0.000000       0.000000         5       4.0       5.0       0.543774   180.000    45.000    90.000    0     119.772263       0.012890
     35.00     -5.00      24.667900       0.000000       0.000000         5       4.0       5.0       0.543774   180.000    45.000    90.000    0     119.851097       0.060900
     35.00      0.00      20.000000       0.000000       0.000000         5       4.0       5.0       0.543774   180.000    45.000    90.000    0     119.835037       0.060340
     35.00      5.00      15.332100       0.000000       0.000000         5       4.0       5.0       0.543774   180.000    45.000    90.000    0     119.818947       0.059770
     35.00     10.00      10.664200       0.000000       0.000000         5       4.0       5.0       0.543774   180.000    45.000    90.000    0     119.802856       0.059210
     35.00     15.00       5.996290       0.000000       0.000000         5       4.0       5.0       0.543774   180.000    45.000    90.000    0     119.786781       0.058640
     35.00     20.00       1.328390       0.000000       0.000000         5       4.0       5.0       0.543774   180.000    45.000    90.000    0     119.770691       0.058080
     40.00     -5.00      24.667900       0.000000       0.000000         5       4.0       5.0       0.543774   180.000    45.000    90.000    0     119.849533       0.106090
     40.00      0.00      20.000000       0.000000       0.000000         5       4.0       5.0       0.543774   180.000    45.000    90.000    0     119.833473       0.105530
     40.00      5.00      15.332100       0.000000       0.000000         5       4.0       5.0       0.543774   180.000    45.000    90.000    0     119.817390       0.104960
     40.00     10.00      10.664200       0.000000       0.000000         5       4.0       5.0       0.543774   180.000    45.000    90.000    0     119.801300       0.104400
     40.00     15.00       5.996290       0.000000       0.000000         5       4.0       5.0       0.543774   180.000    45.000    90.000    0     119.785210       0.103830
     40.00     20.00       1.328390       0.000000       0.000000         5       4.0       5.0       0.543774   180.000    45.000    90.000    0     119.769127       0.103270
     45.00     -5.00      24.667900       0.000000       0.000000         5       4.0       5.0       0.543774   180.000    45.000    90.000    0     119.847961       0.151280
     45.00      0.00      20.000000       0.000000       0.000000         5       4.0       5.0       0.543774   180.000    45.000    90.000    0     119.831909       0.150720
     45.00      5.00      15.332100       0.000000       0.000000         5       4.0       5.0       0.543774   180.000    45.000    90.000    0     119.815819       0.150150
     45.00     10.00      10.664200       0.000000       0.000000         5       4.0       5.0       0.543774   180.000    45.000    90.000    0     119.799728       0.149590
     45.00     15.00       5.996290       0.000000       0.000000         5       4.0       5.0       0.543774   180.000    45.000    90.000    0     119.783653       0.149020
     45.00     20.00       1.328390       0.000000       0.000000         5       4.0       5.0       0.543774   180.000    45.000    90.000    0     119.767563       0.148460
     50.00     -5.00      24.667900       0.000000       0.000000         5       4.0       5.0       0.543774   180.000    45.000    90.000    0     119.846390       0.196470
     50.00      0.00      20.000000       0.000000       0.000000         5       4.0       5.0       0.543774   180.000    45.000    90.000    0     119.830338       0.195910
     50.00      5.00      15.332100       0.000000       0.000000         5       4.0       5.0       0.543774   180.000    45.000    90.000    0     119.814247       0.195340
     50.00     10.00      10.664200       0.000000       0.000000         5       4.0       5.0       0.543774   180.000    45.000    90.000    0     119.798172       0.194780
     50.00     15.00       5.996290       0.000000       0.000000         5       4.0       5.0       0.543774   180.000    45.000    90.000    0     119.782082       0.194210
     50.00     20.00       1.328390       0.000000       0.000000         5       4.0       5.0       0.543774   180.000    45.000    90.000    0     119.765991       0.193650
