      xloc      yloc          depth         ave SR         max SR         #     start       end     max SR all       str       dip      rake flag
   -185.00     -5.00      24.667900       0.000000       0.000000        15      14.0      15.0       0.543774   180.000    45.000    90.000    0     119.920059      -1.927490
   -185.00      0.00      20.000000       0.000000       0.000000        15      14.0      15.0       0.543774   180.000    45.000    90.000    0     119.903961      -1.928060
   -185.00      5.00      15.332100       0.000000       0.000000        15      14.0      15.0       0.543774   180.000    45.000    90.000    0     119.887871      -1.928620
   -185.00     10.00      10.664200       0.000000       0.000000        15      14.0      15.0       0.543774   180.000    45.000    90.000    0     119.871780      -1.929190
   -185.00     15.00       5.996290       0.000000       0.000000        15      14.0      15.0       0.543774   180.000    45.000    90.000    0     119.855682      -1.929750
   -185.00     20.00       1.328390       0.000000       0.000000        15      14.0      15.0       0.543774   180.000    45.000    90.000    0     119.839706      -1.930320
   -180.00     -5.00      24.667900       0.000000       0.000000        15      14.0      15.0       0.543774   180.000    45.000    90.000    0     119.918488      -1.882300
   -180.00      0.00      20.000000       0.000000       0.000000        15      14.0      15.0       0.543774   180.000    45.000    90.000    0     119.902397      -1.882870
   -180.00      5.00      15.332100       0.000000       0.000000        15      14.0      15.0       0.543774   180.000    45.000    90.000    0     119.886299      -1.883430
   -180.00     10.00      10.664200       0.000000       0.000000        15      14.0      15.0       0.543774   180.000    45.000    90.000    0     119.870209      -1.884000
   -180.00     15.00       5.996290       0.000000       0.000000        15      14.0      15.0       0.543774   180.000    45.000    90.000    0     119.854118      -1.884560
   -180.00     20.00       1.328390       0.000000       0.000000        15      14.0      15.0       0.543774   180.000    45.000    90.000    0     119.838142      -1.885130
   -175.00     -5.00      24.667900       0.000000       0.000000        15      14.0      15.0       0.543774   180.000    45.000    90.000    0     119.916924      -1.837110
   -175.00      0.00      20.000000       0.000000       0.000000        15      14.0      15.0       0.543774   180.000    45.000    90.000    0     119.900833      -1.837680
   -175.00      5.00      15.332100       0.000000       0.000000        15      14.0      15.0       0.543774   180.000    45.000    90.000    0     119.884743      -1.838240
   -175.00     10.00      10.664200       0.000000       0.000000        15      14.0      15.0       0.543774   180.000    45.000    90.000    0     119.868637      -1.838810
   -175.00     15.00       5.996290       0.000000       0.000000        15      14.0      15.0       0.543774   180.000    45.000    90.000    0     119.852547      -1.839370
   -175.00     20.00       1.328390       0.000000       0.000000        15      14.0      15.0       0.543774   180.000    45.000    90.000    0     119.836571      -1.839940
   -170.00     -5.00      24.667900       0.000000       0.000000        15      14.0      15.0       0.543774   180.000    45.000    90.000    0     119.915352      -1.791920
   -170.00      0.00      20.000000       0.000000       0.000000        15      14.0      15.0       0.543774   180.000    45.000    90.000    0     119.899261      -1.792490
   -170.00      5.00      15.332100       0.000000       0.000000        15      14.0      15.0       0.543774   180.000    45.000    90.000    0     119.883171      -1.793050
   -170.00     10.00      10.664200       0.000000       0.000000        15      14.0      15.0       0.543774   180.000    45.000    90.000    0     119.867081      -1.793620
   -170.00     15.00       5.996290       0.000000       0.000000        15      14.0      15.0       0.543774   180.000    45.000    90.000    0     119.850983      -1.794180
   -170.00     20.00       1.328390       0.000000       0.000000        15      14.0      15.0       0.543774   180.000    45.000    90.000    0     119.834999      -1.794750
   -165.00     -5.00      24.667900       0.000000       0.000000        15      14.0      15.0       0.543774   180.000    45.000    90.000    0     119.913788      -1.746730
   -165.00      0.00      20.000000       0.000000       0.000000        15      14.0      15.0       0.543774   180.000    45.000    90.000    0     119.897690      -1.747300
   -165.00      5.00      15.332100       0.000000       0.000000        15      14.0      15.0       0.543774   180.000    45.000    90.000    0     119.881599      -1.747860
   -165.00     10.00      10.664200       0.000000       0.000000        15      14.0      15.0       0.543774   180.000    45.000    90.000    0     119.865509      -1.748430
   -165.00     15.00       5.996290       0.000000       0.000000        15      14.0      15.0       0.543774   180.000    45.000    90.000    0     119.849419      -1.748990
   -165.00     20.00       1.328390       0.000000       0.000000        15      14.0      15.0       0.543774   180.000    45.000    90.000    0     119.833427      -1.749560
   -160.00     -5.00      24.667900       0.000000       0.000000        15      14.0      15.0       0.543774   180.000    45.000    90.000    0     119.912216      -1.701540
   -160.00      0.00      20.000000       0.000000       0.000000        15      14.0      15.0       0.543774   180.000    45.000    90.000    0     119.896133      -1.702110
   -160.00      5.00      15.332100       0.000000       0.000000        15      14.0      15.0       0.543774   180.000    45.000    90.000    0     119.880028      -1.702670
   -160.00     10.00      10.664200       0.000000       0.000000        15      14.0      15.0       0.543774   180.000    45.000    90.000    0     119.863937      -1.703240
   -160.00     15.00       5.996290       0.000000       0.000000        15      14.0      15.0       0.543774   180.000    45.000    90.000    0     119.847847      -1.703800
   -160.00     20.00       1.328390       0.000000       0.000000        15      14.0      15.0       0.543774   180.000    45.000    90.000    0     119.831863      -1.704370
   -155.00     -5.00      24.667900       0.000000       0.000000        15      14.0      15.0       0.543774   180.000    45.000    90.000    0     119.910652      -1.656350
   -155.00      0.00      20.000000       0.000000       0.000000        15      14.0      15.0       0.543774   180.000    45.000    90.000    0     119.894562      -1.656920
   -155.00      5.00      15.332100       0.000000       0.000000        15      14.0      15.0       0.543774   180.000    45.000    90.000    0     119.878471      -1.657480
   -155.00     10.00      10.664200       0.000000       0.000000        15      14.0      15.0       0.543774   180.000    45.000    90.000    0     119.862373      -1.658050
   -155.00     15.00       5.996290       0.000000       0.000000        15      14.0      15.0       0.543774   180.000    45.000    90.000    0     119.846283      -1.658610
   -155.00     20.00       1.328390       0.000000       0.000000        15      14.0      15.0       0.543774   180.000    45.000    90.000    0     119.830292      -1.659180
   -150.00     -5.00      24.667900       0.000000       0.000000        15      14.0      15.0       0.543774   180.000    45.000    90.000    0     119.909081      -1.611160
   -150.00      0.00      20.000000       0.000000       0.000000        15      14.0      15.0       0.543774   180.000    45.000    90.000    0     119.892990      -1.611730
   -150.00      5.00      15.332100       0.000000       0.000000        15      14.0      15.0       0.543774   180.000    45.000    90.000    0     119.876900      -1.612290
   -150.00     10.00      10.664200       0.000000       0.000000        15      14.0      15.0       0.543774   180.000    45.000    90.000    0     119.860809      -1.612860
   -150.00     15.00       5.996290       0.000000       0.000000        15      14.0      15.0       0.543774   180.000    45.000    90.000    0     119.844818      -1.613420
   -150.00     20.00       1.328390       0.000000       0.000000        15      14.0      15.0       0.543774   180.000    45.000    90.000    0     119.828720      -1.613990
   -145.00     -5.00      24.667900       0.000000       0.000000        15      14.0      15.0       0.543774   180.000    45.000    90.000    0     119.907516      -1.565970
   -145.00      0.00      20.000000       0.000000       0.000000        15      14.0      15.0       0.543774   180.000    45.000    90.000    0     119.891418      -1.566530
   -145.00      5.00      15.332100       0.000000       0.000000        15      14.0      15.0       0.543774   180.000    45.000    90.000    0     119.875328      -1.567100
   -145.00     10.00      10.664200       0.000000       0.000000        15      14.0      15.0       0.543774   180.000    45.000    90.000    0     119.859238      -1.567660
   -145.00     15.00       5.996290       0.000000       0.000000        15      14.0      15.0       0.543774   180.000    45.000    90.000    0     119.843246      -1.568230
   -145.00     20.00       1.328390       0.000000       0.000000        15      14.0      15.0       0.543774   180.000    45.000    90.000    0     119.827148      -1.568800
   -140.00     -5.00      24.667900       0.000000       0.000000        15      14.0      15.0       0.543774   180.000    45.000    90.000    0     119.905952      -1.520780
   -140.00      0.00      20.000000       0.000000       0.000000        15      14.0      15.0       0.543774   180.000    45.000    90.000    0     119.889862      -1.521340
   -140.00      5.00      15.332100       0.000000       0.000000        15      14.0      15.0       0.543774   180.000    45.000    90.000    0     119.873772      -1.521910
   -140.00     10.00      10.664200       0.000000       0.000000        15      14.0      15.0       0.543774   180.000    45.000    90.000    0     119.857681      -1.522470
   -140.00     15.00       5.996290       0.000000       0.000000        15      14.0      15.0       0.543774   180.000    45.000    90.000    0     119.841682      -1.523040
   -140.00     20.00       1.328390       0.000000       0.000000        15      14.0      15.0       0.543774   180.000    45.000    90.000    0     119.825577      -1.523610
   -135.00     -5.00      24.667900       0.000000       0.000000        15      14.0      15.0       0.543774   180.000    45.000    90.000    0     119.904381      -1.475590
   -135.00      0.00      20.000000       0.000000       0.000000        15      14.0      15.0       0.543774   180.000    45.000    90.000    0     119.888290      -1.476150
   -135.00      5.00      15.332100       0.000000       0.000000        15      14.0      15.0       0.543774   180.000    45.000    90.000    0     119.872200      -1.476720
   -135.00     10.00      10.664200       0.000000       0.000000        15      14.0      15.0       0.543774   180.000    45.000    90.000    0     119.856110      -1.477280
   -135.00     15.00       5.996290       0.000000       0.000000        15      14.0      15.0       0.543774   180.000    45.000    90.000    0     119.840111      -1.477850
   -135.00     20.00       1.328390       0.000000       0.000000        15      14.0      15.0       0.543774   180.000    45.000    90.000    0     119.824020      -1.478410
   -130.00     -5.00      24.667900       0.000000       0.000000        15      14.0      15.0       0.543774   180.000    45.000    90.000    0     119.902809      -1.430400
   -130.00      0.00      20.000000       0.000000       0.000000        15      14.0      15.0       0.543774   180.000    45.000    90.000    0     119.886719      -1.430960
   -130.00      5.00      15.332100       0.000000       0.000000        15      14.0      15.0       0.543774   180.000    45.000    90.000    0     119.870628      -1.431530
   -130.00     10.00      10.664200       0.000000       0.000000        15      14.0      15.0       0.543774   180.000    45.000    90.000    0     119.854538      -1.432090
   -130.00     15.00       5.996290       0.000000       0.000000        15      14.0      15.0       0.543774   180.000    45.000    90.000    0     119.838539      -1.432660
   -130.00     20.00       1.328390       0.000000       0.000000        15      14.0      15.0       0.543774   180.000    45.000    90.000    0     119.822449      -1.433220
   -125.00     -5.00      24.667900       0.000000       0.000000        15      14.0      15.0       0.543774   180.000    45.000    90.000    0     119.901253      -1.385210
   -125.00      0.00      20.000000       0.000000       0.000000        15      14.0      15.0       0.543774   180.000    45.000    90.000    0     119.885162      -1.385770
   -125.00      5.00      15.332100       0.000000       0.000000        15      14.0      15.0       0.543774   180.000    45.000    90.000    0     119.869072      -1.386340
   -125.00     10.00      10.664200       0.000000       0.000000        15      14.0      15.0       0.543774   180.000    45.000    90.000    0     119.852982      -1.386900
   -125.00     15.00       5.996290       0.000000       0.000000        15      14.0      15.0       0.543774   180.000    45.000    90.000    0     119.836967      -1.387470
   -125.00     20.00       1.328390       0.000000       0.000000        15      14.0      15.0       0.543774   180.000    45.000    90.000    0     119.820877      -1.388030
   -120.00     -5.00      24.667900       0.000000       0.000000        15      14.0      15.0       0.543774   180.000    45.000    90.000    0     119.899681      -1.340020
   -120.00      0.00      20.000000       0.000000       0.000000        15      14.0      15.0       0.543774   180.000    45.000    90.000    0     119.883591      -1.340580
   -120.00      5.00      15.332100       0.000000       0.000000        15      14.0      15.0       0.543774   180.000    45.000    90.000    0     119.867500      -1.341150
   -120.00     10.00      10.664200       0.000000       0.000000        15      14.0      15.0       0.543774   180.000    45.000    90.000    0     119.851410      -1.341710
   -120.00     15.00       5.996290       0.000000       0.000000        15      14.0      15.0       0.543774   180.000    45.000    90.000    0     119.835403      -1.342280
   -120.00     20.00       1.328390       0.000000       0.000000        15      14.0      15.0       0.543774   180.000    45.000    90.000    0     119.819313      -1.342840
   -115.00     -5.00      24.667900       0.000000       0.000000        15      14.0      15.0       0.543774   180.000    45.000    90.000    0     119.898109      -1.294830
   -115.00      0.00      20.000000       0.000000       0.000000        15      14.0      15.0       0.543774   180.000    45.000    90.000    0     119.882019      -1.295390
   -115.00      5.00      15.332100       0.000000       0.000000        15      14.0      15.0       0.543774   180.000    45.000    90.000    0     119.865929      -1.295960
   -115.00     10.00      10.664200       0.000000       0.000000        15      14.0      15.0       0.543774   180.000    45.000    90.000    0     119.849838      -1.296520
   -115.00     15.00       5.996290       0.000000       0.000000        15      14.0      15.0       0.543774   180.000    45.000    90.000    0     119.833832      -1.297090
   -115.00     20.00       1.328390       0.000000       0.000000        15      14.0      15.0       0.543774   180.000    45.000    90.000    0     119.817741      -1.297650
   -110.00     -5.00      24.667900       0.000000       0.000000        15      14.0      15.0       0.543774   180.000    45.000    90.000    0     119.896553      -1.249630
   -110.00      0.00      20.000000       0.000000       0.000000        15      14.0      15.0       0.543774   180.000    45.000    90.000    0     119.880463      -1.250200
   -110.00      5.00      15.332100       0.000000       0.000000        15      14.0      15.0       0.543774   180.000    45.000    90.000    0     119.864372      -1.250760
   -110.00     10.00      10.664200       0.000000       0.000000        15      14.0      15.0       0.543774   180.000    45.000    90.000    0     119.848282      -1.251330
   -110.00     15.00       5.996290       0.000000       0.000000        15      14.0      15.0       0.543774   180.000    45.000    90.000    0     119.832260      -1.251900
   -110.00     20.00       1.328390       0.000000       0.000000        15      14.0      15.0       0.543774   180.000    45.000    90.000    0     119.816170      -1.252460
   -105.00     -5.00      24.667900       0.000000       0.000000        15      14.0      15.0       0.543774   180.000    45.000    90.000    0     119.894981      -1.204440
   -105.00      0.00      20.000000       0.000000       0.000000        15      14.0      15.0       0.543774   180.000    45.000    90.000    0     119.878891      -1.205010
   -105.00      5.00      15.332100       0.000000       0.000000        15      14.0      15.0       0.543774   180.000    45.000    90.000    0     119.862801      -1.205570
   -105.00     10.00      10.664200       0.000000       0.000000        15      14.0      15.0       0.543774   180.000    45.000    90.000    0     119.846710      -1.206140
   -105.00     15.00       5.996290       0.000000       0.000000        15      14.0      15.0       0.543774   180.000    45.000    90.000    0     119.830688      -1.206700
   -105.00     20.00       1.328390       0.000000       0.000000        15      14.0      15.0       0.543774   180.000    45.000    90.000    0     119.814598      -1.207270
   -100.00     -5.00      24.667900       0.000000       0.000000        15      14.0      15.0       0.543774   180.000    45.000    90.000    0     119.893410      -1.159250
   -100.00      0.00      20.000000       0.000000       0.000000        15      14.0      15.0       0.543774   180.000    45.000    90.000    0     119.877319      -1.159820
   -100.00      5.00      15.332100       0.000000       0.000000        15      14.0      15.0       0.543774   180.000    45.000    90.000    0     119.861229      -1.160380
   -100.00     10.00      10.664200       0.000000       0.000000        15      14.0      15.0       0.543774   180.000    45.000    90.000    0     119.845207      -1.160950
   -100.00     15.00       5.996290       0.000000       0.000000        15      14.0      15.0       0.543774   180.000    45.000    90.000    0     119.829117      -1.161510
   -100.00     20.00       1.328390       0.000000       0.000000        15      14.0      15.0       0.543774   180.000    45.000    90.000    0     119.813026      -1.162080
    -95.00     -5.00      24.667900       0.000000       0.000000        15      14.0      15.0       0.543774   180.000    45.000    90.000    0     119.891853      -1.114060
    -95.00      0.00      20.000000       0.000000       0.000000        15      14.0      15.0       0.543774   180.000    45.000    90.000    0     119.875763      -1.114630
    -95.00      5.00      15.332100       0.000000       0.000000        15      14.0      15.0       0.543774   180.000    45.000    90.000    0     119.859673      -1.115190
    -95.00     10.00      10.664200       0.000000       0.000000        15      14.0      15.0       0.543774   180.000    45.000    90.000    0     119.843643      -1.115760
    -95.00     15.00       5.996290       0.000000       0.000000        15      14.0      15.0       0.543774   180.000    45.000    90.000    0     119.827553      -1.116320
    -95.00     20.00       1.328390       0.000000       0.000000        15      14.0      15.0       0.543774   180.000    45.000    90.000    0     119.811462      -1.116890
    -90.00     -5.00      24.667900       0.000000       0.000000        15      14.0      15.0       0.543774   180.000    45.000    90.000    0     119.890282      -1.068870
    -90.00      0.00      20.000000       0.000000       0.000000        15      14.0      15.0       0.543774   180.000    45.000    90.000    0     119.874191      -1.069440
    -90.00      5.00      15.332100       0.000000       0.000000        15      14.0      15.0       0.543774   180.000    45.000    90.000    0     119.858101      -1.070000
    -90.00     10.00      10.664200       0.000000       0.000000        15      14.0      15.0       0.543774   180.000    45.000    90.000    0     119.842072      -1.070570
    -90.00     15.00       5.996290       0.000000       0.000000        15      14.0      15.0       0.543774   180.000    45.000    90.000    0     119.825981      -1.071130
    -90.00     20.00       1.328390       0.000000       0.000000        15      14.0      15.0       0.543774   180.000    45.000    90.000    0     119.809891      -1.071700
    -85.00     -5.00      24.667900       0.000000       0.000000        15      14.0      15.0       0.543774   180.000    45.000    90.000    0     119.888710      -1.023680
    -85.00      0.00      20.000000       0.000000       0.000000        15      14.0      15.0       0.543774   180.000    45.000    90.000    0     119.872620      -1.024250
    -85.00      5.00      15.332100       0.000000       0.000000        15      14.0      15.0       0.543774   180.000    45.000    90.000    0     119.856537      -1.024810
    -85.00     10.00      10.664200       0.000000       0.000000        15      14.0      15.0       0.543774   180.000    45.000    90.000    0     119.840500      -1.025380
    -85.00     15.00       5.996290       0.000000       0.000000        15      14.0      15.0       0.543774   180.000    45.000    90.000    0     119.824409      -1.025940
    -85.00     20.00       1.328390       0.000000       0.000000        15      14.0      15.0       0.543774   180.000    45.000    90.000    0     119.808319      -1.026510
    -80.00     -5.00      24.667900       0.000000       0.000000        15      14.0      15.0       0.543774   180.000    45.000    90.000    0     119.887154      -0.978490
    -80.00      0.00      20.000000       0.000000       0.000000        15      14.0      15.0       0.543774   180.000    45.000    90.000    0     119.871063      -0.979050
    -80.00      5.00      15.332100       0.000000       0.000000        15      14.0      15.0       0.543774   180.000    45.000    90.000    0     119.854973      -0.979620
    -80.00     10.00      10.664200       0.000000       0.000000        15      14.0      15.0       0.543774   180.000    45.000    90.000    0     119.838928      -0.980190
    -80.00     15.00       5.996290       0.000000       0.000000        15      14.0      15.0       0.543774   180.000    45.000    90.000    0     119.822838      -0.980750
    -80.00     20.00       1.328390       0.000000       0.000000        15      14.0      15.0       0.543774   180.000    45.000    90.000    0     119.806763      -0.981320
    -75.00     -5.00      24.667900       0.084197       0.084197        15      14.0      15.0       0.543774   163.950    88.580    72.690    0     119.885582      -0.933300
    -75.00      0.00      20.000000       0.074335       0.074335        15      14.0      15.0       0.543774   328.520    53.730   -24.840    0     119.869492      -0.933860
    -75.00      5.00      15.332100       0.058067       0.058067        15      14.0      15.0       0.543774   214.520    30.670    98.830    0     119.853401      -0.934430
    -75.00     10.00      10.664200       0.130137       0.130137        15      14.0      15.0       0.543774   342.570    15.410   -10.100    0     119.837357      -0.934990
    -75.00     15.00       5.996290       0.047967       0.047967        15      14.0      15.0       0.543774   349.500    84.700    -6.940    0     119.821274      -0.935560
    -75.00     20.00       1.328390       0.056283       0.056283        15      14.0      15.0       0.543774   348.090    59.680   -19.580    0     119.805191      -0.936130
    -70.00     -5.00      24.667900       0.126291       0.126291        15      14.0      15.0       0.543774   183.980    81.770    79.600    0     119.884010      -0.888110
    -70.00      0.00      20.000000       0.154991       0.154991        15      14.0      15.0       0.543774   166.340    87.910    55.380    0     119.867928      -0.888670
    -70.00      5.00      15.332100       0.127949       0.127949        15      14.0      15.0       0.543774   340.690    70.060    -5.340    0     119.851837      -0.889240
    -70.00     10.00      10.664200       0.194438       0.194438        15      14.0      15.0       0.543774   342.790    37.100   -10.950    0     119.835793      -0.889800
    -70.00     15.00       5.996290       0.175469       0.175469        15      14.0      15.0       0.543774   342.900    44.220    -6.880    0     119.819710      -0.890370
    -70.00     20.00       1.328390       0.165140       0.165140        15      14.0      15.0       0.543774   343.300    49.020   -11.440    0     119.803619      -0.890940
    -65.00     -5.00      24.667900       0.091342       0.091342        15      14.0      15.0       0.543774   174.520    86.350    63.540    0     119.882446      -0.842920
    -65.00      0.00      20.000000       0.178770       0.178770        15      14.0      15.0       0.543774   339.790    85.250   -42.000    0     119.866364      -0.843480
    -65.00      5.00      15.332100       0.208068       0.208068        15      14.0      15.0       0.543774   337.920    70.060   -18.950    0     119.850273      -0.844050
    -65.00     10.00      10.664200       0.252163       0.252163        15      14.0      15.0       0.543774   337.190    53.970   -16.070    0     119.834221      -0.844610
    -65.00     15.00       5.996290       0.273014       0.273014        15      14.0      15.0       0.543774   336.250    49.740   -18.410    0     119.818138      -0.845180
    -65.00     20.00       1.328390       0.266095       0.266095        15      14.0      15.0       0.543774   338.360    51.670   -18.690    0     119.802048      -0.845750
    -60.00     -5.00      24.667900       0.076027       0.076027        15      14.0      15.0       0.543774   340.570    78.770   -32.720    0     119.880882      -0.797730
    -60.00      0.00      20.000000       0.193897       0.193897        15      14.0      15.0       0.543774   337.710    78.650   -30.260    0     119.864792      -0.798290
    -60.00      5.00      15.332100       0.263271       0.263271        15      14.0      15.0       0.543774   336.960    69.990   -21.490    0     119.848701      -0.798860
    -60.00     10.00      10.664200       0.321541       0.321541        15      14.0      15.0       0.543774   334.300    58.270   -21.560    0     119.832657      -0.799420
    -60.00     15.00       5.996290       0.347022       0.347022        15      14.0      15.0       0.543774   333.270    53.000   -24.710    0     119.816566      -0.799990
    -60.00     20.00       1.328390       0.348307       0.348307        15      14.0      15.0       0.543774   335.340    53.400   -23.810    0     119.800484      -0.800550
    -55.00     -5.00      24.667900       0.075685       0.075685        15      14.0      15.0       0.543774   168.010    86.990     7.560    0     119.879311      -0.752540
    -55.00      0.00      20.000000       0.206513       0.206513        15      14.0      15.0       0.543774   338.570    77.630   -21.620    0     119.863228      -0.753100
    -55.00      5.00      15.332100       0.291175       0.291175        15      14.0      15.0       0.543774   337.210    71.610   -18.560    0     119.847137      -0.753670
    -55.00     10.00      10.664200       0.362004       0.362004        15      14.0      15.0       0.543774   333.640    60.440   -22.760    0     119.831093      -0.754230
    -55.00     15.00       5.996290       0.386116       0.386116        15      14.0      15.0       0.543774   332.890    55.710   -26.080    0     119.815002      -0.754800
    -55.00     20.00       1.328390       0.395093       0.395093        15      14.0      15.0       0.543774   334.290    55.090   -25.560    0     119.798912      -0.755360
    -50.00     -5.00      24.667900       0.093547       0.093547        15      14.0      15.0       0.543774   168.070    69.460    -7.560    0     119.877747      -0.707340
    -50.00      0.00      20.000000       0.207071       0.207071        15      14.0      15.0       0.543774   340.960    87.360    -7.970    0     119.861656      -0.707910
    -50.00      5.00      15.332100       0.307145       0.307145        15      14.0      15.0       0.543774   337.120    71.460   -15.130    0     119.845612      -0.708470
    -50.00     10.00      10.664200       0.376149       0.376149        15      14.0      15.0       0.543774   333.750    61.850   -21.790    0     119.829521      -0.709040
    -50.00     15.00       5.996290       0.402416       0.402416        15      14.0      15.0       0.543774   333.660    58.010   -24.240    0     119.813431      -0.709610
    -50.00     20.00       1.328390       0.414559       0.414559        15      14.0      15.0       0.543774   334.450    56.790   -24.770    0     119.797340      -0.710170
    -45.00     -5.00      24.667900       0.097852       0.097852        15      14.0      15.0       0.543774   168.920    74.830    -8.410    0     119.876183      -0.662150
    -45.00      0.00      20.000000       0.202824       0.202824        15      14.0      15.0       0.543774   160.520    84.920    -3.380    0     119.860092      -0.662720
    -45.00      5.00      15.332100       0.298600       0.298600        15      14.0      15.0       0.543774   337.650    75.610   -10.140    0     119.844040      -0.663280
    -45.00     10.00      10.664200       0.371194       0.371194        15      14.0      15.0       0.543774   334.230    63.570   -19.250    0     119.827950      -0.663850
    -45.00     15.00       5.996290       0.399220       0.399220        15      14.0      15.0       0.543774   334.850    60.230   -21.020    0     119.811859      -0.664420
    -45.00     20.00       1.328390       0.410042       0.410042        15      14.0      15.0       0.543774   335.660    59.210   -21.720    0     119.795769      -0.664980
    -40.00     -5.00      24.667900       0.093328       0.093328        15      14.0      15.0       0.543774   169.350    78.270    -4.400    0     119.874619      -0.616960
    -40.00      0.00      20.000000       0.183832       0.183832        15      14.0      15.0       0.543774   160.120    85.330    -5.060    0     119.858528      -0.617530
    -40.00      5.00      15.332100       0.273315       0.273315        15      14.0      15.0       0.543774   337.960    81.430    -3.060    0     119.842468      -0.618090
    -40.00     10.00      10.664200       0.347522       0.347522        15      14.0      15.0       0.543774   335.460    65.760   -14.430    0     119.826378      -0.618660
    -40.00     15.00       5.996290       0.367312       0.367312        15      14.0      15.0       0.543774   337.560    66.510   -13.380    0     119.810287      -0.619220
    -40.00     20.00       1.328390       0.382732       0.382732        15      14.0      15.0       0.543774   337.810    64.060   -16.040    0     119.794197      -0.619790
    -35.00     -5.00      24.667900       0.076330       0.076330        15      14.0      15.0       0.543774   172.340    87.950    -2.700    0     119.873047      -0.571770
    -35.00      0.00      20.000000       0.158664       0.158664        15      14.0      15.0       0.543774   340.520    87.320     4.470    0     119.856956      -0.572340
    -35.00      5.00      15.332100       0.240168       0.240168        15      14.0      15.0       0.543774   337.760    83.230     2.720    0     119.840897      -0.572900
    -35.00     10.00      10.664200       0.303055       0.303055        15      14.0      15.0       0.543774   337.300    69.850    -7.270    0     119.824806      -0.573470
    -35.00     15.00       5.996290       0.320275       0.320275        15      14.0      15.0       0.543774   339.960    74.720    -3.720    0     119.808723      -0.574030
    -35.00     20.00       1.328390       0.340371       0.340371        15      14.0      15.0       0.543774   340.010    70.770    -8.600    0     119.792633      -0.574600
    -30.00     -5.00      24.667900       0.055286       0.055286        15      14.0      15.0       0.543774     2.690    72.060    29.050    0     119.871483      -0.526580
    -30.00      0.00      20.000000       0.128190       0.128190        15      14.0      15.0       0.543774   341.380    78.150     8.490    0     119.855400      -0.527150
    -30.00      5.00      15.332100       0.199659       0.199659        15      14.0      15.0       0.543774   337.370    80.620     6.410    0     119.839333      -0.527710
    -30.00     10.00      10.664200       0.254671       0.254671        15      14.0      15.0       0.543774   338.060    72.040    -2.430    0     119.823242      -0.528280
    -30.00     15.00       5.996290       0.274321       0.274321        15      14.0      15.0       0.543774   340.550    79.600     1.700    0     119.807152      -0.528840
    -30.00     20.00       1.328390       0.290565       0.290565        15      14.0      15.0       0.543774   341.260    76.790    -2.720    0     119.791069      -0.529410
    -25.00     -5.00      24.667900       0.051794       0.051794        15      14.0      15.0       0.543774    37.830    53.920    75.740    0     119.869919      -0.481390
    -25.00      0.00      20.000000       0.098164       0.098164        15      14.0      15.0       0.543774   351.180    57.340    34.880    0     119.853828      -0.481950
    -25.00      5.00      15.332100       0.154368       0.154368        15      14.0      15.0       0.543774   338.440    75.000    13.000    0     119.837761      -0.482520
    -25.00     10.00      10.664200       0.198471       0.198471        15      14.0      15.0       0.543774   339.110    73.880     2.840    0     119.821671      -0.483090
    -25.00     15.00       5.996290       0.224590       0.224590        15      14.0      15.0       0.543774   340.900    81.880     4.840    0     119.805580      -0.483650
    -25.00     20.00       1.328390       0.238028       0.238028        15      14.0      15.0       0.543774   342.050    81.100     2.140    0     119.789497      -0.484220
    -20.00     -5.00      24.667900       0.044528       0.044528        15      14.0      15.0       0.543774    58.690    48.840    69.120    1     119.868347      -0.436200
    -20.00      0.00      20.000000       0.082926       0.082926        15      14.0      15.0       0.543774    10.290    47.320    64.890    0     119.852257      -0.436760
    -20.00      5.00      15.332100       0.116125       0.116125        15      14.0      15.0       0.543774   341.270    63.920    20.080    0     119.836189      -0.437330
    -20.00     10.00      10.664200       0.147288       0.147288        15      14.0      15.0       0.543774   340.500    75.250     8.220    0     119.820099      -0.437900
    -20.00     15.00       5.996290       0.179140       0.179140        15      14.0      15.0       0.543774   157.630    83.960   -21.640    0     119.804008      -0.438460
    -20.00     20.00       1.328390       0.189542       0.189542        15      14.0      15.0       0.543774   148.690    66.080   -43.230    0     119.787933      -0.439030
    -15.00     -5.00      24.667900       0.046256       0.046256        15      14.0      15.0       0.543774    85.850    37.500    60.220    1     119.866791      -0.391010
    -15.00      0.00      20.000000       0.062395       0.062395        15      14.0      15.0       0.543774    17.480    48.500    71.760    0     119.850700      -0.391570
    -15.00      5.00      15.332100       0.081115       0.081115        15      14.0      15.0       0.543774   347.920    54.910    30.880    0     119.834618      -0.392140
    -15.00     10.00      10.664200       0.107140       0.107140        15      14.0      15.0       0.543774   341.180    81.580    17.710    0     119.818527      -0.392700
    -15.00     15.00       5.996290       0.146242       0.146242        15      14.0      15.0       0.543774   138.800    62.240   -59.530    0     119.802452      -0.393270
    -15.00     20.00       1.328390       0.169174       0.169174        15      14.0      15.0       0.543774   124.270    56.180   -81.070    1     119.786362      -0.393840
    -10.00     -5.00      24.667900       0.047217       0.047217        15      14.0      15.0       0.543774   315.140    76.580   113.750    0     119.865219      -0.345820
    -10.00      0.00      20.000000       0.061109       0.061109        15      14.0      15.0       0.543774    97.620    25.670    78.130    1     119.849129      -0.346380
    -10.00      5.00      15.332100       0.051669       0.051669        15      14.0      15.0       0.543774    15.050    51.260    63.560    0     119.833054      -0.346950
    -10.00     10.00      10.664200       0.075411       0.075411        15      14.0      15.0       0.543774   343.230    88.060    33.910    0     119.816963      -0.347510
    -10.00     15.00       5.996290       0.126233       0.126233        15      14.0      15.0       0.543774   130.410    62.500   -75.390    1     119.800880      -0.348080
    -10.00     20.00       1.328390       0.155193       0.155193        15      14.0      15.0       0.543774   120.100    58.790   -87.510    1     119.784790      -0.348650
     -5.00     -5.00      24.667900       0.054717       0.054717        15      14.0      15.0       0.543774   218.960    20.310  -163.340    0     119.863647      -0.300630
     -5.00      0.00      20.000000       0.071226       0.071226        15      14.0      15.0       0.543774    80.040    10.050    59.740    1     119.847572      -0.301190
     -5.00      5.00      15.332100       0.043641       0.043641        15      14.0      15.0       0.543774    61.360    64.700    73.670    1     119.831482      -0.301760
     -5.00     10.00      10.664200       0.052426       0.052426        15      14.0      15.0       0.543774     3.150    73.270    54.590    0     119.815399      -0.302320
     -5.00     15.00       5.996290       0.106309       0.106309        15      14.0      15.0       0.543774   122.880    65.410   -87.620    1     119.799309      -0.302890
     -5.00     20.00       1.328390       0.135496       0.135496        15      14.0      15.0       0.543774   117.660    60.950   -91.800    1     119.783218      -0.303450
      0.00     -5.00      24.667900       0.103422       0.103422        15      14.0      15.0       0.543774   141.670    11.400   116.940    0     119.862091      -0.255430
      0.00      0.00      20.000000       0.090889       0.090889        15      14.0      15.0       0.543774    79.870    13.240    62.940    1     119.846001      -0.256000
      0.00      5.00      15.332100       0.036455       0.036455        15      14.0      15.0       0.543774   112.440    11.450    82.420    1     119.829910      -0.256570
      0.00     10.00      10.664200       0.025003       0.025003        15      14.0      15.0       0.543774     2.980    81.100    67.360    0     119.813828      -0.257130
      0.00     15.00       5.996290       0.085733       0.085733        15      14.0      15.0       0.543774   117.480    63.010   -91.760    1     119.797737      -0.257700
      0.00     20.00       1.328390       0.112531       0.112531        15      14.0      15.0       0.543774   114.450    60.660   -94.950    1     119.781647      -0.258260
      5.00     -5.00      24.667900       0.071108       0.071108        15      14.0      15.0       0.543774   321.970    74.220    99.440    0     119.860519      -0.210240
      5.00      0.00      20.000000       0.066416       0.066416        15      14.0      15.0       0.543774   320.350    74.630   115.680    0     119.844429      -0.210810
      5.00      5.00      15.332100       0.050659       0.050659        15      14.0      15.0       0.543774    95.270     9.690    62.500    1     119.828346      -0.211370
      5.00     10.00      10.664200       0.030191       0.030191        15      14.0      15.0       0.543774    78.790     8.510   -92.340    1     119.812263      -0.211940
      5.00     15.00       5.996290       0.068144       0.068144        15      14.0      15.0       0.543774   103.360    52.820   -90.460    1     119.796173      -0.212500
      5.00     20.00       1.328390       0.095731       0.095731        15      14.0      15.0       0.543774   103.150    56.900   -94.510    1     119.780090      -0.213070
     10.00     -5.00      24.667900       0.088396       0.088396        15      14.0      15.0       0.543774   343.800    67.580   117.770    0     119.858948      -0.165050
     10.00      0.00      20.000000       0.117817       0.117817        15      14.0      15.0       0.543774   345.420    70.320   112.270    0     119.842873      -0.165620
     10.00      5.00      15.332100       0.058775       0.058775        15      14.0      15.0       0.543774   348.790    73.210   115.640    0     119.826782      -0.166180
     10.00     10.00      10.664200       0.041103       0.041103        15      14.0      15.0       0.543774    49.300    25.150  -114.100    1     119.810692      -0.166750
     10.00     15.00       5.996290       0.083604       0.083604        15      14.0      15.0       0.543774    78.460    52.880   -92.660    1     119.794609      -0.167310
     10.00     20.00       1.328390       0.098901       0.098901        15      14.0      15.0       0.543774    81.640    54.430   -94.060    1     119.778519      -0.167880
     15.00     -5.00      24.667900       0.075153       0.075153        15      14.0      15.0       0.543774   342.650    58.700   111.890    0     119.857384      -0.119860
     15.00      0.00      20.000000       0.102659       0.102659        15      14.0      15.0       0.543774   137.190    31.650    65.660    0     119.841301      -0.120430
     15.00      5.00      15.332100       0.058890       0.058890        15      14.0      15.0       0.543774    17.100    83.460   146.640    0     119.825218      -0.120990
     15.00     10.00      10.664200       0.050098       0.050098        15      14.0      15.0       0.543774    42.450    59.070  -138.060    0     119.809128      -0.121560
     15.00     15.00       5.996290       0.081676       0.081676        15      14.0      15.0       0.543774    70.560    55.230  -101.780    1     119.793037      -0.122120
     15.00     20.00       1.328390       0.102777       0.102777        15      14.0      15.0       0.543774    75.900    55.570   -96.710    1     119.776947      -0.122690
     20.00     -5.00      24.667900       0.063224       0.063224        15      14.0      15.0       0.543774   163.940    39.500    85.800    0     119.855812      -0.074670
     20.00      0.00      20.000000       0.088291       0.088291        15      14.0      15.0       0.543774   181.290    39.680   110.270    0     119.839737      -0.075240
     20.00      5.00      15.332100       0.085226       0.085226        15      14.0      15.0       0.543774   212.510    77.970   179.250    0     119.823647      -0.075800
     20.00     10.00      10.664200       0.083179       0.083179        15      14.0      15.0       0.543774    39.190    77.660  -154.830    0     119.807564      -0.076370
     20.00     15.00       5.996290       0.091399       0.091399        15      14.0      15.0       0.543774    62.000    59.800  -120.570    1     119.791481      -0.076930
     20.00     20.00       1.328390       0.104825       0.104825        15      14.0      15.0       0.543774    75.220    56.250  -101.650    1     119.775391      -0.077500
     25.00     -5.00      24.667900       0.065605       0.065605        15      14.0      15.0       0.543774   198.100    49.060   112.010    0     119.854240      -0.029480
     25.00      0.00      20.000000       0.100700       0.100700        15      14.0      15.0       0.543774   313.310    78.830    13.680    0     119.838173      -0.030050
     25.00      5.00      15.332100       0.116629       0.116629        15      14.0      15.0       0.543774   218.270    85.400  -179.610    0     119.822083      -0.030610
     25.00     10.00      10.664200       0.113013       0.113013        15      14.0      15.0       0.543774    40.600    76.610  -164.840    0     119.806000      -0.031180
     25.00     15.00       5.996290       0.108337       0.108337        15      14.0      15.0       0.543774   310.430    63.340   -17.090    1     119.789909      -0.031740
     25.00     20.00       1.328390       0.105751       0.105751        15      14.0      15.0       0.543774    75.120    54.560  -107.140    1     119.773819      -0.032310
     30.00     -5.00      24.667900       0.082385       0.082385        15      14.0      15.0       0.543774   333.210    49.370    29.130    0     119.852669       0.015710
     30.00      0.00      20.000000       0.122656       0.122656        15      14.0      15.0       0.543774   316.810    86.110    -1.120    0     119.836601       0.015150
     30.00      5.00      15.332100       0.146490       0.146490        15      14.0      15.0       0.543774    41.940    88.670  -179.270    0     119.820518       0.014580
     30.00     10.00      10.664200       0.141962       0.141962        15      14.0      15.0       0.543774    41.590    85.200  -178.020    0     119.804428       0.014020
     30.00     15.00       5.996290       0.125334       0.125334        15      14.0      15.0       0.543774   133.420    78.800   -12.550    0     119.788338       0.013450
     30.00     20.00       1.328390       0.119865       0.119865        15      14.0      15.0       0.543774   129.550    72.010   -25.540    1     119.772263       0.012890
     35.00     -5.00      24.667900       0.097887       0.097887        15      14.0      15.0       0.543774   329.610    49.920     7.090    0     119.851097       0.060900
     35.00      0.00      20.000000       0.134363       0.134363        15      14.0      15.0       0.543774   319.250    82.790    -9.870    0     119.835037       0.060340
     35.00      5.00      15.332100       0.164107       0.164107        15      14.0      15.0       0.543774   313.980    86.140    -9.990    0     119.818947       0.059770
     35.00     10.00      10.664200       0.160857       0.160857        15      14.0      15.0       0.543774   130.960    65.750   -17.290    1     119.802856       0.059210
     35.00     15.00       5.996290       0.151124       0.151124        15      14.0      15.0       0.543774   131.310    62.270   -21.820    1     119.786781       0.058640
     35.00     20.00       1.328390       0.136483       0.136483        15      14.0      15.0       0.543774   130.560    66.470   -25.390    1     119.770691       0.058080
     40.00     -5.00      24.667900       0.101474       0.101474        15      14.0      15.0       0.543774   328.610    50.050    -5.070    0     119.849533       0.106090
     40.00      0.00      20.000000       0.142545       0.142545        15      14.0      15.0       0.543774   318.800    68.290   -16.990    0     119.833473       0.105530
     40.00      5.00      15.332100       0.163168       0.163168        15      14.0      15.0       0.543774   312.580    77.400   -21.770    1     119.817390       0.104960
     40.00     10.00      10.664200       0.165614       0.165614        15      14.0      15.0       0.543774   125.550    50.570   -34.880    1     119.801300       0.104400
     40.00     15.00       5.996290       0.163270       0.163270        15      14.0      15.0       0.543774   128.530    52.500   -28.310    1     119.785210       0.103830
     40.00     20.00       1.328390       0.137089       0.137089        15      14.0      15.0       0.543774   130.460    61.000   -26.470    1     119.769127       0.103270
     45.00     -5.00      24.667900       0.088535       0.088535        15      14.0      15.0       0.543774   329.360    54.840   -13.300    0     119.847961       0.151280
     45.00      0.00      20.000000       0.122154       0.122154        15      14.0      15.0       0.543774   319.230    69.110   -28.170    0     119.831909       0.150720
     45.00      5.00      15.332100       0.138600       0.138600        15      14.0      15.0       0.543774   308.430    71.000   -34.480    1     119.815819       0.150150
     45.00     10.00      10.664200       0.133286       0.133286        15      14.0      15.0       0.543774   119.470    40.460   -48.690    1     119.799728       0.149590
     45.00     15.00       5.996290       0.145402       0.145402        15      14.0      15.0       0.543774   125.780    46.140   -34.640    1     119.783653       0.149020
     45.00     20.00       1.328390       0.115651       0.115651        15      14.0      15.0       0.543774   130.000    56.310   -27.260    1     119.767563       0.148460
     50.00     -5.00      24.667900       0.064859       0.064859        15      14.0      15.0       0.543774   352.550    88.150   -51.840    0     119.846390       0.196470
     50.00      0.00      20.000000       0.082734       0.082734        15      14.0      15.0       0.543774   318.210    66.780   -34.740    0     119.830338       0.195910
     50.00      5.00      15.332100       0.079854       0.079854        15      14.0      15.0       0.543774   307.150    74.850   -35.580    1     119.814247       0.195340
     50.00     10.00      10.664200       0.081425       0.081425        15      14.0      15.0       0.543774   117.830    33.390   -52.770    1     119.798172       0.194780
     50.00     15.00       5.996290       0.089778       0.089778        15      14.0      15.0       0.543774   123.630    42.250   -38.010    1     119.782082       0.194210
     50.00     20.00       1.328390       0.069877       0.069877        15      14.0      15.0       0.543774   128.730    54.120   -28.930    1     119.765991       0.193650
