      xloc      yloc          depth         ave SR         max SR         #     start       end     max SR all       str       dip      rake flag
   -185.00     -5.00      24.667900       0.091205       0.091205        39      38.0      39.0       0.543774   209.750    20.960   167.930    0     119.920059      -1.927490
   -185.00      0.00      20.000000       0.083582       0.083582        39      38.0      39.0       0.543774   316.560    84.660    69.440    0     119.903961      -1.928060
   -185.00      5.00      15.332100       0.069619       0.069619        39      38.0      39.0       0.543774   186.540    46.990   171.360    0     119.887871      -1.928620
   -185.00     10.00      10.664200       0.126809       0.126809        39      38.0      39.0       0.543774   154.550    18.640   176.210    0     119.871780      -1.929190
   -185.00     15.00       5.996290       0.121045       0.121045        39      38.0      39.0       0.543774   140.950    22.010   157.120    0     119.855682      -1.929750
   -185.00     20.00       1.328390       0.075907       0.075907        39      38.0      39.0       0.543774   147.830    21.500   166.750    0     119.839706      -1.930320
   -180.00     -5.00      24.667900       0.100361       0.100361        39      38.0      39.0       0.543774   202.910    20.380   161.410    0     119.918488      -1.882300
   -180.00      0.00      20.000000       0.089584       0.089584        39      38.0      39.0       0.543774   212.010    36.280   175.990    0     119.902397      -1.882870
   -180.00      5.00      15.332100       0.094378       0.094378        39      38.0      39.0       0.543774   185.390    59.050   161.620    0     119.886299      -1.883430
   -180.00     10.00      10.664200       0.117934       0.117934        39      38.0      39.0       0.543774   155.300    27.670   174.950    0     119.870209      -1.884000
   -180.00     15.00       5.996290       0.130619       0.130619        39      38.0      39.0       0.543774   142.780    25.270   167.490    0     119.854118      -1.884560
   -180.00     20.00       1.328390       0.079043       0.079043        39      38.0      39.0       0.543774   147.050    29.200   175.130    0     119.838142      -1.885130
   -175.00     -5.00      24.667900       0.080598       0.080598        39      38.0      39.0       0.543774   199.650    21.160   164.160    0     119.916924      -1.837110
   -175.00      0.00      20.000000       0.078642       0.078642        39      38.0      39.0       0.543774   205.950    54.180  -178.460    0     119.900833      -1.837680
   -175.00      5.00      15.332100       0.094480       0.094480        39      38.0      39.0       0.543774   197.040    85.350   148.120    0     119.884743      -1.838240
   -175.00     10.00      10.664200       0.078717       0.078717        39      38.0      39.0       0.543774    20.130    79.230  -120.030    0     119.868637      -1.838810
   -175.00     15.00       5.996290       0.077913       0.077913        39      38.0      39.0       0.543774   180.260     9.330  -120.310    0     119.852547      -1.839370
   -175.00     20.00       1.328390       0.044116       0.044116        39      38.0      39.0       0.543774   199.190    17.430   -82.980    0     119.836571      -1.839940
   -170.00     -5.00      24.667900       0.071381       0.071381        39      38.0      39.0       0.543774   194.150    23.360   168.870    0     119.915352      -1.791920
   -170.00      0.00      20.000000       0.078330       0.078330        39      38.0      39.0       0.543774   202.460    77.400   160.090    0     119.899261      -1.792490
   -170.00      5.00      15.332100       0.105734       0.105734        39      38.0      39.0       0.543774    31.890    67.590  -146.720    0     119.883171      -1.793050
   -170.00     10.00      10.664200       0.101382       0.101382        39      38.0      39.0       0.543774    46.210    47.030  -137.590    1     119.867081      -1.793620
   -170.00     15.00       5.996290       0.071883       0.071883        39      38.0      39.0       0.543774   172.360    11.470   -81.240    0     119.850983      -1.794180
   -170.00     20.00       1.328390       0.066597       0.066597        39      38.0      39.0       0.543774   119.090    18.660   -95.510    1     119.834999      -1.794750
   -165.00     -5.00      24.667900       0.070317       0.070317        39      38.0      39.0       0.543774   193.640    33.600   176.940    0     119.913788      -1.746730
   -165.00      0.00      20.000000       0.099880       0.099880        39      38.0      39.0       0.543774    25.100    87.220  -144.500    0     119.897690      -1.747300
   -165.00      5.00      15.332100       0.140153       0.140153        39      38.0      39.0       0.543774    41.500    48.620  -149.590    0     119.881599      -1.747860
   -165.00     10.00      10.664200       0.153181       0.153181        39      38.0      39.0       0.543774    57.370    34.910  -138.960    1     119.865509      -1.748430
   -165.00     15.00       5.996290       0.125419       0.125419        39      38.0      39.0       0.543774    76.780    26.770  -135.310    1     119.849419      -1.748990
   -165.00     20.00       1.328390       0.116897       0.116897        39      38.0      39.0       0.543774   106.230    19.860   -97.140    1     119.833427      -1.749560
   -160.00     -5.00      24.667900       0.084551       0.084551        39      38.0      39.0       0.543774   200.330    29.670  -158.880    0     119.912216      -1.701540
   -160.00      0.00      20.000000       0.131282       0.131282        39      38.0      39.0       0.543774    32.090    78.070  -136.130    0     119.896133      -1.702110
   -160.00      5.00      15.332100       0.166090       0.166090        39      38.0      39.0       0.543774    47.410    42.660  -147.950    1     119.880028      -1.702670
   -160.00     10.00      10.664200       0.177182       0.177182        39      38.0      39.0       0.543774    59.960    31.940  -142.540    1     119.863937      -1.703240
   -160.00     15.00       5.996290       0.158348       0.158348        39      38.0      39.0       0.543774    78.330    22.830  -136.520    1     119.847847      -1.703800
   -160.00     20.00       1.328390       0.139516       0.139516        39      38.0      39.0       0.543774   118.480    17.730   -84.810    1     119.831863      -1.704370
   -155.00     -5.00      24.667900       0.091851       0.091851        39      38.0      39.0       0.543774   215.040    27.260  -136.360    0     119.910652      -1.656350
   -155.00      0.00      20.000000       0.135106       0.135106        39      38.0      39.0       0.543774    39.600    73.040  -135.990    0     119.894562      -1.656920
   -155.00      5.00      15.332100       0.164343       0.164343        39      38.0      39.0       0.543774    52.010    44.910  -145.850    1     119.878471      -1.657480
   -155.00     10.00      10.664200       0.170977       0.170977        39      38.0      39.0       0.543774    61.290    32.040  -144.780    1     119.862373      -1.658050
   -155.00     15.00       5.996290       0.159877       0.159877        39      38.0      39.0       0.543774    82.440    18.410  -131.000    1     119.846283      -1.658610
   -155.00     20.00       1.328390       0.141152       0.141152        39      38.0      39.0       0.543774   157.150    22.350   -36.500    0     119.830292      -1.659180
   -150.00     -5.00      24.667900       0.076951       0.076951        39      38.0      39.0       0.543774   203.030    52.290  -169.610    0     119.909081      -1.611160
   -150.00      0.00      20.000000       0.115248       0.115248        39      38.0      39.0       0.543774    41.470    73.610  -151.950    0     119.892990      -1.611730
   -150.00      5.00      15.332100       0.146047       0.146047        39      38.0      39.0       0.543774   306.300    70.700   -38.270    1     119.876900      -1.612290
   -150.00     10.00      10.664200       0.143722       0.143722        39      38.0      39.0       0.543774    56.600    39.330  -158.370    1     119.860809      -1.612860
   -150.00     15.00       5.996290       0.138898       0.138898        39      38.0      39.0       0.543774   143.090    15.410   -57.050    0     119.844818      -1.613420
   -150.00     20.00       1.328390       0.136558       0.136558        39      38.0      39.0       0.543774   172.690    40.630    -6.590    0     119.828720      -1.613990
   -145.00     -5.00      24.667900       0.074821       0.074821        39      38.0      39.0       0.543774   206.710    59.440  -173.940    0     119.907516      -1.565970
   -145.00      0.00      20.000000       0.119439       0.119439        39      38.0      39.0       0.543774   222.450    72.690  -164.530    0     119.891418      -1.566530
   -145.00      5.00      15.332100       0.130645       0.130645        39      38.0      39.0       0.543774   141.690    74.170     3.840    0     119.875328      -1.567100
   -145.00     10.00      10.664200       0.137402       0.137402        39      38.0      39.0       0.543774   157.980    57.210    10.540    0     119.859238      -1.567660
   -145.00     15.00       5.996290       0.143989       0.143989        39      38.0      39.0       0.543774   177.800    50.620    14.950    0     119.843246      -1.568230
   -145.00     20.00       1.328390       0.136017       0.136017        39      38.0      39.0       0.543774   177.950    51.850     4.120    0     119.827148      -1.568800
   -140.00     -5.00      24.667900       0.081853       0.081853        39      38.0      39.0       0.543774   213.710    53.320  -169.350    0     119.905952      -1.520780
   -140.00      0.00      20.000000       0.135605       0.135605        39      38.0      39.0       0.543774   129.290    69.690   -21.450    1     119.889862      -1.521340
   -140.00      5.00      15.332100       0.124402       0.124402        39      38.0      39.0       0.543774   146.460    61.050     6.280    0     119.873772      -1.521910
   -140.00     10.00      10.664200       0.148984       0.148984        39      38.0      39.0       0.543774   171.690    43.550    23.110    0     119.857681      -1.522470
   -140.00     15.00       5.996290       0.166859       0.166859        39      38.0      39.0       0.543774   188.090    43.250    23.980    0     119.841682      -1.523040
   -140.00     20.00       1.328390       0.143075       0.143075        39      38.0      39.0       0.543774   185.960    48.850    15.290    0     119.825577      -1.523610
   -135.00     -5.00      24.667900       0.085284       0.085284        39      38.0      39.0       0.543774   216.500    42.960  -172.890    0     119.904381      -1.475590
   -135.00      0.00      20.000000       0.128392       0.128392        39      38.0      39.0       0.543774   131.910    73.610   -24.150    1     119.888290      -1.476150
   -135.00      5.00      15.332100       0.106581       0.106581        39      38.0      39.0       0.543774   153.100    51.950    19.340    0     119.872200      -1.476720
   -135.00     10.00      10.664200       0.144836       0.144836        39      38.0      39.0       0.543774   185.500    38.290    36.130    0     119.856110      -1.477280
   -135.00     15.00       5.996290       0.170570       0.170570        39      38.0      39.0       0.543774   198.630    38.750    32.370    0     119.840111      -1.477850
   -135.00     20.00       1.328390       0.138418       0.138418        39      38.0      39.0       0.543774   198.390    42.650    30.670    0     119.824020      -1.478410
   -130.00     -5.00      24.667900       0.079932       0.079932        39      38.0      39.0       0.543774   219.700    36.220  -172.320    0     119.902809      -1.430400
   -130.00      0.00      20.000000       0.091440       0.091440        39      38.0      39.0       0.543774   134.360    72.830   -16.470    0     119.886719      -1.430960
   -130.00      5.00      15.332100       0.077423       0.077423        39      38.0      39.0       0.543774   174.060    42.840    50.160    0     119.870628      -1.431530
   -130.00     10.00      10.664200       0.114344       0.114344        39      38.0      39.0       0.543774   202.150    34.640    48.950    0     119.854538      -1.432090
   -130.00     15.00       5.996290       0.130539       0.130539        39      38.0      39.0       0.543774   206.300    39.610    36.450    0     119.838539      -1.432660
   -130.00     20.00       1.328390       0.101042       0.101042        39      38.0      39.0       0.543774   206.820    45.850    36.060    0     119.822449      -1.433220
   -125.00     -5.00      24.667900       0.053086       0.053086        39      38.0      39.0       0.543774   127.900    69.960   -49.110    1     119.901253      -1.385210
   -125.00      0.00      20.000000       0.040210       0.040210        39      38.0      39.0       0.543774   144.110    75.070    24.820    0     119.885162      -1.385770
   -125.00      5.00      15.332100       0.041934       0.041934        39      38.0      39.0       0.543774   189.990    32.640    50.800    0     119.869072      -1.386340
   -125.00     10.00      10.664200       0.050402       0.050402        39      38.0      39.0       0.543774    59.600    61.040    89.430    1     119.852982      -1.386900
   -125.00     15.00       5.996290       0.035552       0.035552        39      38.0      39.0       0.543774   197.370    50.190     9.230    0     119.836967      -1.387470
   -125.00     20.00       1.328390       0.033229       0.033229        39      38.0      39.0       0.543774   205.550    63.060    19.580    0     119.820877      -1.388030
   -120.00     -5.00      24.667900       0.000000       0.000000        39      38.0      39.0       0.543774   180.000    45.000    90.000    0     119.899681      -1.340020
   -120.00      0.00      20.000000       0.000000       0.000000        39      38.0      39.0       0.543774   180.000    45.000    90.000    0     119.883591      -1.340580
   -120.00      5.00      15.332100       0.000000       0.000000        39      38.0      39.0       0.543774   180.000    45.000    90.000    0     119.867500      -1.341150
   -120.00     10.00      10.664200       0.000000       0.000000        39      38.0      39.0       0.543774   180.000    45.000    90.000    0     119.851410      -1.341710
   -120.00     15.00       5.996290       0.000000       0.000000        39      38.0      39.0       0.543774   180.000    45.000    90.000    0     119.835403      -1.342280
   -120.00     20.00       1.328390       0.000000       0.000000        39      38.0      39.0       0.543774   180.000    45.000    90.000    0     119.819313      -1.342840
   -115.00     -5.00      24.667900       0.000000       0.000000        39      38.0      39.0       0.543774   180.000    45.000    90.000    0     119.898109      -1.294830
   -115.00      0.00      20.000000       0.000000       0.000000        39      38.0      39.0       0.543774   180.000    45.000    90.000    0     119.882019      -1.295390
   -115.00      5.00      15.332100       0.000000       0.000000        39      38.0      39.0       0.543774   180.000    45.000    90.000    0     119.865929      -1.295960
   -115.00     10.00      10.664200       0.000000       0.000000        39      38.0      39.0       0.543774   180.000    45.000    90.000    0     119.849838      -1.296520
   -115.00     15.00       5.996290       0.000000       0.000000        39      38.0      39.0       0.543774   180.000    45.000    90.000    0     119.833832      -1.297090
   -115.00     20.00       1.328390       0.000000       0.000000        39      38.0      39.0       0.543774   180.000    45.000    90.000    0     119.817741      -1.297650
   -110.00     -5.00      24.667900       0.000000       0.000000        39      38.0      39.0       0.543774   180.000    45.000    90.000    0     119.896553      -1.249630
   -110.00      0.00      20.000000       0.000000       0.000000        39      38.0      39.0       0.543774   180.000    45.000    90.000    0     119.880463      -1.250200
   -110.00      5.00      15.332100       0.000000       0.000000        39      38.0      39.0       0.543774   180.000    45.000    90.000    0     119.864372      -1.250760
   -110.00     10.00      10.664200       0.000000       0.000000        39      38.0      39.0       0.543774   180.000    45.000    90.000    0     119.848282      -1.251330
   -110.00     15.00       5.996290       0.000000       0.000000        39      38.0      39.0       0.543774   180.000    45.000    90.000    0     119.832260      -1.251900
   -110.00     20.00       1.328390       0.000000       0.000000        39      38.0      39.0       0.543774   180.000    45.000    90.000    0     119.816170      -1.252460
   -105.00     -5.00      24.667900       0.000000       0.000000        39      38.0      39.0       0.543774   180.000    45.000    90.000    0     119.894981      -1.204440
   -105.00      0.00      20.000000       0.000000       0.000000        39      38.0      39.0       0.543774   180.000    45.000    90.000    0     119.878891      -1.205010
   -105.00      5.00      15.332100       0.000000       0.000000        39      38.0      39.0       0.543774   180.000    45.000    90.000    0     119.862801      -1.205570
   -105.00     10.00      10.664200       0.000000       0.000000        39      38.0      39.0       0.543774   180.000    45.000    90.000    0     119.846710      -1.206140
   -105.00     15.00       5.996290       0.000000       0.000000        39      38.0      39.0       0.543774   180.000    45.000    90.000    0     119.830688      -1.206700
   -105.00     20.00       1.328390       0.000000       0.000000        39      38.0      39.0       0.543774   180.000    45.000    90.000    0     119.814598      -1.207270
   -100.00     -5.00      24.667900       0.000000       0.000000        39      38.0      39.0       0.543774   180.000    45.000    90.000    0     119.893410      -1.159250
   -100.00      0.00      20.000000       0.000000       0.000000        39      38.0      39.0       0.543774   180.000    45.000    90.000    0     119.877319      -1.159820
   -100.00      5.00      15.332100       0.000000       0.000000        39      38.0      39.0       0.543774   180.000    45.000    90.000    0     119.861229      -1.160380
   -100.00     10.00      10.664200       0.000000       0.000000        39      38.0      39.0       0.543774   180.000    45.000    90.000    0     119.845207      -1.160950
   -100.00     15.00       5.996290       0.000000       0.000000        39      38.0      39.0       0.543774   180.000    45.000    90.000    0     119.829117      -1.161510
   -100.00     20.00       1.328390       0.000000       0.000000        39      38.0      39.0       0.543774   180.000    45.000    90.000    0     119.813026      -1.162080
    -95.00     -5.00      24.667900       0.000000       0.000000        39      38.0      39.0       0.543774   180.000    45.000    90.000    0     119.891853      -1.114060
    -95.00      0.00      20.000000       0.000000       0.000000        39      38.0      39.0       0.543774   180.000    45.000    90.000    0     119.875763      -1.114630
    -95.00      5.00      15.332100       0.000000       0.000000        39      38.0      39.0       0.543774   180.000    45.000    90.000    0     119.859673      -1.115190
    -95.00     10.00      10.664200       0.000000       0.000000        39      38.0      39.0       0.543774   180.000    45.000    90.000    0     119.843643      -1.115760
    -95.00     15.00       5.996290       0.000000       0.000000        39      38.0      39.0       0.543774   180.000    45.000    90.000    0     119.827553      -1.116320
    -95.00     20.00       1.328390       0.000000       0.000000        39      38.0      39.0       0.543774   180.000    45.000    90.000    0     119.811462      -1.116890
    -90.00     -5.00      24.667900       0.000000       0.000000        39      38.0      39.0       0.543774   180.000    45.000    90.000    0     119.890282      -1.068870
    -90.00      0.00      20.000000       0.000000       0.000000        39      38.0      39.0       0.543774   180.000    45.000    90.000    0     119.874191      -1.069440
    -90.00      5.00      15.332100       0.000000       0.000000        39      38.0      39.0       0.543774   180.000    45.000    90.000    0     119.858101      -1.070000
    -90.00     10.00      10.664200       0.000000       0.000000        39      38.0      39.0       0.543774   180.000    45.000    90.000    0     119.842072      -1.070570
    -90.00     15.00       5.996290       0.000000       0.000000        39      38.0      39.0       0.543774   180.000    45.000    90.000    0     119.825981      -1.071130
    -90.00     20.00       1.328390       0.000000       0.000000        39      38.0      39.0       0.543774   180.000    45.000    90.000    0     119.809891      -1.071700
    -85.00     -5.00      24.667900       0.000000       0.000000        39      38.0      39.0       0.543774   180.000    45.000    90.000    0     119.888710      -1.023680
    -85.00      0.00      20.000000       0.000000       0.000000        39      38.0      39.0       0.543774   180.000    45.000    90.000    0     119.872620      -1.024250
    -85.00      5.00      15.332100       0.000000       0.000000        39      38.0      39.0       0.543774   180.000    45.000    90.000    0     119.856537      -1.024810
    -85.00     10.00      10.664200       0.000000       0.000000        39      38.0      39.0       0.543774   180.000    45.000    90.000    0     119.840500      -1.025380
    -85.00     15.00       5.996290       0.000000       0.000000        39      38.0      39.0       0.543774   180.000    45.000    90.000    0     119.824409      -1.025940
    -85.00     20.00       1.328390       0.000000       0.000000        39      38.0      39.0       0.543774   180.000    45.000    90.000    0     119.808319      -1.026510
    -80.00     -5.00      24.667900       0.000000       0.000000        39      38.0      39.0       0.543774   180.000    45.000    90.000    0     119.887154      -0.978490
    -80.00      0.00      20.000000       0.000000       0.000000        39      38.0      39.0       0.543774   180.000    45.000    90.000    0     119.871063      -0.979050
    -80.00      5.00      15.332100       0.000000       0.000000        39      38.0      39.0       0.543774   180.000    45.000    90.000    0     119.854973      -0.979620
    -80.00     10.00      10.664200       0.000000       0.000000        39      38.0      39.0       0.543774   180.000    45.000    90.000    0     119.838928      -0.980190
    -80.00     15.00       5.996290       0.000000       0.000000        39      38.0      39.0       0.543774   180.000    45.000    90.000    0     119.822838      -0.980750
    -80.00     20.00       1.328390       0.000000       0.000000        39      38.0      39.0       0.543774   180.000    45.000    90.000    0     119.806763      -0.981320
    -75.00     -5.00      24.667900       0.000000       0.000000        39      38.0      39.0       0.543774   180.000    45.000    90.000    0     119.885582      -0.933300
    -75.00      0.00      20.000000       0.000000       0.000000        39      38.0      39.0       0.543774   180.000    45.000    90.000    0     119.869492      -0.933860
    -75.00      5.00      15.332100       0.000000       0.000000        39      38.0      39.0       0.543774   180.000    45.000    90.000    0     119.853401      -0.934430
    -75.00     10.00      10.664200       0.000000       0.000000        39      38.0      39.0       0.543774   180.000    45.000    90.000    0     119.837357      -0.934990
    -75.00     15.00       5.996290       0.000000       0.000000        39      38.0      39.0       0.543774   180.000    45.000    90.000    0     119.821274      -0.935560
    -75.00     20.00       1.328390       0.000000       0.000000        39      38.0      39.0       0.543774   180.000    45.000    90.000    0     119.805191      -0.936130
    -70.00     -5.00      24.667900       0.000000       0.000000        39      38.0      39.0       0.543774   180.000    45.000    90.000    0     119.884010      -0.888110
    -70.00      0.00      20.000000       0.000000       0.000000        39      38.0      39.0       0.543774   180.000    45.000    90.000    0     119.867928      -0.888670
    -70.00      5.00      15.332100       0.000000       0.000000        39      38.0      39.0       0.543774   180.000    45.000    90.000    0     119.851837      -0.889240
    -70.00     10.00      10.664200       0.000000       0.000000        39      38.0      39.0       0.543774   180.000    45.000    90.000    0     119.835793      -0.889800
    -70.00     15.00       5.996290       0.000000       0.000000        39      38.0      39.0       0.543774   180.000    45.000    90.000    0     119.819710      -0.890370
    -70.00     20.00       1.328390       0.000000       0.000000        39      38.0      39.0       0.543774   180.000    45.000    90.000    0     119.803619      -0.890940
    -65.00     -5.00      24.667900       0.000000       0.000000        39      38.0      39.0       0.543774   180.000    45.000    90.000    0     119.882446      -0.842920
    -65.00      0.00      20.000000       0.000000       0.000000        39      38.0      39.0       0.543774   180.000    45.000    90.000    0     119.866364      -0.843480
    -65.00      5.00      15.332100       0.000000       0.000000        39      38.0      39.0       0.543774   180.000    45.000    90.000    0     119.850273      -0.844050
    -65.00     10.00      10.664200       0.000000       0.000000        39      38.0      39.0       0.543774   180.000    45.000    90.000    0     119.834221      -0.844610
    -65.00     15.00       5.996290       0.000000       0.000000        39      38.0      39.0       0.543774   180.000    45.000    90.000    0     119.818138      -0.845180
    -65.00     20.00       1.328390       0.000000       0.000000        39      38.0      39.0       0.543774   180.000    45.000    90.000    0     119.802048      -0.845750
    -60.00     -5.00      24.667900       0.000000       0.000000        39      38.0      39.0       0.543774   180.000    45.000    90.000    0     119.880882      -0.797730
    -60.00      0.00      20.000000       0.000000       0.000000        39      38.0      39.0       0.543774   180.000    45.000    90.000    0     119.864792      -0.798290
    -60.00      5.00      15.332100       0.000000       0.000000        39      38.0      39.0       0.543774   180.000    45.000    90.000    0     119.848701      -0.798860
    -60.00     10.00      10.664200       0.000000       0.000000        39      38.0      39.0       0.543774   180.000    45.000    90.000    0     119.832657      -0.799420
    -60.00     15.00       5.996290       0.000000       0.000000        39      38.0      39.0       0.543774   180.000    45.000    90.000    0     119.816566      -0.799990
    -60.00     20.00       1.328390       0.000000       0.000000        39      38.0      39.0       0.543774   180.000    45.000    90.000    0     119.800484      -0.800550
    -55.00     -5.00      24.667900       0.000000       0.000000        39      38.0      39.0       0.543774   180.000    45.000    90.000    0     119.879311      -0.752540
    -55.00      0.00      20.000000       0.000000       0.000000        39      38.0      39.0       0.543774   180.000    45.000    90.000    0     119.863228      -0.753100
    -55.00      5.00      15.332100       0.000000       0.000000        39      38.0      39.0       0.543774   180.000    45.000    90.000    0     119.847137      -0.753670
    -55.00     10.00      10.664200       0.000000       0.000000        39      38.0      39.0       0.543774   180.000    45.000    90.000    0     119.831093      -0.754230
    -55.00     15.00       5.996290       0.000000       0.000000        39      38.0      39.0       0.543774   180.000    45.000    90.000    0     119.815002      -0.754800
    -55.00     20.00       1.328390       0.000000       0.000000        39      38.0      39.0       0.543774   180.000    45.000    90.000    0     119.798912      -0.755360
    -50.00     -5.00      24.667900       0.000000       0.000000        39      38.0      39.0       0.543774   180.000    45.000    90.000    0     119.877747      -0.707340
    -50.00      0.00      20.000000       0.000000       0.000000        39      38.0      39.0       0.543774   180.000    45.000    90.000    0     119.861656      -0.707910
    -50.00      5.00      15.332100       0.000000       0.000000        39      38.0      39.0       0.543774   180.000    45.000    90.000    0     119.845612      -0.708470
    -50.00     10.00      10.664200       0.000000       0.000000        39      38.0      39.0       0.543774   180.000    45.000    90.000    0     119.829521      -0.709040
    -50.00     15.00       5.996290       0.000000       0.000000        39      38.0      39.0       0.543774   180.000    45.000    90.000    0     119.813431      -0.709610
    -50.00     20.00       1.328390       0.000000       0.000000        39      38.0      39.0       0.543774   180.000    45.000    90.000    0     119.797340      -0.710170
    -45.00     -5.00      24.667900       0.000000       0.000000        39      38.0      39.0       0.543774   180.000    45.000    90.000    0     119.876183      -0.662150
    -45.00      0.00      20.000000       0.000000       0.000000        39      38.0      39.0       0.543774   180.000    45.000    90.000    0     119.860092      -0.662720
    -45.00      5.00      15.332100       0.000000       0.000000        39      38.0      39.0       0.543774   180.000    45.000    90.000    0     119.844040      -0.663280
    -45.00     10.00      10.664200       0.000000       0.000000        39      38.0      39.0       0.543774   180.000    45.000    90.000    0     119.827950      -0.663850
    -45.00     15.00       5.996290       0.000000       0.000000        39      38.0      39.0       0.543774   180.000    45.000    90.000    0     119.811859      -0.664420
    -45.00     20.00       1.328390       0.000000       0.000000        39      38.0      39.0       0.543774   180.000    45.000    90.000    0     119.795769      -0.664980
    -40.00     -5.00      24.667900       0.000000       0.000000        39      38.0      39.0       0.543774   180.000    45.000    90.000    0     119.874619      -0.616960
    -40.00      0.00      20.000000       0.000000       0.000000        39      38.0      39.0       0.543774   180.000    45.000    90.000    0     119.858528      -0.617530
    -40.00      5.00      15.332100       0.000000       0.000000        39      38.0      39.0       0.543774   180.000    45.000    90.000    0     119.842468      -0.618090
    -40.00     10.00      10.664200       0.000000       0.000000        39      38.0      39.0       0.543774   180.000    45.000    90.000    0     119.826378      -0.618660
    -40.00     15.00       5.996290       0.000000       0.000000        39      38.0      39.0       0.543774   180.000    45.000    90.000    0     119.810287      -0.619220
    -40.00     20.00       1.328390       0.000000       0.000000        39      38.0      39.0       0.543774   180.000    45.000    90.000    0     119.794197      -0.619790
    -35.00     -5.00      24.667900       0.000000       0.000000        39      38.0      39.0       0.543774   180.000    45.000    90.000    0     119.873047      -0.571770
    -35.00      0.00      20.000000       0.000000       0.000000        39      38.0      39.0       0.543774   180.000    45.000    90.000    0     119.856956      -0.572340
    -35.00      5.00      15.332100       0.000000       0.000000        39      38.0      39.0       0.543774   180.000    45.000    90.000    0     119.840897      -0.572900
    -35.00     10.00      10.664200       0.000000       0.000000        39      38.0      39.0       0.543774   180.000    45.000    90.000    0     119.824806      -0.573470
    -35.00     15.00       5.996290       0.000000       0.000000        39      38.0      39.0       0.543774   180.000    45.000    90.000    0     119.808723      -0.574030
    -35.00     20.00       1.328390       0.000000       0.000000        39      38.0      39.0       0.543774   180.000    45.000    90.000    0     119.792633      -0.574600
    -30.00     -5.00      24.667900       0.000000       0.000000        39      38.0      39.0       0.543774   180.000    45.000    90.000    0     119.871483      -0.526580
    -30.00      0.00      20.000000       0.000000       0.000000        39      38.0      39.0       0.543774   180.000    45.000    90.000    0     119.855400      -0.527150
    -30.00      5.00      15.332100       0.000000       0.000000        39      38.0      39.0       0.543774   180.000    45.000    90.000    0     119.839333      -0.527710
    -30.00     10.00      10.664200       0.000000       0.000000        39      38.0      39.0       0.543774   180.000    45.000    90.000    0     119.823242      -0.528280
    -30.00     15.00       5.996290       0.000000       0.000000        39      38.0      39.0       0.543774   180.000    45.000    90.000    0     119.807152      -0.528840
    -30.00     20.00       1.328390       0.000000       0.000000        39      38.0      39.0       0.543774   180.000    45.000    90.000    0     119.791069      -0.529410
    -25.00     -5.00      24.667900       0.000000       0.000000        39      38.0      39.0       0.543774   180.000    45.000    90.000    0     119.869919      -0.481390
    -25.00      0.00      20.000000       0.000000       0.000000        39      38.0      39.0       0.543774   180.000    45.000    90.000    0     119.853828      -0.481950
    -25.00      5.00      15.332100       0.000000       0.000000        39      38.0      39.0       0.543774   180.000    45.000    90.000    0     119.837761      -0.482520
    -25.00     10.00      10.664200       0.000000       0.000000        39      38.0      39.0       0.543774   180.000    45.000    90.000    0     119.821671      -0.483090
    -25.00     15.00       5.996290       0.000000       0.000000        39      38.0      39.0       0.543774   180.000    45.000    90.000    0     119.805580      -0.483650
    -25.00     20.00       1.328390       0.000000       0.000000        39      38.0      39.0       0.543774   180.000    45.000    90.000    0     119.789497      -0.484220
    -20.00     -5.00      24.667900       0.000000       0.000000        39      38.0      39.0       0.543774   180.000    45.000    90.000    0     119.868347      -0.436200
    -20.00      0.00      20.000000       0.000000       0.000000        39      38.0      39.0       0.543774   180.000    45.000    90.000    0     119.852257      -0.436760
    -20.00      5.00      15.332100       0.000000       0.000000        39      38.0      39.0       0.543774   180.000    45.000    90.000    0     119.836189      -0.437330
    -20.00     10.00      10.664200       0.000000       0.000000        39      38.0      39.0       0.543774   180.000    45.000    90.000    0     119.820099      -0.437900
    -20.00     15.00       5.996290       0.000000       0.000000        39      38.0      39.0       0.543774   180.000    45.000    90.000    0     119.804008      -0.438460
    -20.00     20.00       1.328390       0.000000       0.000000        39      38.0      39.0       0.543774   180.000    45.000    90.000    0     119.787933      -0.439030
    -15.00     -5.00      24.667900       0.000000       0.000000        39      38.0      39.0       0.543774   180.000    45.000    90.000    0     119.866791      -0.391010
    -15.00      0.00      20.000000       0.000000       0.000000        39      38.0      39.0       0.543774   180.000    45.000    90.000    0     119.850700      -0.391570
    -15.00      5.00      15.332100       0.000000       0.000000        39      38.0      39.0       0.543774   180.000    45.000    90.000    0     119.834618      -0.392140
    -15.00     10.00      10.664200       0.000000       0.000000        39      38.0      39.0       0.543774   180.000    45.000    90.000    0     119.818527      -0.392700
    -15.00     15.00       5.996290       0.000000       0.000000        39      38.0      39.0       0.543774   180.000    45.000    90.000    0     119.802452      -0.393270
    -15.00     20.00       1.328390       0.000000       0.000000        39      38.0      39.0       0.543774   180.000    45.000    90.000    0     119.786362      -0.393840
    -10.00     -5.00      24.667900       0.000000       0.000000        39      38.0      39.0       0.543774   180.000    45.000    90.000    0     119.865219      -0.345820
    -10.00      0.00      20.000000       0.000000       0.000000        39      38.0      39.0       0.543774   180.000    45.000    90.000    0     119.849129      -0.346380
    -10.00      5.00      15.332100       0.000000       0.000000        39      38.0      39.0       0.543774   180.000    45.000    90.000    0     119.833054      -0.346950
    -10.00     10.00      10.664200       0.000000       0.000000        39      38.0      39.0       0.543774   180.000    45.000    90.000    0     119.816963      -0.347510
    -10.00     15.00       5.996290       0.000000       0.000000        39      38.0      39.0       0.543774   180.000    45.000    90.000    0     119.800880      -0.348080
    -10.00     20.00       1.328390       0.000000       0.000000        39      38.0      39.0       0.543774   180.000    45.000    90.000    0     119.784790      -0.348650
     -5.00     -5.00      24.667900       0.000000       0.000000        39      38.0      39.0       0.543774   180.000    45.000    90.000    0     119.863647      -0.300630
     -5.00      0.00      20.000000       0.000000       0.000000        39      38.0      39.0       0.543774   180.000    45.000    90.000    0     119.847572      -0.301190
     -5.00      5.00      15.332100       0.000000       0.000000        39      38.0      39.0       0.543774   180.000    45.000    90.000    0     119.831482      -0.301760
     -5.00     10.00      10.664200       0.000000       0.000000        39      38.0      39.0       0.543774   180.000    45.000    90.000    0     119.815399      -0.302320
     -5.00     15.00       5.996290       0.000000       0.000000        39      38.0      39.0       0.543774   180.000    45.000    90.000    0     119.799309      -0.302890
     -5.00     20.00       1.328390       0.000000       0.000000        39      38.0      39.0       0.543774   180.000    45.000    90.000    0     119.783218      -0.303450
      0.00     -5.00      24.667900       0.000000       0.000000        39      38.0      39.0       0.543774   180.000    45.000    90.000    0     119.862091      -0.255430
      0.00      0.00      20.000000       0.000000       0.000000        39      38.0      39.0       0.543774   180.000    45.000    90.000    0     119.846001      -0.256000
      0.00      5.00      15.332100       0.000000       0.000000        39      38.0      39.0       0.543774   180.000    45.000    90.000    0     119.829910      -0.256570
      0.00     10.00      10.664200       0.000000       0.000000        39      38.0      39.0       0.543774   180.000    45.000    90.000    0     119.813828      -0.257130
      0.00     15.00       5.996290       0.000000       0.000000        39      38.0      39.0       0.543774   180.000    45.000    90.000    0     119.797737      -0.257700
      0.00     20.00       1.328390       0.000000       0.000000        39      38.0      39.0       0.543774   180.000    45.000    90.000    0     119.781647      -0.258260
      5.00     -5.00      24.667900       0.000000       0.000000        39      38.0      39.0       0.543774   180.000    45.000    90.000    0     119.860519      -0.210240
      5.00      0.00      20.000000       0.000000       0.000000        39      38.0      39.0       0.543774   180.000    45.000    90.000    0     119.844429      -0.210810
      5.00      5.00      15.332100       0.000000       0.000000        39      38.0      39.0       0.543774   180.000    45.000    90.000    0     119.828346      -0.211370
      5.00     10.00      10.664200       0.000000       0.000000        39      38.0      39.0       0.543774   180.000    45.000    90.000    0     119.812263      -0.211940
      5.00     15.00       5.996290       0.000000       0.000000        39      38.0      39.0       0.543774   180.000    45.000    90.000    0     119.796173      -0.212500
      5.00     20.00       1.328390       0.000000       0.000000        39      38.0      39.0       0.543774   180.000    45.000    90.000    0     119.780090      -0.213070
     10.00     -5.00      24.667900       0.000000       0.000000        39      38.0      39.0       0.543774   180.000    45.000    90.000    0     119.858948      -0.165050
     10.00      0.00      20.000000       0.000000       0.000000        39      38.0      39.0       0.543774   180.000    45.000    90.000    0     119.842873      -0.165620
     10.00      5.00      15.332100       0.000000       0.000000        39      38.0      39.0       0.543774   180.000    45.000    90.000    0     119.826782      -0.166180
     10.00     10.00      10.664200       0.000000       0.000000        39      38.0      39.0       0.543774   180.000    45.000    90.000    0     119.810692      -0.166750
     10.00     15.00       5.996290       0.000000       0.000000        39      38.0      39.0       0.543774   180.000    45.000    90.000    0     119.794609      -0.167310
     10.00     20.00       1.328390       0.000000       0.000000        39      38.0      39.0       0.543774   180.000    45.000    90.000    0     119.778519      -0.167880
     15.00     -5.00      24.667900       0.000000       0.000000        39      38.0      39.0       0.543774   180.000    45.000    90.000    0     119.857384      -0.119860
     15.00      0.00      20.000000       0.000000       0.000000        39      38.0      39.0       0.543774   180.000    45.000    90.000    0     119.841301      -0.120430
     15.00      5.00      15.332100       0.000000       0.000000        39      38.0      39.0       0.543774   180.000    45.000    90.000    0     119.825218      -0.120990
     15.00     10.00      10.664200       0.000000       0.000000        39      38.0      39.0       0.543774   180.000    45.000    90.000    0     119.809128      -0.121560
     15.00     15.00       5.996290       0.000000       0.000000        39      38.0      39.0       0.543774   180.000    45.000    90.000    0     119.793037      -0.122120
     15.00     20.00       1.328390       0.000000       0.000000        39      38.0      39.0       0.543774   180.000    45.000    90.000    0     119.776947      -0.122690
     20.00     -5.00      24.667900       0.000000       0.000000        39      38.0      39.0       0.543774   180.000    45.000    90.000    0     119.855812      -0.074670
     20.00      0.00      20.000000       0.000000       0.000000        39      38.0      39.0       0.543774   180.000    45.000    90.000    0     119.839737      -0.075240
     20.00      5.00      15.332100       0.000000       0.000000        39      38.0      39.0       0.543774   180.000    45.000    90.000    0     119.823647      -0.075800
     20.00     10.00      10.664200       0.000000       0.000000        39      38.0      39.0       0.543774   180.000    45.000    90.000    0     119.807564      -0.076370
     20.00     15.00       5.996290       0.000000       0.000000        39      38.0      39.0       0.543774   180.000    45.000    90.000    0     119.791481      -0.076930
     20.00     20.00       1.328390       0.000000       0.000000        39      38.0      39.0       0.543774   180.000    45.000    90.000    0     119.775391      -0.077500
     25.00     -5.00      24.667900       0.000000       0.000000        39      38.0      39.0       0.543774   180.000    45.000    90.000    0     119.854240      -0.029480
     25.00      0.00      20.000000       0.000000       0.000000        39      38.0      39.0       0.543774   180.000    45.000    90.000    0     119.838173      -0.030050
     25.00      5.00      15.332100       0.000000       0.000000        39      38.0      39.0       0.543774   180.000    45.000    90.000    0     119.822083      -0.030610
     25.00     10.00      10.664200       0.000000       0.000000        39      38.0      39.0       0.543774   180.000    45.000    90.000    0     119.806000      -0.031180
     25.00     15.00       5.996290       0.000000       0.000000        39      38.0      39.0       0.543774   180.000    45.000    90.000    0     119.789909      -0.031740
     25.00     20.00       1.328390       0.000000       0.000000        39      38.0      39.0       0.543774   180.000    45.000    90.000    0     119.773819      -0.032310
     30.00     -5.00      24.667900       0.000000       0.000000        39      38.0      39.0       0.543774   180.000    45.000    90.000    0     119.852669       0.015710
     30.00      0.00      20.000000       0.000000       0.000000        39      38.0      39.0       0.543774   180.000    45.000    90.000    0     119.836601       0.015150
     30.00      5.00      15.332100       0.000000       0.000000        39      38.0      39.0       0.543774   180.000    45.000    90.000    0     119.820518       0.014580
     30.00     10.00      10.664200       0.000000       0.000000        39      38.0      39.0       0.543774   180.000    45.000    90.000    0     119.804428       0.014020
     30.00     15.00       5.996290       0.000000       0.000000        39      38.0      39.0       0.543774   180.000    45.000    90.000    0     119.788338       0.013450
     30.00     20.00       1.328390       0.000000       0.000000        39      38.0      39.0       0.543774   180.000    45.000    90.000    0     119.772263       0.012890
     35.00     -5.00      24.667900       0.000000       0.000000        39      38.0      39.0       0.543774   180.000    45.000    90.000    0     119.851097       0.060900
     35.00      0.00      20.000000       0.000000       0.000000        39      38.0      39.0       0.543774   180.000    45.000    90.000    0     119.835037       0.060340
     35.00      5.00      15.332100       0.000000       0.000000        39      38.0      39.0       0.543774   180.000    45.000    90.000    0     119.818947       0.059770
     35.00     10.00      10.664200       0.000000       0.000000        39      38.0      39.0       0.543774   180.000    45.000    90.000    0     119.802856       0.059210
     35.00     15.00       5.996290       0.000000       0.000000        39      38.0      39.0       0.543774   180.000    45.000    90.000    0     119.786781       0.058640
     35.00     20.00       1.328390       0.000000       0.000000        39      38.0      39.0       0.543774   180.000    45.000    90.000    0     119.770691       0.058080
     40.00     -5.00      24.667900       0.000000       0.000000        39      38.0      39.0       0.543774   180.000    45.000    90.000    0     119.849533       0.106090
     40.00      0.00      20.000000       0.000000       0.000000        39      38.0      39.0       0.543774   180.000    45.000    90.000    0     119.833473       0.105530
     40.00      5.00      15.332100       0.000000       0.000000        39      38.0      39.0       0.543774   180.000    45.000    90.000    0     119.817390       0.104960
     40.00     10.00      10.664200       0.000000       0.000000        39      38.0      39.0       0.543774   180.000    45.000    90.000    0     119.801300       0.104400
     40.00     15.00       5.996290       0.000000       0.000000        39      38.0      39.0       0.543774   180.000    45.000    90.000    0     119.785210       0.103830
     40.00     20.00       1.328390       0.000000       0.000000        39      38.0      39.0       0.543774   180.000    45.000    90.000    0     119.769127       0.103270
     45.00     -5.00      24.667900       0.000000       0.000000        39      38.0      39.0       0.543774   180.000    45.000    90.000    0     119.847961       0.151280
     45.00      0.00      20.000000       0.000000       0.000000        39      38.0      39.0       0.543774   180.000    45.000    90.000    0     119.831909       0.150720
     45.00      5.00      15.332100       0.000000       0.000000        39      38.0      39.0       0.543774   180.000    45.000    90.000    0     119.815819       0.150150
     45.00     10.00      10.664200       0.000000       0.000000        39      38.0      39.0       0.543774   180.000    45.000    90.000    0     119.799728       0.149590
     45.00     15.00       5.996290       0.000000       0.000000        39      38.0      39.0       0.543774   180.000    45.000    90.000    0     119.783653       0.149020
     45.00     20.00       1.328390       0.000000       0.000000        39      38.0      39.0       0.543774   180.000    45.000    90.000    0     119.767563       0.148460
     50.00     -5.00      24.667900       0.000000       0.000000        39      38.0      39.0       0.543774   180.000    45.000    90.000    0     119.846390       0.196470
     50.00      0.00      20.000000       0.000000       0.000000        39      38.0      39.0       0.543774   180.000    45.000    90.000    0     119.830338       0.195910
     50.00      5.00      15.332100       0.000000       0.000000        39      38.0      39.0       0.543774   180.000    45.000    90.000    0     119.814247       0.195340
     50.00     10.00      10.664200       0.000000       0.000000        39      38.0      39.0       0.543774   180.000    45.000    90.000    0     119.798172       0.194780
     50.00     15.00       5.996290       0.000000       0.000000        39      38.0      39.0       0.543774   180.000    45.000    90.000    0     119.782082       0.194210
     50.00     20.00       1.328390       0.000000       0.000000        39      38.0      39.0       0.543774   180.000    45.000    90.000    0     119.765991       0.193650
