      xloc      yloc          depth         ave SR         max SR         #     start       end     max SR all       str       dip      rake flag
   -185.00     -5.00      24.667900       0.000000       0.000000        22      21.0      22.0       0.543774   180.000    45.000    90.000    0     119.920059      -1.927490
   -185.00      0.00      20.000000       0.000000       0.000000        22      21.0      22.0       0.543774   180.000    45.000    90.000    0     119.903961      -1.928060
   -185.00      5.00      15.332100       0.000000       0.000000        22      21.0      22.0       0.543774   180.000    45.000    90.000    0     119.887871      -1.928620
   -185.00     10.00      10.664200       0.000000       0.000000        22      21.0      22.0       0.543774   180.000    45.000    90.000    0     119.871780      -1.929190
   -185.00     15.00       5.996290       0.000000       0.000000        22      21.0      22.0       0.543774   180.000    45.000    90.000    0     119.855682      -1.929750
   -185.00     20.00       1.328390       0.000000       0.000000        22      21.0      22.0       0.543774   180.000    45.000    90.000    0     119.839706      -1.930320
   -180.00     -5.00      24.667900       0.000000       0.000000        22      21.0      22.0       0.543774   180.000    45.000    90.000    0     119.918488      -1.882300
   -180.00      0.00      20.000000       0.000000       0.000000        22      21.0      22.0       0.543774   180.000    45.000    90.000    0     119.902397      -1.882870
   -180.00      5.00      15.332100       0.000000       0.000000        22      21.0      22.0       0.543774   180.000    45.000    90.000    0     119.886299      -1.883430
   -180.00     10.00      10.664200       0.000000       0.000000        22      21.0      22.0       0.543774   180.000    45.000    90.000    0     119.870209      -1.884000
   -180.00     15.00       5.996290       0.000000       0.000000        22      21.0      22.0       0.543774   180.000    45.000    90.000    0     119.854118      -1.884560
   -180.00     20.00       1.328390       0.000000       0.000000        22      21.0      22.0       0.543774   180.000    45.000    90.000    0     119.838142      -1.885130
   -175.00     -5.00      24.667900       0.000000       0.000000        22      21.0      22.0       0.543774   180.000    45.000    90.000    0     119.916924      -1.837110
   -175.00      0.00      20.000000       0.000000       0.000000        22      21.0      22.0       0.543774   180.000    45.000    90.000    0     119.900833      -1.837680
   -175.00      5.00      15.332100       0.000000       0.000000        22      21.0      22.0       0.543774   180.000    45.000    90.000    0     119.884743      -1.838240
   -175.00     10.00      10.664200       0.000000       0.000000        22      21.0      22.0       0.543774   180.000    45.000    90.000    0     119.868637      -1.838810
   -175.00     15.00       5.996290       0.000000       0.000000        22      21.0      22.0       0.543774   180.000    45.000    90.000    0     119.852547      -1.839370
   -175.00     20.00       1.328390       0.000000       0.000000        22      21.0      22.0       0.543774   180.000    45.000    90.000    0     119.836571      -1.839940
   -170.00     -5.00      24.667900       0.000000       0.000000        22      21.0      22.0       0.543774   180.000    45.000    90.000    0     119.915352      -1.791920
   -170.00      0.00      20.000000       0.000000       0.000000        22      21.0      22.0       0.543774   180.000    45.000    90.000    0     119.899261      -1.792490
   -170.00      5.00      15.332100       0.000000       0.000000        22      21.0      22.0       0.543774   180.000    45.000    90.000    0     119.883171      -1.793050
   -170.00     10.00      10.664200       0.000000       0.000000        22      21.0      22.0       0.543774   180.000    45.000    90.000    0     119.867081      -1.793620
   -170.00     15.00       5.996290       0.000000       0.000000        22      21.0      22.0       0.543774   180.000    45.000    90.000    0     119.850983      -1.794180
   -170.00     20.00       1.328390       0.000000       0.000000        22      21.0      22.0       0.543774   180.000    45.000    90.000    0     119.834999      -1.794750
   -165.00     -5.00      24.667900       0.000000       0.000000        22      21.0      22.0       0.543774   180.000    45.000    90.000    0     119.913788      -1.746730
   -165.00      0.00      20.000000       0.000000       0.000000        22      21.0      22.0       0.543774   180.000    45.000    90.000    0     119.897690      -1.747300
   -165.00      5.00      15.332100       0.000000       0.000000        22      21.0      22.0       0.543774   180.000    45.000    90.000    0     119.881599      -1.747860
   -165.00     10.00      10.664200       0.000000       0.000000        22      21.0      22.0       0.543774   180.000    45.000    90.000    0     119.865509      -1.748430
   -165.00     15.00       5.996290       0.000000       0.000000        22      21.0      22.0       0.543774   180.000    45.000    90.000    0     119.849419      -1.748990
   -165.00     20.00       1.328390       0.000000       0.000000        22      21.0      22.0       0.543774   180.000    45.000    90.000    0     119.833427      -1.749560
   -160.00     -5.00      24.667900       0.000000       0.000000        22      21.0      22.0       0.543774   180.000    45.000    90.000    0     119.912216      -1.701540
   -160.00      0.00      20.000000       0.000000       0.000000        22      21.0      22.0       0.543774   180.000    45.000    90.000    0     119.896133      -1.702110
   -160.00      5.00      15.332100       0.000000       0.000000        22      21.0      22.0       0.543774   180.000    45.000    90.000    0     119.880028      -1.702670
   -160.00     10.00      10.664200       0.000000       0.000000        22      21.0      22.0       0.543774   180.000    45.000    90.000    0     119.863937      -1.703240
   -160.00     15.00       5.996290       0.000000       0.000000        22      21.0      22.0       0.543774   180.000    45.000    90.000    0     119.847847      -1.703800
   -160.00     20.00       1.328390       0.000000       0.000000        22      21.0      22.0       0.543774   180.000    45.000    90.000    0     119.831863      -1.704370
   -155.00     -5.00      24.667900       0.000000       0.000000        22      21.0      22.0       0.543774   180.000    45.000    90.000    0     119.910652      -1.656350
   -155.00      0.00      20.000000       0.000000       0.000000        22      21.0      22.0       0.543774   180.000    45.000    90.000    0     119.894562      -1.656920
   -155.00      5.00      15.332100       0.000000       0.000000        22      21.0      22.0       0.543774   180.000    45.000    90.000    0     119.878471      -1.657480
   -155.00     10.00      10.664200       0.000000       0.000000        22      21.0      22.0       0.543774   180.000    45.000    90.000    0     119.862373      -1.658050
   -155.00     15.00       5.996290       0.000000       0.000000        22      21.0      22.0       0.543774   180.000    45.000    90.000    0     119.846283      -1.658610
   -155.00     20.00       1.328390       0.000000       0.000000        22      21.0      22.0       0.543774   180.000    45.000    90.000    0     119.830292      -1.659180
   -150.00     -5.00      24.667900       0.000000       0.000000        22      21.0      22.0       0.543774   180.000    45.000    90.000    0     119.909081      -1.611160
   -150.00      0.00      20.000000       0.000000       0.000000        22      21.0      22.0       0.543774   180.000    45.000    90.000    0     119.892990      -1.611730
   -150.00      5.00      15.332100       0.000000       0.000000        22      21.0      22.0       0.543774   180.000    45.000    90.000    0     119.876900      -1.612290
   -150.00     10.00      10.664200       0.000000       0.000000        22      21.0      22.0       0.543774   180.000    45.000    90.000    0     119.860809      -1.612860
   -150.00     15.00       5.996290       0.000000       0.000000        22      21.0      22.0       0.543774   180.000    45.000    90.000    0     119.844818      -1.613420
   -150.00     20.00       1.328390       0.000000       0.000000        22      21.0      22.0       0.543774   180.000    45.000    90.000    0     119.828720      -1.613990
   -145.00     -5.00      24.667900       0.000000       0.000000        22      21.0      22.0       0.543774   180.000    45.000    90.000    0     119.907516      -1.565970
   -145.00      0.00      20.000000       0.000000       0.000000        22      21.0      22.0       0.543774   180.000    45.000    90.000    0     119.891418      -1.566530
   -145.00      5.00      15.332100       0.000000       0.000000        22      21.0      22.0       0.543774   180.000    45.000    90.000    0     119.875328      -1.567100
   -145.00     10.00      10.664200       0.000000       0.000000        22      21.0      22.0       0.543774   180.000    45.000    90.000    0     119.859238      -1.567660
   -145.00     15.00       5.996290       0.000000       0.000000        22      21.0      22.0       0.543774   180.000    45.000    90.000    0     119.843246      -1.568230
   -145.00     20.00       1.328390       0.000000       0.000000        22      21.0      22.0       0.543774   180.000    45.000    90.000    0     119.827148      -1.568800
   -140.00     -5.00      24.667900       0.000000       0.000000        22      21.0      22.0       0.543774   180.000    45.000    90.000    0     119.905952      -1.520780
   -140.00      0.00      20.000000       0.000000       0.000000        22      21.0      22.0       0.543774   180.000    45.000    90.000    0     119.889862      -1.521340
   -140.00      5.00      15.332100       0.000000       0.000000        22      21.0      22.0       0.543774   180.000    45.000    90.000    0     119.873772      -1.521910
   -140.00     10.00      10.664200       0.000000       0.000000        22      21.0      22.0       0.543774   180.000    45.000    90.000    0     119.857681      -1.522470
   -140.00     15.00       5.996290       0.000000       0.000000        22      21.0      22.0       0.543774   180.000    45.000    90.000    0     119.841682      -1.523040
   -140.00     20.00       1.328390       0.000000       0.000000        22      21.0      22.0       0.543774   180.000    45.000    90.000    0     119.825577      -1.523610
   -135.00     -5.00      24.667900       0.000000       0.000000        22      21.0      22.0       0.543774   180.000    45.000    90.000    0     119.904381      -1.475590
   -135.00      0.00      20.000000       0.000000       0.000000        22      21.0      22.0       0.543774   180.000    45.000    90.000    0     119.888290      -1.476150
   -135.00      5.00      15.332100       0.000000       0.000000        22      21.0      22.0       0.543774   180.000    45.000    90.000    0     119.872200      -1.476720
   -135.00     10.00      10.664200       0.000000       0.000000        22      21.0      22.0       0.543774   180.000    45.000    90.000    0     119.856110      -1.477280
   -135.00     15.00       5.996290       0.000000       0.000000        22      21.0      22.0       0.543774   180.000    45.000    90.000    0     119.840111      -1.477850
   -135.00     20.00       1.328390       0.000000       0.000000        22      21.0      22.0       0.543774   180.000    45.000    90.000    0     119.824020      -1.478410
   -130.00     -5.00      24.667900       0.000000       0.000000        22      21.0      22.0       0.543774   180.000    45.000    90.000    0     119.902809      -1.430400
   -130.00      0.00      20.000000       0.000000       0.000000        22      21.0      22.0       0.543774   180.000    45.000    90.000    0     119.886719      -1.430960
   -130.00      5.00      15.332100       0.000000       0.000000        22      21.0      22.0       0.543774   180.000    45.000    90.000    0     119.870628      -1.431530
   -130.00     10.00      10.664200       0.000000       0.000000        22      21.0      22.0       0.543774   180.000    45.000    90.000    0     119.854538      -1.432090
   -130.00     15.00       5.996290       0.000000       0.000000        22      21.0      22.0       0.543774   180.000    45.000    90.000    0     119.838539      -1.432660
   -130.00     20.00       1.328390       0.000000       0.000000        22      21.0      22.0       0.543774   180.000    45.000    90.000    0     119.822449      -1.433220
   -125.00     -5.00      24.667900       0.000000       0.000000        22      21.0      22.0       0.543774   180.000    45.000    90.000    0     119.901253      -1.385210
   -125.00      0.00      20.000000       0.000000       0.000000        22      21.0      22.0       0.543774   180.000    45.000    90.000    0     119.885162      -1.385770
   -125.00      5.00      15.332100       0.000000       0.000000        22      21.0      22.0       0.543774   180.000    45.000    90.000    0     119.869072      -1.386340
   -125.00     10.00      10.664200       0.000000       0.000000        22      21.0      22.0       0.543774   180.000    45.000    90.000    0     119.852982      -1.386900
   -125.00     15.00       5.996290       0.000000       0.000000        22      21.0      22.0       0.543774   180.000    45.000    90.000    0     119.836967      -1.387470
   -125.00     20.00       1.328390       0.000000       0.000000        22      21.0      22.0       0.543774   180.000    45.000    90.000    0     119.820877      -1.388030
   -120.00     -5.00      24.667900       0.000000       0.000000        22      21.0      22.0       0.543774   180.000    45.000    90.000    0     119.899681      -1.340020
   -120.00      0.00      20.000000       0.000000       0.000000        22      21.0      22.0       0.543774   180.000    45.000    90.000    0     119.883591      -1.340580
   -120.00      5.00      15.332100       0.000000       0.000000        22      21.0      22.0       0.543774   180.000    45.000    90.000    0     119.867500      -1.341150
   -120.00     10.00      10.664200       0.000000       0.000000        22      21.0      22.0       0.543774   180.000    45.000    90.000    0     119.851410      -1.341710
   -120.00     15.00       5.996290       0.000000       0.000000        22      21.0      22.0       0.543774   180.000    45.000    90.000    0     119.835403      -1.342280
   -120.00     20.00       1.328390       0.000000       0.000000        22      21.0      22.0       0.543774   180.000    45.000    90.000    0     119.819313      -1.342840
   -115.00     -5.00      24.667900       0.000000       0.000000        22      21.0      22.0       0.543774   180.000    45.000    90.000    0     119.898109      -1.294830
   -115.00      0.00      20.000000       0.000000       0.000000        22      21.0      22.0       0.543774   180.000    45.000    90.000    0     119.882019      -1.295390
   -115.00      5.00      15.332100       0.000000       0.000000        22      21.0      22.0       0.543774   180.000    45.000    90.000    0     119.865929      -1.295960
   -115.00     10.00      10.664200       0.000000       0.000000        22      21.0      22.0       0.543774   180.000    45.000    90.000    0     119.849838      -1.296520
   -115.00     15.00       5.996290       0.000000       0.000000        22      21.0      22.0       0.543774   180.000    45.000    90.000    0     119.833832      -1.297090
   -115.00     20.00       1.328390       0.000000       0.000000        22      21.0      22.0       0.543774   180.000    45.000    90.000    0     119.817741      -1.297650
   -110.00     -5.00      24.667900       0.074347       0.074347        22      21.0      22.0       0.543774    40.110     6.850    73.210    0     119.896553      -1.249630
   -110.00      0.00      20.000000       0.051113       0.051113        22      21.0      22.0       0.543774   148.260    69.580   -41.190    0     119.880463      -1.250200
   -110.00      5.00      15.332100       0.075445       0.075445        22      21.0      22.0       0.543774   138.520    65.680   -41.390    0     119.864372      -1.250760
   -110.00     10.00      10.664200       0.049892       0.049892        22      21.0      22.0       0.543774   220.530    27.110   125.180    0     119.848282      -1.251330
   -110.00     15.00       5.996290       0.063502       0.063502        22      21.0      22.0       0.543774    76.770    59.770  -117.540    1     119.832260      -1.251900
   -110.00     20.00       1.328390       0.045049       0.045049        22      21.0      22.0       0.543774   141.010    71.630   -24.280    0     119.816170      -1.252460
   -105.00     -5.00      24.667900       0.055410       0.055410        22      21.0      22.0       0.543774   334.700    85.110   -32.160    0     119.894981      -1.204440
   -105.00      0.00      20.000000       0.076730       0.076730        22      21.0      22.0       0.543774   158.550    63.960    -3.350    0     119.878891      -1.205010
   -105.00      5.00      15.332100       0.145372       0.145372        22      21.0      22.0       0.543774   142.950    60.340   -32.730    0     119.862801      -1.205570
   -105.00     10.00      10.664200       0.158680       0.158680        22      21.0      22.0       0.543774   143.400    68.120   -34.610    0     119.846710      -1.206140
   -105.00     15.00       5.996290       0.126925       0.126925        22      21.0      22.0       0.543774   142.480    69.850   -31.790    0     119.830688      -1.206700
   -105.00     20.00       1.328390       0.126521       0.126521        22      21.0      22.0       0.543774   142.710    67.430   -29.200    0     119.814598      -1.207270
   -100.00     -5.00      24.667900       0.060766       0.060766        22      21.0      22.0       0.543774   348.800    77.080    -7.670    0     119.893410      -1.159250
   -100.00      0.00      20.000000       0.100995       0.100995        22      21.0      22.0       0.543774   165.460    72.460    -8.660    0     119.877319      -1.159820
   -100.00      5.00      15.332100       0.171909       0.171909        22      21.0      22.0       0.543774   149.820    61.370   -29.170    0     119.861229      -1.160380
   -100.00     10.00      10.664200       0.204738       0.204738        22      21.0      22.0       0.543774   146.380    61.890   -31.430    0     119.845207      -1.160950
   -100.00     15.00       5.996290       0.191196       0.191196        22      21.0      22.0       0.543774   144.670    62.200   -32.510    0     119.829117      -1.161510
   -100.00     20.00       1.328390       0.192407       0.192407        22      21.0      22.0       0.543774   144.360    63.520   -32.740    0     119.813026      -1.162080
    -95.00     -5.00      24.667900       0.088133       0.088133        22      21.0      22.0       0.543774     0.600    61.430    -6.190    0     119.891853      -1.114060
    -95.00      0.00      20.000000       0.120019       0.120019        22      21.0      22.0       0.543774   177.080    87.080    -2.520    0     119.875763      -1.114630
    -95.00      5.00      15.332100       0.178302       0.178302        22      21.0      22.0       0.543774   160.910    66.440   -21.240    0     119.859673      -1.115190
    -95.00     10.00      10.664200       0.216874       0.216874        22      21.0      22.0       0.543774   154.330    59.460   -25.910    0     119.843643      -1.115760
    -95.00     15.00       5.996290       0.218597       0.218597        22      21.0      22.0       0.543774   152.380    60.130   -27.360    0     119.827553      -1.116320
    -95.00     20.00       1.328390       0.219874       0.219874        22      21.0      22.0       0.543774   151.150    63.900   -28.870    0     119.811462      -1.116890
    -90.00     -5.00      24.667900       0.113187       0.113187        22      21.0      22.0       0.543774     8.680    64.330    -8.630    0     119.890282      -1.068870
    -90.00      0.00      20.000000       0.155575       0.155575        22      21.0      22.0       0.543774     3.340    81.830   -10.940    0     119.874191      -1.069440
    -90.00      5.00      15.332100       0.189941       0.189941        22      21.0      22.0       0.543774   172.650    81.060    -3.080    0     119.858101      -1.070000
    -90.00     10.00      10.664200       0.225820       0.225820        22      21.0      22.0       0.543774   164.630    66.030   -14.420    0     119.842072      -1.070570
    -90.00     15.00       5.996290       0.236944       0.236944        22      21.0      22.0       0.543774   163.980    72.190    -8.780    0     119.825981      -1.071130
    -90.00     20.00       1.328390       0.241506       0.241506        22      21.0      22.0       0.543774   342.520    82.600   -10.840    0     119.809891      -1.071700
    -85.00     -5.00      24.667900       0.132482       0.132482        22      21.0      22.0       0.543774    12.490    66.680   -11.420    0     119.888710      -1.023680
    -85.00      0.00      20.000000       0.195822       0.195822        22      21.0      22.0       0.543774     6.370    79.460   -17.750    0     119.872620      -1.024250
    -85.00      5.00      15.332100       0.225001       0.225001        22      21.0      22.0       0.543774   356.290    81.090   -17.660    0     119.856537      -1.024810
    -85.00     10.00      10.664200       0.257535       0.257535        22      21.0      22.0       0.543774   346.280    77.110   -26.390    0     119.840500      -1.025380
    -85.00     15.00       5.996290       0.275045       0.275045        22      21.0      22.0       0.543774   346.250    80.090   -22.010    0     119.824409      -1.025940
    -85.00     20.00       1.328390       0.285852       0.285852        22      21.0      22.0       0.543774   344.270    74.130   -23.570    0     119.808319      -1.026510
    -80.00     -5.00      24.667900       0.136556       0.136556        22      21.0      22.0       0.543774    16.810    79.180   -12.890    0     119.887154      -0.978490
    -80.00      0.00      20.000000       0.226607       0.226607        22      21.0      22.0       0.543774     9.010    80.740   -21.460    0     119.871063      -0.979050
    -80.00      5.00      15.332100       0.269325       0.269325        22      21.0      22.0       0.543774   358.230    76.720   -26.260    0     119.854973      -0.979620
    -80.00     10.00      10.664200       0.305100       0.305100        22      21.0      22.0       0.543774   348.290    73.060   -31.680    0     119.838928      -0.980190
    -80.00     15.00       5.996290       0.320741       0.320741        22      21.0      22.0       0.543774   348.120    76.310   -27.490    0     119.822838      -0.980750
    -80.00     20.00       1.328390       0.326466       0.326466        22      21.0      22.0       0.543774   347.660    74.450   -25.440    0     119.806763      -0.981320
    -75.00     -5.00      24.667900       0.144254       0.144254        22      21.0      22.0       0.543774   199.360    89.720    16.400    0     119.885582      -0.933300
    -75.00      0.00      20.000000       0.240899       0.240899        22      21.0      22.0       0.543774    12.000    84.200   -21.280    0     119.869492      -0.933860
    -75.00      5.00      15.332100       0.299789       0.299789        22      21.0      22.0       0.543774   359.840    75.510   -28.680    0     119.853401      -0.934430
    -75.00     10.00      10.664200       0.336365       0.336365        22      21.0      22.0       0.543774   351.940    73.080   -30.280    0     119.837357      -0.934990
    -75.00     15.00       5.996290       0.352221       0.352221        22      21.0      22.0       0.543774   350.470    75.860   -27.880    0     119.821274      -0.935560
    -75.00     20.00       1.328390       0.354967       0.354967        22      21.0      22.0       0.543774   350.170    74.860   -25.260    0     119.805191      -0.936130
    -70.00     -5.00      24.667900       0.155390       0.155390        22      21.0      22.0       0.543774   201.430    83.150    17.690    0     119.884010      -0.888110
    -70.00      0.00      20.000000       0.242701       0.242701        22      21.0      22.0       0.543774    13.210    84.120   -21.920    0     119.867928      -0.888670
    -70.00      5.00      15.332100       0.307213       0.307213        22      21.0      22.0       0.543774     1.370    74.900   -28.340    0     119.851837      -0.889240
    -70.00     10.00      10.664200       0.349058       0.349058        22      21.0      22.0       0.543774   354.100    72.120   -28.150    0     119.835793      -0.889800
    -70.00     15.00       5.996290       0.366044       0.366044        22      21.0      22.0       0.543774   351.650    75.030   -27.470    0     119.819710      -0.890370
    -70.00     20.00       1.328390       0.364543       0.364543        22      21.0      22.0       0.543774   351.560    74.670   -23.720    0     119.803619      -0.890940
    -65.00     -5.00      24.667900       0.158446       0.158446        22      21.0      22.0       0.543774   202.590    80.790    18.510    0     119.882446      -0.842920
    -65.00      0.00      20.000000       0.230265       0.230265        22      21.0      22.0       0.543774    14.650    86.790   -20.840    0     119.866364      -0.843480
    -65.00      5.00      15.332100       0.288261       0.288261        22      21.0      22.0       0.543774     2.420    74.590   -24.570    0     119.850273      -0.844050
    -65.00     10.00      10.664200       0.332723       0.332723        22      21.0      22.0       0.543774   355.450    71.480   -23.510    0     119.834221      -0.844610
    -65.00     15.00       5.996290       0.356592       0.356592        22      21.0      22.0       0.543774   352.080    72.990   -24.700    0     119.818138      -0.845180
    -65.00     20.00       1.328390       0.351947       0.351947        22      21.0      22.0       0.543774   352.050    73.920   -20.600    0     119.802048      -0.845750
    -60.00     -5.00      24.667900       0.145596       0.145596        22      21.0      22.0       0.543774   204.000    80.240    22.550    0     119.880882      -0.797730
    -60.00      0.00      20.000000       0.205394       0.205394        22      21.0      22.0       0.543774    13.770    84.480   -20.310    0     119.864792      -0.798290
    -60.00      5.00      15.332100       0.251947       0.251947        22      21.0      22.0       0.543774     1.870    71.090   -18.400    0     119.848701      -0.798860
    -60.00     10.00      10.664200       0.297882       0.297882        22      21.0      22.0       0.543774   355.380    69.300   -18.740    0     119.832657      -0.799420
    -60.00     15.00       5.996290       0.323183       0.323183        22      21.0      22.0       0.543774   351.760    70.360   -20.510    0     119.816566      -0.799990
    -60.00     20.00       1.328390       0.318195       0.318195        22      21.0      22.0       0.543774   351.880    73.390   -15.780    0     119.800484      -0.800550
    -55.00     -5.00      24.667900       0.115441       0.115441        22      21.0      22.0       0.543774   204.580    81.100    27.020    0     119.879311      -0.752540
    -55.00      0.00      20.000000       0.163852       0.163852        22      21.0      22.0       0.543774    10.790    82.210   -18.400    0     119.863228      -0.753100
    -55.00      5.00      15.332100       0.199080       0.199080        22      21.0      22.0       0.543774     0.520    67.630   -10.380    0     119.847137      -0.753670
    -55.00     10.00      10.664200       0.243587       0.243587        22      21.0      22.0       0.543774   354.800    66.600   -10.910    0     119.831093      -0.754230
    -55.00     15.00       5.996290       0.274181       0.274181        22      21.0      22.0       0.543774   351.030    67.300   -14.860    0     119.815002      -0.754800
    -55.00     20.00       1.328390       0.271580       0.271580        22      21.0      22.0       0.543774   350.830    73.420    -9.670    0     119.798912      -0.755360
    -50.00     -5.00      24.667900       0.071215       0.071215        22      21.0      22.0       0.543774   206.800    80.170    30.910    0     119.877747      -0.707340
    -50.00      0.00      20.000000       0.108332       0.108332        22      21.0      22.0       0.543774     6.930    80.730   -13.760    0     119.861656      -0.707910
    -50.00      5.00      15.332100       0.140149       0.140149        22      21.0      22.0       0.543774   359.040    66.490     1.660    0     119.845612      -0.708470
    -50.00     10.00      10.664200       0.179665       0.179665        22      21.0      22.0       0.543774   353.600    66.670     0.070    0     119.829521      -0.709040
    -50.00     15.00       5.996290       0.211144       0.211144        22      21.0      22.0       0.543774   349.680    67.590    -8.000    0     119.813431      -0.709610
    -50.00     20.00       1.328390       0.216267       0.216267        22      21.0      22.0       0.543774   348.630    78.950     0.150    0     119.797340      -0.710170
    -45.00     -5.00      24.667900       0.041387       0.041387        22      21.0      22.0       0.543774    95.200    42.470   117.960    1     119.876183      -0.662150
    -45.00      0.00      20.000000       0.057163       0.057163        22      21.0      22.0       0.543774   189.340    68.070    30.540    0     119.860092      -0.662720
    -45.00      5.00      15.332100       0.085416       0.085416        22      21.0      22.0       0.543774   351.590    76.930    20.060    0     119.844040      -0.663280
    -45.00     10.00      10.664200       0.121612       0.121612        22      21.0      22.0       0.543774   348.470    71.760    12.730    0     119.827950      -0.663850
    -45.00     15.00       5.996290       0.142979       0.142979        22      21.0      22.0       0.543774   346.090    75.050     3.330    0     119.811859      -0.664420
    -45.00     20.00       1.328390       0.159151       0.159151        22      21.0      22.0       0.543774   161.350    83.270   -19.030    0     119.795769      -0.664980
    -40.00     -5.00      24.667900       0.008597       0.008597        22      21.0      22.0       0.543774    67.670    46.870  -130.690    1     119.874619      -0.616960
    -40.00      0.00      20.000000       0.043935       0.043935        22      21.0      22.0       0.543774   213.450    71.440    88.040    0     119.858528      -0.617530
    -40.00      5.00      15.332100       0.032651       0.032651        22      21.0      22.0       0.543774   359.490    63.690    50.050    0     119.842468      -0.618090
    -40.00     10.00      10.664200       0.074984       0.074984        22      21.0      22.0       0.543774   113.650    60.270   -85.870    1     119.826378      -0.618660
    -40.00     15.00       5.996290       0.054129       0.054129        22      21.0      22.0       0.543774   155.650    88.660   -18.770    0     119.810287      -0.619220
    -40.00     20.00       1.328390       0.084385       0.084385        22      21.0      22.0       0.543774   155.920    77.270   -23.070    0     119.794197      -0.619790
    -35.00     -5.00      24.667900       0.000000       0.000000        22      21.0      22.0       0.543774   180.000    45.000    90.000    0     119.873047      -0.571770
    -35.00      0.00      20.000000       0.000000       0.000000        22      21.0      22.0       0.543774   180.000    45.000    90.000    0     119.856956      -0.572340
    -35.00      5.00      15.332100       0.000000       0.000000        22      21.0      22.0       0.543774   180.000    45.000    90.000    0     119.840897      -0.572900
    -35.00     10.00      10.664200       0.000000       0.000000        22      21.0      22.0       0.543774   180.000    45.000    90.000    0     119.824806      -0.573470
    -35.00     15.00       5.996290       0.000000       0.000000        22      21.0      22.0       0.543774   180.000    45.000    90.000    0     119.808723      -0.574030
    -35.00     20.00       1.328390       0.008533       0.008533        22      21.0      22.0       0.543774   159.080    70.400   -15.160    0     119.792633      -0.574600
    -30.00     -5.00      24.667900       0.000000       0.000000        22      21.0      22.0       0.543774   180.000    45.000    90.000    0     119.871483      -0.526580
    -30.00      0.00      20.000000       0.000000       0.000000        22      21.0      22.0       0.543774   180.000    45.000    90.000    0     119.855400      -0.527150
    -30.00      5.00      15.332100       0.000000       0.000000        22      21.0      22.0       0.543774   180.000    45.000    90.000    0     119.839333      -0.527710
    -30.00     10.00      10.664200       0.000000       0.000000        22      21.0      22.0       0.543774   180.000    45.000    90.000    0     119.823242      -0.528280
    -30.00     15.00       5.996290       0.000000       0.000000        22      21.0      22.0       0.543774   180.000    45.000    90.000    0     119.807152      -0.528840
    -30.00     20.00       1.328390       0.000000       0.000000        22      21.0      22.0       0.543774   180.000    45.000    90.000    0     119.791069      -0.529410
    -25.00     -5.00      24.667900       0.000000       0.000000        22      21.0      22.0       0.543774   180.000    45.000    90.000    0     119.869919      -0.481390
    -25.00      0.00      20.000000       0.000000       0.000000        22      21.0      22.0       0.543774   180.000    45.000    90.000    0     119.853828      -0.481950
    -25.00      5.00      15.332100       0.000000       0.000000        22      21.0      22.0       0.543774   180.000    45.000    90.000    0     119.837761      -0.482520
    -25.00     10.00      10.664200       0.000000       0.000000        22      21.0      22.0       0.543774   180.000    45.000    90.000    0     119.821671      -0.483090
    -25.00     15.00       5.996290       0.000000       0.000000        22      21.0      22.0       0.543774   180.000    45.000    90.000    0     119.805580      -0.483650
    -25.00     20.00       1.328390       0.000000       0.000000        22      21.0      22.0       0.543774   180.000    45.000    90.000    0     119.789497      -0.484220
    -20.00     -5.00      24.667900       0.000000       0.000000        22      21.0      22.0       0.543774   180.000    45.000    90.000    0     119.868347      -0.436200
    -20.00      0.00      20.000000       0.000000       0.000000        22      21.0      22.0       0.543774   180.000    45.000    90.000    0     119.852257      -0.436760
    -20.00      5.00      15.332100       0.000000       0.000000        22      21.0      22.0       0.543774   180.000    45.000    90.000    0     119.836189      -0.437330
    -20.00     10.00      10.664200       0.000000       0.000000        22      21.0      22.0       0.543774   180.000    45.000    90.000    0     119.820099      -0.437900
    -20.00     15.00       5.996290       0.000000       0.000000        22      21.0      22.0       0.543774   180.000    45.000    90.000    0     119.804008      -0.438460
    -20.00     20.00       1.328390       0.000000       0.000000        22      21.0      22.0       0.543774   180.000    45.000    90.000    0     119.787933      -0.439030
    -15.00     -5.00      24.667900       0.000000       0.000000        22      21.0      22.0       0.543774   180.000    45.000    90.000    0     119.866791      -0.391010
    -15.00      0.00      20.000000       0.000000       0.000000        22      21.0      22.0       0.543774   180.000    45.000    90.000    0     119.850700      -0.391570
    -15.00      5.00      15.332100       0.000000       0.000000        22      21.0      22.0       0.543774   180.000    45.000    90.000    0     119.834618      -0.392140
    -15.00     10.00      10.664200       0.000000       0.000000        22      21.0      22.0       0.543774   180.000    45.000    90.000    0     119.818527      -0.392700
    -15.00     15.00       5.996290       0.000000       0.000000        22      21.0      22.0       0.543774   180.000    45.000    90.000    0     119.802452      -0.393270
    -15.00     20.00       1.328390       0.000000       0.000000        22      21.0      22.0       0.543774   180.000    45.000    90.000    0     119.786362      -0.393840
    -10.00     -5.00      24.667900       0.000000       0.000000        22      21.0      22.0       0.543774   180.000    45.000    90.000    0     119.865219      -0.345820
    -10.00      0.00      20.000000       0.000000       0.000000        22      21.0      22.0       0.543774   180.000    45.000    90.000    0     119.849129      -0.346380
    -10.00      5.00      15.332100       0.000000       0.000000        22      21.0      22.0       0.543774   180.000    45.000    90.000    0     119.833054      -0.346950
    -10.00     10.00      10.664200       0.000000       0.000000        22      21.0      22.0       0.543774   180.000    45.000    90.000    0     119.816963      -0.347510
    -10.00     15.00       5.996290       0.000000       0.000000        22      21.0      22.0       0.543774   180.000    45.000    90.000    0     119.800880      -0.348080
    -10.00     20.00       1.328390       0.000000       0.000000        22      21.0      22.0       0.543774   180.000    45.000    90.000    0     119.784790      -0.348650
     -5.00     -5.00      24.667900       0.000000       0.000000        22      21.0      22.0       0.543774   180.000    45.000    90.000    0     119.863647      -0.300630
     -5.00      0.00      20.000000       0.000000       0.000000        22      21.0      22.0       0.543774   180.000    45.000    90.000    0     119.847572      -0.301190
     -5.00      5.00      15.332100       0.000000       0.000000        22      21.0      22.0       0.543774   180.000    45.000    90.000    0     119.831482      -0.301760
     -5.00     10.00      10.664200       0.000000       0.000000        22      21.0      22.0       0.543774   180.000    45.000    90.000    0     119.815399      -0.302320
     -5.00     15.00       5.996290       0.000000       0.000000        22      21.0      22.0       0.543774   180.000    45.000    90.000    0     119.799309      -0.302890
     -5.00     20.00       1.328390       0.000000       0.000000        22      21.0      22.0       0.543774   180.000    45.000    90.000    0     119.783218      -0.303450
      0.00     -5.00      24.667900       0.000000       0.000000        22      21.0      22.0       0.543774   180.000    45.000    90.000    0     119.862091      -0.255430
      0.00      0.00      20.000000       0.000000       0.000000        22      21.0      22.0       0.543774   180.000    45.000    90.000    0     119.846001      -0.256000
      0.00      5.00      15.332100       0.000000       0.000000        22      21.0      22.0       0.543774   180.000    45.000    90.000    0     119.829910      -0.256570
      0.00     10.00      10.664200       0.000000       0.000000        22      21.0      22.0       0.543774   180.000    45.000    90.000    0     119.813828      -0.257130
      0.00     15.00       5.996290       0.000000       0.000000        22      21.0      22.0       0.543774   180.000    45.000    90.000    0     119.797737      -0.257700
      0.00     20.00       1.328390       0.000000       0.000000        22      21.0      22.0       0.543774   180.000    45.000    90.000    0     119.781647      -0.258260
      5.00     -5.00      24.667900       0.000000       0.000000        22      21.0      22.0       0.543774   180.000    45.000    90.000    0     119.860519      -0.210240
      5.00      0.00      20.000000       0.000000       0.000000        22      21.0      22.0       0.543774   180.000    45.000    90.000    0     119.844429      -0.210810
      5.00      5.00      15.332100       0.000000       0.000000        22      21.0      22.0       0.543774   180.000    45.000    90.000    0     119.828346      -0.211370
      5.00     10.00      10.664200       0.000000       0.000000        22      21.0      22.0       0.543774   180.000    45.000    90.000    0     119.812263      -0.211940
      5.00     15.00       5.996290       0.000000       0.000000        22      21.0      22.0       0.543774   180.000    45.000    90.000    0     119.796173      -0.212500
      5.00     20.00       1.328390       0.000000       0.000000        22      21.0      22.0       0.543774   180.000    45.000    90.000    0     119.780090      -0.213070
     10.00     -5.00      24.667900       0.000000       0.000000        22      21.0      22.0       0.543774   180.000    45.000    90.000    0     119.858948      -0.165050
     10.00      0.00      20.000000       0.000000       0.000000        22      21.0      22.0       0.543774   180.000    45.000    90.000    0     119.842873      -0.165620
     10.00      5.00      15.332100       0.000000       0.000000        22      21.0      22.0       0.543774   180.000    45.000    90.000    0     119.826782      -0.166180
     10.00     10.00      10.664200       0.000000       0.000000        22      21.0      22.0       0.543774   180.000    45.000    90.000    0     119.810692      -0.166750
     10.00     15.00       5.996290       0.000000       0.000000        22      21.0      22.0       0.543774   180.000    45.000    90.000    0     119.794609      -0.167310
     10.00     20.00       1.328390       0.000000       0.000000        22      21.0      22.0       0.543774   180.000    45.000    90.000    0     119.778519      -0.167880
     15.00     -5.00      24.667900       0.000000       0.000000        22      21.0      22.0       0.543774   180.000    45.000    90.000    0     119.857384      -0.119860
     15.00      0.00      20.000000       0.000000       0.000000        22      21.0      22.0       0.543774   180.000    45.000    90.000    0     119.841301      -0.120430
     15.00      5.00      15.332100       0.000000       0.000000        22      21.0      22.0       0.543774   180.000    45.000    90.000    0     119.825218      -0.120990
     15.00     10.00      10.664200       0.000000       0.000000        22      21.0      22.0       0.543774   180.000    45.000    90.000    0     119.809128      -0.121560
     15.00     15.00       5.996290       0.000000       0.000000        22      21.0      22.0       0.543774   180.000    45.000    90.000    0     119.793037      -0.122120
     15.00     20.00       1.328390       0.000000       0.000000        22      21.0      22.0       0.543774   180.000    45.000    90.000    0     119.776947      -0.122690
     20.00     -5.00      24.667900       0.000000       0.000000        22      21.0      22.0       0.543774   180.000    45.000    90.000    0     119.855812      -0.074670
     20.00      0.00      20.000000       0.000000       0.000000        22      21.0      22.0       0.543774   180.000    45.000    90.000    0     119.839737      -0.075240
     20.00      5.00      15.332100       0.000000       0.000000        22      21.0      22.0       0.543774   180.000    45.000    90.000    0     119.823647      -0.075800
     20.00     10.00      10.664200       0.000000       0.000000        22      21.0      22.0       0.543774   180.000    45.000    90.000    0     119.807564      -0.076370
     20.00     15.00       5.996290       0.000000       0.000000        22      21.0      22.0       0.543774   180.000    45.000    90.000    0     119.791481      -0.076930
     20.00     20.00       1.328390       0.000000       0.000000        22      21.0      22.0       0.543774   180.000    45.000    90.000    0     119.775391      -0.077500
     25.00     -5.00      24.667900       0.000000       0.000000        22      21.0      22.0       0.543774   180.000    45.000    90.000    0     119.854240      -0.029480
     25.00      0.00      20.000000       0.000000       0.000000        22      21.0      22.0       0.543774   180.000    45.000    90.000    0     119.838173      -0.030050
     25.00      5.00      15.332100       0.000000       0.000000        22      21.0      22.0       0.543774   180.000    45.000    90.000    0     119.822083      -0.030610
     25.00     10.00      10.664200       0.000000       0.000000        22      21.0      22.0       0.543774   180.000    45.000    90.000    0     119.806000      -0.031180
     25.00     15.00       5.996290       0.000000       0.000000        22      21.0      22.0       0.543774   180.000    45.000    90.000    0     119.789909      -0.031740
     25.00     20.00       1.328390       0.000000       0.000000        22      21.0      22.0       0.543774   180.000    45.000    90.000    0     119.773819      -0.032310
     30.00     -5.00      24.667900       0.000000       0.000000        22      21.0      22.0       0.543774   180.000    45.000    90.000    0     119.852669       0.015710
     30.00      0.00      20.000000       0.000000       0.000000        22      21.0      22.0       0.543774   180.000    45.000    90.000    0     119.836601       0.015150
     30.00      5.00      15.332100       0.000000       0.000000        22      21.0      22.0       0.543774   180.000    45.000    90.000    0     119.820518       0.014580
     30.00     10.00      10.664200       0.000000       0.000000        22      21.0      22.0       0.543774   180.000    45.000    90.000    0     119.804428       0.014020
     30.00     15.00       5.996290       0.000000       0.000000        22      21.0      22.0       0.543774   180.000    45.000    90.000    0     119.788338       0.013450
     30.00     20.00       1.328390       0.000000       0.000000        22      21.0      22.0       0.543774   180.000    45.000    90.000    0     119.772263       0.012890
     35.00     -5.00      24.667900       0.000000       0.000000        22      21.0      22.0       0.543774   180.000    45.000    90.000    0     119.851097       0.060900
     35.00      0.00      20.000000       0.000000       0.000000        22      21.0      22.0       0.543774   180.000    45.000    90.000    0     119.835037       0.060340
     35.00      5.00      15.332100       0.000000       0.000000        22      21.0      22.0       0.543774   180.000    45.000    90.000    0     119.818947       0.059770
     35.00     10.00      10.664200       0.000000       0.000000        22      21.0      22.0       0.543774   180.000    45.000    90.000    0     119.802856       0.059210
     35.00     15.00       5.996290       0.000000       0.000000        22      21.0      22.0       0.543774   180.000    45.000    90.000    0     119.786781       0.058640
     35.00     20.00       1.328390       0.006064       0.006064        22      21.0      22.0       0.543774   309.100    57.160   -29.230    1     119.770691       0.058080
     40.00     -5.00      24.667900       0.049847       0.049847        22      21.0      22.0       0.543774   151.570    75.030   -43.580    0     119.849533       0.106090
     40.00      0.00      20.000000       0.065533       0.065533        22      21.0      22.0       0.543774   131.240    69.540   -37.360    1     119.833473       0.105530
     40.00      5.00      15.332100       0.057546       0.057546        22      21.0      22.0       0.543774   125.670    47.040   -25.380    1     119.817390       0.104960
     40.00     10.00      10.664200       0.070161       0.070161        22      21.0      22.0       0.543774   122.010    64.920   -46.390    1     119.801300       0.104400
     40.00     15.00       5.996290       0.065785       0.065785        22      21.0      22.0       0.543774   150.910    18.810    -0.570    0     119.785210       0.103830
     40.00     20.00       1.328390       0.042660       0.042660        22      21.0      22.0       0.543774   138.500    80.160    36.810    0     119.769127       0.103270
     45.00     -5.00      24.667900       0.087674       0.087674        22      21.0      22.0       0.543774     7.000    82.920    68.310    0     119.847961       0.151280
     45.00      0.00      20.000000       0.142255       0.142255        22      21.0      22.0       0.543774   126.260    64.680   -47.370    1     119.831909       0.150720
     45.00      5.00      15.332100       0.160710       0.160710        22      21.0      22.0       0.543774   121.980    49.940   -44.370    1     119.815819       0.150150
     45.00     10.00      10.664200       0.136130       0.136130        22      21.0      22.0       0.543774   121.460    41.600   -23.080    1     119.799728       0.149590
     45.00     15.00       5.996290       0.104784       0.104784        22      21.0      22.0       0.543774   152.440    24.870    10.120    0     119.783653       0.149020
     45.00     20.00       1.328390       0.063519       0.063519        22      21.0      22.0       0.543774   146.960    62.270    23.350    0     119.767563       0.148460
     50.00     -5.00      24.667900       0.074200       0.074200        22      21.0      22.0       0.543774   168.800    88.070   -60.240    0     119.846390       0.196470
     50.00      0.00      20.000000       0.118070       0.118070        22      21.0      22.0       0.543774   130.400    67.190   -54.990    1     119.830338       0.195910
     50.00      5.00      15.332100       0.122276       0.122276        22      21.0      22.0       0.543774   129.150    58.020   -44.990    1     119.814247       0.195340
     50.00     10.00      10.664200       0.110478       0.110478        22      21.0      22.0       0.543774   125.970    53.930   -35.200    1     119.798172       0.194780
     50.00     15.00       5.996290       0.081169       0.081169        22      21.0      22.0       0.543774   146.690    21.740    11.310    0     119.782082       0.194210
     50.00     20.00       1.328390       0.045347       0.045347        22      21.0      22.0       0.543774   149.100    51.120     8.020    0     119.765991       0.193650
