      xloc      yloc          depth         ave SR         max SR         #     start       end     max SR all       str       dip      rake flag
   -185.00     -5.00      24.667900       0.000000       0.000000        12      11.0      12.0       0.543774   180.000    45.000    90.000    0     119.920059      -1.927490
   -185.00      0.00      20.000000       0.000000       0.000000        12      11.0      12.0       0.543774   180.000    45.000    90.000    0     119.903961      -1.928060
   -185.00      5.00      15.332100       0.000000       0.000000        12      11.0      12.0       0.543774   180.000    45.000    90.000    0     119.887871      -1.928620
   -185.00     10.00      10.664200       0.000000       0.000000        12      11.0      12.0       0.543774   180.000    45.000    90.000    0     119.871780      -1.929190
   -185.00     15.00       5.996290       0.000000       0.000000        12      11.0      12.0       0.543774   180.000    45.000    90.000    0     119.855682      -1.929750
   -185.00     20.00       1.328390       0.000000       0.000000        12      11.0      12.0       0.543774   180.000    45.000    90.000    0     119.839706      -1.930320
   -180.00     -5.00      24.667900       0.000000       0.000000        12      11.0      12.0       0.543774   180.000    45.000    90.000    0     119.918488      -1.882300
   -180.00      0.00      20.000000       0.000000       0.000000        12      11.0      12.0       0.543774   180.000    45.000    90.000    0     119.902397      -1.882870
   -180.00      5.00      15.332100       0.000000       0.000000        12      11.0      12.0       0.543774   180.000    45.000    90.000    0     119.886299      -1.883430
   -180.00     10.00      10.664200       0.000000       0.000000        12      11.0      12.0       0.543774   180.000    45.000    90.000    0     119.870209      -1.884000
   -180.00     15.00       5.996290       0.000000       0.000000        12      11.0      12.0       0.543774   180.000    45.000    90.000    0     119.854118      -1.884560
   -180.00     20.00       1.328390       0.000000       0.000000        12      11.0      12.0       0.543774   180.000    45.000    90.000    0     119.838142      -1.885130
   -175.00     -5.00      24.667900       0.000000       0.000000        12      11.0      12.0       0.543774   180.000    45.000    90.000    0     119.916924      -1.837110
   -175.00      0.00      20.000000       0.000000       0.000000        12      11.0      12.0       0.543774   180.000    45.000    90.000    0     119.900833      -1.837680
   -175.00      5.00      15.332100       0.000000       0.000000        12      11.0      12.0       0.543774   180.000    45.000    90.000    0     119.884743      -1.838240
   -175.00     10.00      10.664200       0.000000       0.000000        12      11.0      12.0       0.543774   180.000    45.000    90.000    0     119.868637      -1.838810
   -175.00     15.00       5.996290       0.000000       0.000000        12      11.0      12.0       0.543774   180.000    45.000    90.000    0     119.852547      -1.839370
   -175.00     20.00       1.328390       0.000000       0.000000        12      11.0      12.0       0.543774   180.000    45.000    90.000    0     119.836571      -1.839940
   -170.00     -5.00      24.667900       0.000000       0.000000        12      11.0      12.0       0.543774   180.000    45.000    90.000    0     119.915352      -1.791920
   -170.00      0.00      20.000000       0.000000       0.000000        12      11.0      12.0       0.543774   180.000    45.000    90.000    0     119.899261      -1.792490
   -170.00      5.00      15.332100       0.000000       0.000000        12      11.0      12.0       0.543774   180.000    45.000    90.000    0     119.883171      -1.793050
   -170.00     10.00      10.664200       0.000000       0.000000        12      11.0      12.0       0.543774   180.000    45.000    90.000    0     119.867081      -1.793620
   -170.00     15.00       5.996290       0.000000       0.000000        12      11.0      12.0       0.543774   180.000    45.000    90.000    0     119.850983      -1.794180
   -170.00     20.00       1.328390       0.000000       0.000000        12      11.0      12.0       0.543774   180.000    45.000    90.000    0     119.834999      -1.794750
   -165.00     -5.00      24.667900       0.000000       0.000000        12      11.0      12.0       0.543774   180.000    45.000    90.000    0     119.913788      -1.746730
   -165.00      0.00      20.000000       0.000000       0.000000        12      11.0      12.0       0.543774   180.000    45.000    90.000    0     119.897690      -1.747300
   -165.00      5.00      15.332100       0.000000       0.000000        12      11.0      12.0       0.543774   180.000    45.000    90.000    0     119.881599      -1.747860
   -165.00     10.00      10.664200       0.000000       0.000000        12      11.0      12.0       0.543774   180.000    45.000    90.000    0     119.865509      -1.748430
   -165.00     15.00       5.996290       0.000000       0.000000        12      11.0      12.0       0.543774   180.000    45.000    90.000    0     119.849419      -1.748990
   -165.00     20.00       1.328390       0.000000       0.000000        12      11.0      12.0       0.543774   180.000    45.000    90.000    0     119.833427      -1.749560
   -160.00     -5.00      24.667900       0.000000       0.000000        12      11.0      12.0       0.543774   180.000    45.000    90.000    0     119.912216      -1.701540
   -160.00      0.00      20.000000       0.000000       0.000000        12      11.0      12.0       0.543774   180.000    45.000    90.000    0     119.896133      -1.702110
   -160.00      5.00      15.332100       0.000000       0.000000        12      11.0      12.0       0.543774   180.000    45.000    90.000    0     119.880028      -1.702670
   -160.00     10.00      10.664200       0.000000       0.000000        12      11.0      12.0       0.543774   180.000    45.000    90.000    0     119.863937      -1.703240
   -160.00     15.00       5.996290       0.000000       0.000000        12      11.0      12.0       0.543774   180.000    45.000    90.000    0     119.847847      -1.703800
   -160.00     20.00       1.328390       0.000000       0.000000        12      11.0      12.0       0.543774   180.000    45.000    90.000    0     119.831863      -1.704370
   -155.00     -5.00      24.667900       0.000000       0.000000        12      11.0      12.0       0.543774   180.000    45.000    90.000    0     119.910652      -1.656350
   -155.00      0.00      20.000000       0.000000       0.000000        12      11.0      12.0       0.543774   180.000    45.000    90.000    0     119.894562      -1.656920
   -155.00      5.00      15.332100       0.000000       0.000000        12      11.0      12.0       0.543774   180.000    45.000    90.000    0     119.878471      -1.657480
   -155.00     10.00      10.664200       0.000000       0.000000        12      11.0      12.0       0.543774   180.000    45.000    90.000    0     119.862373      -1.658050
   -155.00     15.00       5.996290       0.000000       0.000000        12      11.0      12.0       0.543774   180.000    45.000    90.000    0     119.846283      -1.658610
   -155.00     20.00       1.328390       0.000000       0.000000        12      11.0      12.0       0.543774   180.000    45.000    90.000    0     119.830292      -1.659180
   -150.00     -5.00      24.667900       0.000000       0.000000        12      11.0      12.0       0.543774   180.000    45.000    90.000    0     119.909081      -1.611160
   -150.00      0.00      20.000000       0.000000       0.000000        12      11.0      12.0       0.543774   180.000    45.000    90.000    0     119.892990      -1.611730
   -150.00      5.00      15.332100       0.000000       0.000000        12      11.0      12.0       0.543774   180.000    45.000    90.000    0     119.876900      -1.612290
   -150.00     10.00      10.664200       0.000000       0.000000        12      11.0      12.0       0.543774   180.000    45.000    90.000    0     119.860809      -1.612860
   -150.00     15.00       5.996290       0.000000       0.000000        12      11.0      12.0       0.543774   180.000    45.000    90.000    0     119.844818      -1.613420
   -150.00     20.00       1.328390       0.000000       0.000000        12      11.0      12.0       0.543774   180.000    45.000    90.000    0     119.828720      -1.613990
   -145.00     -5.00      24.667900       0.000000       0.000000        12      11.0      12.0       0.543774   180.000    45.000    90.000    0     119.907516      -1.565970
   -145.00      0.00      20.000000       0.000000       0.000000        12      11.0      12.0       0.543774   180.000    45.000    90.000    0     119.891418      -1.566530
   -145.00      5.00      15.332100       0.000000       0.000000        12      11.0      12.0       0.543774   180.000    45.000    90.000    0     119.875328      -1.567100
   -145.00     10.00      10.664200       0.000000       0.000000        12      11.0      12.0       0.543774   180.000    45.000    90.000    0     119.859238      -1.567660
   -145.00     15.00       5.996290       0.000000       0.000000        12      11.0      12.0       0.543774   180.000    45.000    90.000    0     119.843246      -1.568230
   -145.00     20.00       1.328390       0.000000       0.000000        12      11.0      12.0       0.543774   180.000    45.000    90.000    0     119.827148      -1.568800
   -140.00     -5.00      24.667900       0.000000       0.000000        12      11.0      12.0       0.543774   180.000    45.000    90.000    0     119.905952      -1.520780
   -140.00      0.00      20.000000       0.000000       0.000000        12      11.0      12.0       0.543774   180.000    45.000    90.000    0     119.889862      -1.521340
   -140.00      5.00      15.332100       0.000000       0.000000        12      11.0      12.0       0.543774   180.000    45.000    90.000    0     119.873772      -1.521910
   -140.00     10.00      10.664200       0.000000       0.000000        12      11.0      12.0       0.543774   180.000    45.000    90.000    0     119.857681      -1.522470
   -140.00     15.00       5.996290       0.000000       0.000000        12      11.0      12.0       0.543774   180.000    45.000    90.000    0     119.841682      -1.523040
   -140.00     20.00       1.328390       0.000000       0.000000        12      11.0      12.0       0.543774   180.000    45.000    90.000    0     119.825577      -1.523610
   -135.00     -5.00      24.667900       0.000000       0.000000        12      11.0      12.0       0.543774   180.000    45.000    90.000    0     119.904381      -1.475590
   -135.00      0.00      20.000000       0.000000       0.000000        12      11.0      12.0       0.543774   180.000    45.000    90.000    0     119.888290      -1.476150
   -135.00      5.00      15.332100       0.000000       0.000000        12      11.0      12.0       0.543774   180.000    45.000    90.000    0     119.872200      -1.476720
   -135.00     10.00      10.664200       0.000000       0.000000        12      11.0      12.0       0.543774   180.000    45.000    90.000    0     119.856110      -1.477280
   -135.00     15.00       5.996290       0.000000       0.000000        12      11.0      12.0       0.543774   180.000    45.000    90.000    0     119.840111      -1.477850
   -135.00     20.00       1.328390       0.000000       0.000000        12      11.0      12.0       0.543774   180.000    45.000    90.000    0     119.824020      -1.478410
   -130.00     -5.00      24.667900       0.000000       0.000000        12      11.0      12.0       0.543774   180.000    45.000    90.000    0     119.902809      -1.430400
   -130.00      0.00      20.000000       0.000000       0.000000        12      11.0      12.0       0.543774   180.000    45.000    90.000    0     119.886719      -1.430960
   -130.00      5.00      15.332100       0.000000       0.000000        12      11.0      12.0       0.543774   180.000    45.000    90.000    0     119.870628      -1.431530
   -130.00     10.00      10.664200       0.000000       0.000000        12      11.0      12.0       0.543774   180.000    45.000    90.000    0     119.854538      -1.432090
   -130.00     15.00       5.996290       0.000000       0.000000        12      11.0      12.0       0.543774   180.000    45.000    90.000    0     119.838539      -1.432660
   -130.00     20.00       1.328390       0.000000       0.000000        12      11.0      12.0       0.543774   180.000    45.000    90.000    0     119.822449      -1.433220
   -125.00     -5.00      24.667900       0.000000       0.000000        12      11.0      12.0       0.543774   180.000    45.000    90.000    0     119.901253      -1.385210
   -125.00      0.00      20.000000       0.000000       0.000000        12      11.0      12.0       0.543774   180.000    45.000    90.000    0     119.885162      -1.385770
   -125.00      5.00      15.332100       0.000000       0.000000        12      11.0      12.0       0.543774   180.000    45.000    90.000    0     119.869072      -1.386340
   -125.00     10.00      10.664200       0.000000       0.000000        12      11.0      12.0       0.543774   180.000    45.000    90.000    0     119.852982      -1.386900
   -125.00     15.00       5.996290       0.000000       0.000000        12      11.0      12.0       0.543774   180.000    45.000    90.000    0     119.836967      -1.387470
   -125.00     20.00       1.328390       0.000000       0.000000        12      11.0      12.0       0.543774   180.000    45.000    90.000    0     119.820877      -1.388030
   -120.00     -5.00      24.667900       0.000000       0.000000        12      11.0      12.0       0.543774   180.000    45.000    90.000    0     119.899681      -1.340020
   -120.00      0.00      20.000000       0.000000       0.000000        12      11.0      12.0       0.543774   180.000    45.000    90.000    0     119.883591      -1.340580
   -120.00      5.00      15.332100       0.000000       0.000000        12      11.0      12.0       0.543774   180.000    45.000    90.000    0     119.867500      -1.341150
   -120.00     10.00      10.664200       0.000000       0.000000        12      11.0      12.0       0.543774   180.000    45.000    90.000    0     119.851410      -1.341710
   -120.00     15.00       5.996290       0.000000       0.000000        12      11.0      12.0       0.543774   180.000    45.000    90.000    0     119.835403      -1.342280
   -120.00     20.00       1.328390       0.000000       0.000000        12      11.0      12.0       0.543774   180.000    45.000    90.000    0     119.819313      -1.342840
   -115.00     -5.00      24.667900       0.000000       0.000000        12      11.0      12.0       0.543774   180.000    45.000    90.000    0     119.898109      -1.294830
   -115.00      0.00      20.000000       0.000000       0.000000        12      11.0      12.0       0.543774   180.000    45.000    90.000    0     119.882019      -1.295390
   -115.00      5.00      15.332100       0.000000       0.000000        12      11.0      12.0       0.543774   180.000    45.000    90.000    0     119.865929      -1.295960
   -115.00     10.00      10.664200       0.000000       0.000000        12      11.0      12.0       0.543774   180.000    45.000    90.000    0     119.849838      -1.296520
   -115.00     15.00       5.996290       0.000000       0.000000        12      11.0      12.0       0.543774   180.000    45.000    90.000    0     119.833832      -1.297090
   -115.00     20.00       1.328390       0.000000       0.000000        12      11.0      12.0       0.543774   180.000    45.000    90.000    0     119.817741      -1.297650
   -110.00     -5.00      24.667900       0.000000       0.000000        12      11.0      12.0       0.543774   180.000    45.000    90.000    0     119.896553      -1.249630
   -110.00      0.00      20.000000       0.000000       0.000000        12      11.0      12.0       0.543774   180.000    45.000    90.000    0     119.880463      -1.250200
   -110.00      5.00      15.332100       0.000000       0.000000        12      11.0      12.0       0.543774   180.000    45.000    90.000    0     119.864372      -1.250760
   -110.00     10.00      10.664200       0.000000       0.000000        12      11.0      12.0       0.543774   180.000    45.000    90.000    0     119.848282      -1.251330
   -110.00     15.00       5.996290       0.000000       0.000000        12      11.0      12.0       0.543774   180.000    45.000    90.000    0     119.832260      -1.251900
   -110.00     20.00       1.328390       0.000000       0.000000        12      11.0      12.0       0.543774   180.000    45.000    90.000    0     119.816170      -1.252460
   -105.00     -5.00      24.667900       0.000000       0.000000        12      11.0      12.0       0.543774   180.000    45.000    90.000    0     119.894981      -1.204440
   -105.00      0.00      20.000000       0.000000       0.000000        12      11.0      12.0       0.543774   180.000    45.000    90.000    0     119.878891      -1.205010
   -105.00      5.00      15.332100       0.000000       0.000000        12      11.0      12.0       0.543774   180.000    45.000    90.000    0     119.862801      -1.205570
   -105.00     10.00      10.664200       0.000000       0.000000        12      11.0      12.0       0.543774   180.000    45.000    90.000    0     119.846710      -1.206140
   -105.00     15.00       5.996290       0.000000       0.000000        12      11.0      12.0       0.543774   180.000    45.000    90.000    0     119.830688      -1.206700
   -105.00     20.00       1.328390       0.000000       0.000000        12      11.0      12.0       0.543774   180.000    45.000    90.000    0     119.814598      -1.207270
   -100.00     -5.00      24.667900       0.000000       0.000000        12      11.0      12.0       0.543774   180.000    45.000    90.000    0     119.893410      -1.159250
   -100.00      0.00      20.000000       0.000000       0.000000        12      11.0      12.0       0.543774   180.000    45.000    90.000    0     119.877319      -1.159820
   -100.00      5.00      15.332100       0.000000       0.000000        12      11.0      12.0       0.543774   180.000    45.000    90.000    0     119.861229      -1.160380
   -100.00     10.00      10.664200       0.000000       0.000000        12      11.0      12.0       0.543774   180.000    45.000    90.000    0     119.845207      -1.160950
   -100.00     15.00       5.996290       0.000000       0.000000        12      11.0      12.0       0.543774   180.000    45.000    90.000    0     119.829117      -1.161510
   -100.00     20.00       1.328390       0.000000       0.000000        12      11.0      12.0       0.543774   180.000    45.000    90.000    0     119.813026      -1.162080
    -95.00     -5.00      24.667900       0.000000       0.000000        12      11.0      12.0       0.543774   180.000    45.000    90.000    0     119.891853      -1.114060
    -95.00      0.00      20.000000       0.000000       0.000000        12      11.0      12.0       0.543774   180.000    45.000    90.000    0     119.875763      -1.114630
    -95.00      5.00      15.332100       0.000000       0.000000        12      11.0      12.0       0.543774   180.000    45.000    90.000    0     119.859673      -1.115190
    -95.00     10.00      10.664200       0.000000       0.000000        12      11.0      12.0       0.543774   180.000    45.000    90.000    0     119.843643      -1.115760
    -95.00     15.00       5.996290       0.000000       0.000000        12      11.0      12.0       0.543774   180.000    45.000    90.000    0     119.827553      -1.116320
    -95.00     20.00       1.328390       0.000000       0.000000        12      11.0      12.0       0.543774   180.000    45.000    90.000    0     119.811462      -1.116890
    -90.00     -5.00      24.667900       0.000000       0.000000        12      11.0      12.0       0.543774   180.000    45.000    90.000    0     119.890282      -1.068870
    -90.00      0.00      20.000000       0.000000       0.000000        12      11.0      12.0       0.543774   180.000    45.000    90.000    0     119.874191      -1.069440
    -90.00      5.00      15.332100       0.000000       0.000000        12      11.0      12.0       0.543774   180.000    45.000    90.000    0     119.858101      -1.070000
    -90.00     10.00      10.664200       0.000000       0.000000        12      11.0      12.0       0.543774   180.000    45.000    90.000    0     119.842072      -1.070570
    -90.00     15.00       5.996290       0.000000       0.000000        12      11.0      12.0       0.543774   180.000    45.000    90.000    0     119.825981      -1.071130
    -90.00     20.00       1.328390       0.000000       0.000000        12      11.0      12.0       0.543774   180.000    45.000    90.000    0     119.809891      -1.071700
    -85.00     -5.00      24.667900       0.000000       0.000000        12      11.0      12.0       0.543774   180.000    45.000    90.000    0     119.888710      -1.023680
    -85.00      0.00      20.000000       0.000000       0.000000        12      11.0      12.0       0.543774   180.000    45.000    90.000    0     119.872620      -1.024250
    -85.00      5.00      15.332100       0.000000       0.000000        12      11.0      12.0       0.543774   180.000    45.000    90.000    0     119.856537      -1.024810
    -85.00     10.00      10.664200       0.000000       0.000000        12      11.0      12.0       0.543774   180.000    45.000    90.000    0     119.840500      -1.025380
    -85.00     15.00       5.996290       0.000000       0.000000        12      11.0      12.0       0.543774   180.000    45.000    90.000    0     119.824409      -1.025940
    -85.00     20.00       1.328390       0.000000       0.000000        12      11.0      12.0       0.543774   180.000    45.000    90.000    0     119.808319      -1.026510
    -80.00     -5.00      24.667900       0.000000       0.000000        12      11.0      12.0       0.543774   180.000    45.000    90.000    0     119.887154      -0.978490
    -80.00      0.00      20.000000       0.000000       0.000000        12      11.0      12.0       0.543774   180.000    45.000    90.000    0     119.871063      -0.979050
    -80.00      5.00      15.332100       0.000000       0.000000        12      11.0      12.0       0.543774   180.000    45.000    90.000    0     119.854973      -0.979620
    -80.00     10.00      10.664200       0.000000       0.000000        12      11.0      12.0       0.543774   180.000    45.000    90.000    0     119.838928      -0.980190
    -80.00     15.00       5.996290       0.000000       0.000000        12      11.0      12.0       0.543774   180.000    45.000    90.000    0     119.822838      -0.980750
    -80.00     20.00       1.328390       0.000000       0.000000        12      11.0      12.0       0.543774   180.000    45.000    90.000    0     119.806763      -0.981320
    -75.00     -5.00      24.667900       0.000000       0.000000        12      11.0      12.0       0.543774   180.000    45.000    90.000    0     119.885582      -0.933300
    -75.00      0.00      20.000000       0.000000       0.000000        12      11.0      12.0       0.543774   180.000    45.000    90.000    0     119.869492      -0.933860
    -75.00      5.00      15.332100       0.000000       0.000000        12      11.0      12.0       0.543774   180.000    45.000    90.000    0     119.853401      -0.934430
    -75.00     10.00      10.664200       0.000000       0.000000        12      11.0      12.0       0.543774   180.000    45.000    90.000    0     119.837357      -0.934990
    -75.00     15.00       5.996290       0.000000       0.000000        12      11.0      12.0       0.543774   180.000    45.000    90.000    0     119.821274      -0.935560
    -75.00     20.00       1.328390       0.000000       0.000000        12      11.0      12.0       0.543774   180.000    45.000    90.000    0     119.805191      -0.936130
    -70.00     -5.00      24.667900       0.000000       0.000000        12      11.0      12.0       0.543774   180.000    45.000    90.000    0     119.884010      -0.888110
    -70.00      0.00      20.000000       0.000000       0.000000        12      11.0      12.0       0.543774   180.000    45.000    90.000    0     119.867928      -0.888670
    -70.00      5.00      15.332100       0.000000       0.000000        12      11.0      12.0       0.543774   180.000    45.000    90.000    0     119.851837      -0.889240
    -70.00     10.00      10.664200       0.000000       0.000000        12      11.0      12.0       0.543774   180.000    45.000    90.000    0     119.835793      -0.889800
    -70.00     15.00       5.996290       0.000000       0.000000        12      11.0      12.0       0.543774   180.000    45.000    90.000    0     119.819710      -0.890370
    -70.00     20.00       1.328390       0.000000       0.000000        12      11.0      12.0       0.543774   180.000    45.000    90.000    0     119.803619      -0.890940
    -65.00     -5.00      24.667900       0.000000       0.000000        12      11.0      12.0       0.543774   180.000    45.000    90.000    0     119.882446      -0.842920
    -65.00      0.00      20.000000       0.000000       0.000000        12      11.0      12.0       0.543774   180.000    45.000    90.000    0     119.866364      -0.843480
    -65.00      5.00      15.332100       0.000000       0.000000        12      11.0      12.0       0.543774   180.000    45.000    90.000    0     119.850273      -0.844050
    -65.00     10.00      10.664200       0.000000       0.000000        12      11.0      12.0       0.543774   180.000    45.000    90.000    0     119.834221      -0.844610
    -65.00     15.00       5.996290       0.000000       0.000000        12      11.0      12.0       0.543774   180.000    45.000    90.000    0     119.818138      -0.845180
    -65.00     20.00       1.328390       0.000000       0.000000        12      11.0      12.0       0.543774   180.000    45.000    90.000    0     119.802048      -0.845750
    -60.00     -5.00      24.667900       0.013455       0.013455        12      11.0      12.0       0.543774     9.490    59.700   -52.020    0     119.880882      -0.797730
    -60.00      0.00      20.000000       0.060665       0.060665        12      11.0      12.0       0.543774   359.510    79.700   -58.090    0     119.864792      -0.798290
    -60.00      5.00      15.332100       0.066374       0.066374        12      11.0      12.0       0.543774   345.260    48.090   -12.420    0     119.848701      -0.798860
    -60.00     10.00      10.664200       0.025457       0.025457        12      11.0      12.0       0.543774   181.130    72.580   -66.670    0     119.832657      -0.799420
    -60.00     15.00       5.996290       0.045967       0.045967        12      11.0      12.0       0.543774   349.070    77.390    -7.860    0     119.816566      -0.799990
    -60.00     20.00       1.328390       0.022919       0.022919        12      11.0      12.0       0.543774   326.700    52.890   -36.970    0     119.800484      -0.800550
    -55.00     -5.00      24.667900       0.106408       0.106408        12      11.0      12.0       0.543774    52.270    86.380  -105.270    1     119.879311      -0.752540
    -55.00      0.00      20.000000       0.097075       0.097075        12      11.0      12.0       0.543774   341.980    23.180     8.600    0     119.863228      -0.753100
    -55.00      5.00      15.332100       0.088015       0.088015        12      11.0      12.0       0.543774   353.850    58.930   -13.850    0     119.847137      -0.753670
    -55.00     10.00      10.664200       0.116929       0.116929        12      11.0      12.0       0.543774   346.060    47.640   -22.180    0     119.831093      -0.754230
    -55.00     15.00       5.996290       0.136689       0.136689        12      11.0      12.0       0.543774   342.360    46.530   -17.910    0     119.815002      -0.754800
    -55.00     20.00       1.328390       0.114973       0.114973        12      11.0      12.0       0.543774   340.300    66.860    -9.560    0     119.798912      -0.755360
    -50.00     -5.00      24.667900       0.158291       0.158291        12      11.0      12.0       0.543774   315.380    18.460   -23.870    0     119.877747      -0.707340
    -50.00      0.00      20.000000       0.162173       0.162173        12      11.0      12.0       0.543774   337.770    26.980    -9.940    0     119.861656      -0.707910
    -50.00      5.00      15.332100       0.158894       0.158894        12      11.0      12.0       0.543774   346.300    42.270   -14.090    0     119.845612      -0.708470
    -50.00     10.00      10.664200       0.187059       0.187059        12      11.0      12.0       0.543774   347.630    52.360   -14.980    0     119.829521      -0.709040
    -50.00     15.00       5.996290       0.199215       0.199215        12      11.0      12.0       0.543774   343.450    53.060   -12.700    0     119.813431      -0.709610
    -50.00     20.00       1.328390       0.195054       0.195054        12      11.0      12.0       0.543774   341.170    60.910   -11.590    0     119.797340      -0.710170
    -45.00     -5.00      24.667900       0.169904       0.169904        12      11.0      12.0       0.543774   318.240    18.870   -31.000    0     119.876183      -0.662150
    -45.00      0.00      20.000000       0.200978       0.200978        12      11.0      12.0       0.543774   335.860    28.310   -20.760    0     119.860092      -0.662720
    -45.00      5.00      15.332100       0.198774       0.198774        12      11.0      12.0       0.543774   347.560    43.670   -13.980    0     119.844040      -0.663280
    -45.00     10.00      10.664200       0.230769       0.230769        12      11.0      12.0       0.543774   348.300    55.350   -10.970    0     119.827950      -0.663850
    -45.00     15.00       5.996290       0.253399       0.253399        12      11.0      12.0       0.543774   342.900    55.880   -13.540    0     119.811859      -0.664420
    -45.00     20.00       1.328390       0.256204       0.256204        12      11.0      12.0       0.543774   341.270    59.830   -12.890    0     119.795769      -0.664980
    -40.00     -5.00      24.667900       0.164093       0.164093        12      11.0      12.0       0.543774   316.940    20.580   -41.630    0     119.874619      -0.616960
    -40.00      0.00      20.000000       0.213946       0.213946        12      11.0      12.0       0.543774   334.460    30.020   -30.950    0     119.858528      -0.617530
    -40.00      5.00      15.332100       0.221156       0.221156        12      11.0      12.0       0.543774   348.960    48.860   -13.140    0     119.842468      -0.618090
    -40.00     10.00      10.664200       0.253533       0.253533        12      11.0      12.0       0.543774   347.690    58.020   -12.210    0     119.826378      -0.618660
    -40.00     15.00       5.996290       0.285330       0.285330        12      11.0      12.0       0.543774   343.080    60.600   -13.700    0     119.810287      -0.619220
    -40.00     20.00       1.328390       0.302213       0.302213        12      11.0      12.0       0.543774   340.670    59.300   -15.730    0     119.794197      -0.619790
    -35.00     -5.00      24.667900       0.133172       0.133172        12      11.0      12.0       0.543774   317.280    27.370   -47.560    0     119.873047      -0.571770
    -35.00      0.00      20.000000       0.204648       0.204648        12      11.0      12.0       0.543774   327.110    29.110   -48.780    0     119.856956      -0.572340
    -35.00      5.00      15.332100       0.233359       0.233359        12      11.0      12.0       0.543774   349.630    58.210    -9.730    0     119.840897      -0.572900
    -35.00     10.00      10.664200       0.262142       0.262142        12      11.0      12.0       0.543774   347.270    61.010   -13.860    0     119.824806      -0.573470
    -35.00     15.00       5.996290       0.301468       0.301468        12      11.0      12.0       0.543774   344.660    64.790   -11.290    0     119.808723      -0.574030
    -35.00     20.00       1.328390       0.337308       0.337308        12      11.0      12.0       0.543774   339.660    56.980   -19.960    0     119.792633      -0.574600
    -30.00     -5.00      24.667900       0.112667       0.112667        12      11.0      12.0       0.543774   336.960    83.150    15.420    0     119.871483      -0.526580
    -30.00      0.00      20.000000       0.198064       0.198064        12      11.0      12.0       0.543774   144.320    69.520   -57.760    0     119.855400      -0.527150
    -30.00      5.00      15.332100       0.238817       0.238817        12      11.0      12.0       0.543774   162.580    78.660   -30.470    0     119.839333      -0.527710
    -30.00     10.00      10.664200       0.276142       0.276142        12      11.0      12.0       0.543774   342.770    53.730   -26.560    0     119.823242      -0.528280
    -30.00     15.00       5.996290       0.317579       0.317579        12      11.0      12.0       0.543774   344.080    61.570   -15.390    0     119.807152      -0.528840
    -30.00     20.00       1.328390       0.357178       0.357178        12      11.0      12.0       0.543774   338.500    54.370   -24.940    0     119.791069      -0.529410
    -25.00     -5.00      24.667900       0.110987       0.110987        12      11.0      12.0       0.543774   341.050    89.110    12.100    0     119.869919      -0.481390
    -25.00      0.00      20.000000       0.190835       0.190835        12      11.0      12.0       0.543774   160.460    77.550   -37.630    0     119.853828      -0.481950
    -25.00      5.00      15.332100       0.248056       0.248056        12      11.0      12.0       0.543774   149.670    61.050   -55.330    0     119.837761      -0.482520
    -25.00     10.00      10.664200       0.280641       0.280641        12      11.0      12.0       0.543774   336.060    46.570   -41.200    0     119.821671      -0.483090
    -25.00     15.00       5.996290       0.326130       0.326130        12      11.0      12.0       0.543774   342.290    54.780   -23.300    0     119.805580      -0.483650
    -25.00     20.00       1.328390       0.362467       0.362467        12      11.0      12.0       0.543774   337.300    51.220   -30.350    0     119.789497      -0.484220
    -20.00     -5.00      24.667900       0.107850       0.107850        12      11.0      12.0       0.543774   166.750    83.600    -8.910    0     119.868347      -0.436200
    -20.00      0.00      20.000000       0.182324       0.182324        12      11.0      12.0       0.543774   167.290    80.810   -30.810    0     119.852257      -0.436760
    -20.00      5.00      15.332100       0.239805       0.239805        12      11.0      12.0       0.543774   148.610    59.790   -60.070    0     119.836189      -0.437330
    -20.00     10.00      10.664200       0.273943       0.273943        12      11.0      12.0       0.543774   331.020    41.340   -51.990    0     119.820099      -0.437900
    -20.00     15.00       5.996290       0.329515       0.329515        12      11.0      12.0       0.543774   340.540    49.190   -30.260    0     119.804008      -0.438460
    -20.00     20.00       1.328390       0.357134       0.357134        12      11.0      12.0       0.543774   337.160    48.260   -34.020    0     119.787933      -0.439030
    -15.00     -5.00      24.667900       0.105903       0.105903        12      11.0      12.0       0.543774   173.140    89.390   -11.260    0     119.866791      -0.391010
    -15.00      0.00      20.000000       0.174753       0.174753        12      11.0      12.0       0.543774   171.660    81.100   -29.740    0     119.850700      -0.391570
    -15.00      5.00      15.332100       0.216448       0.216448        12      11.0      12.0       0.543774   136.020    57.000   -81.890    0     119.834618      -0.392140
    -15.00     10.00      10.664200       0.259416       0.259416        12      11.0      12.0       0.543774   336.660    40.220   -46.580    0     119.818527      -0.392700
    -15.00     15.00       5.996290       0.314398       0.314398        12      11.0      12.0       0.543774   342.120    46.570   -31.570    0     119.802452      -0.393270
    -15.00     20.00       1.328390       0.341689       0.341689        12      11.0      12.0       0.543774   338.470    45.870   -35.490    0     119.786362      -0.393840
    -10.00     -5.00      24.667900       0.106139       0.106139        12      11.0      12.0       0.543774   359.900    73.990    12.970    0     119.865219      -0.345820
    -10.00      0.00      20.000000       0.155848       0.155848        12      11.0      12.0       0.543774     1.610    76.180    13.170    0     119.849129      -0.346380
    -10.00      5.00      15.332100       0.194936       0.194936        12      11.0      12.0       0.543774   343.120    36.920   -47.160    0     119.833054      -0.346950
    -10.00     10.00      10.664200       0.244904       0.244904        12      11.0      12.0       0.543774   343.010    38.470   -40.230    0     119.816963      -0.347510
    -10.00     15.00       5.996290       0.290181       0.290181        12      11.0      12.0       0.543774   345.530    44.910   -29.870    0     119.800880      -0.348080
    -10.00     20.00       1.328390       0.324465       0.324465        12      11.0      12.0       0.543774   340.660    43.470   -35.160    0     119.784790      -0.348650
     -5.00     -5.00      24.667900       0.106983       0.106983        12      11.0      12.0       0.543774     7.290    58.000    10.770    0     119.863647      -0.300630
     -5.00      0.00      20.000000       0.149172       0.149172        12      11.0      12.0       0.543774     7.470    53.120    -2.360    0     119.847572      -0.301190
     -5.00      5.00      15.332100       0.188413       0.188413        12      11.0      12.0       0.543774   356.780    42.250   -26.640    0     119.831482      -0.301760
     -5.00     10.00      10.664200       0.232087       0.232087        12      11.0      12.0       0.543774   349.380    37.120   -32.750    0     119.815399      -0.302320
     -5.00     15.00       5.996290       0.275281       0.275281        12      11.0      12.0       0.543774   346.760    41.390   -29.960    0     119.799309      -0.302890
     -5.00     20.00       1.328390       0.308499       0.308499        12      11.0      12.0       0.543774   342.800    40.910   -33.660    0     119.783218      -0.303450
      0.00     -5.00      24.667900       0.106743       0.106743        12      11.0      12.0       0.543774    14.030    42.650    10.080    0     119.862091      -0.255430
      0.00      0.00      20.000000       0.152451       0.152451        12      11.0      12.0       0.543774     9.570    40.230    -2.180    0     119.846001      -0.256000
      0.00      5.00      15.332100       0.176620       0.176620        12      11.0      12.0       0.543774     2.620    42.900   -16.690    0     119.829910      -0.256570
      0.00     10.00      10.664200       0.220160       0.220160        12      11.0      12.0       0.543774   355.510    35.850   -21.890    0     119.813828      -0.257130
      0.00     15.00       5.996290       0.261649       0.261649        12      11.0      12.0       0.543774   347.310    36.980   -28.170    0     119.797737      -0.257700
      0.00     20.00       1.328390       0.292479       0.292479        12      11.0      12.0       0.543774   343.490    37.720   -32.140    0     119.781647      -0.258260
      5.00     -5.00      24.667900       0.099318       0.099318        12      11.0      12.0       0.543774    24.630    32.960    22.430    0     119.860519      -0.210240
      5.00      0.00      20.000000       0.144708       0.144708        12      11.0      12.0       0.543774    20.520    28.300    18.320    0     119.844429      -0.210810
      5.00      5.00      15.332100       0.165763       0.165763        12      11.0      12.0       0.543774     7.840    30.600     3.020    0     119.828346      -0.211370
      5.00     10.00      10.664200       0.201372       0.201372        12      11.0      12.0       0.543774   359.120    30.940   -10.480    0     119.812263      -0.211940
      5.00     15.00       5.996290       0.238559       0.238559        12      11.0      12.0       0.543774   347.110    32.390   -24.630    0     119.796173      -0.212500
      5.00     20.00       1.328390       0.272548       0.272548        12      11.0      12.0       0.543774   342.800    33.740   -29.880    0     119.780090      -0.213070
     10.00     -5.00      24.667900       0.084719       0.084719        12      11.0      12.0       0.543774    54.190    27.810    58.340    1     119.858948      -0.165050
     10.00      0.00      20.000000       0.135136       0.135136        12      11.0      12.0       0.543774    73.110    18.400    87.950    1     119.842873      -0.165620
     10.00      5.00      15.332100       0.178446       0.178446        12      11.0      12.0       0.543774    75.250    11.430    95.390    1     119.826782      -0.166180
     10.00     10.00      10.664200       0.187987       0.187987        12      11.0      12.0       0.543774    14.500    15.260    22.620    0     119.810692      -0.166750
     10.00     15.00       5.996290       0.215465       0.215465        12      11.0      12.0       0.543774   346.810    23.770   -15.010    0     119.794609      -0.167310
     10.00     20.00       1.328390       0.248673       0.248673        12      11.0      12.0       0.543774   340.800    28.360   -26.230    0     119.778519      -0.167880
     15.00     -5.00      24.667900       0.070789       0.070789        12      11.0      12.0       0.543774    90.790    30.770    91.920    1     119.857384      -0.119860
     15.00      0.00      20.000000       0.135258       0.135258        12      11.0      12.0       0.543774   102.210    24.630   119.410    1     119.841301      -0.120430
     15.00      5.00      15.332100       0.191257       0.191257        12      11.0      12.0       0.543774    98.740    15.940   120.890    1     119.825218      -0.120990
     15.00     10.00      10.664200       0.188524       0.188524        12      11.0      12.0       0.543774    72.550     9.820    91.670    1     119.809128      -0.121560
     15.00     15.00       5.996290       0.198986       0.198986        12      11.0      12.0       0.543774    -9.200    12.350    -0.110    0     119.793037      -0.122120
     15.00     20.00       1.328390       0.223519       0.223519        12      11.0      12.0       0.543774   338.100    21.530   -21.970    0     119.776947      -0.122690
     20.00     -5.00      24.667900       0.081648       0.081648        12      11.0      12.0       0.543774   125.920    46.330   108.010    1     119.855812      -0.074670
     20.00      0.00      20.000000       0.144608       0.144608        12      11.0      12.0       0.543774   130.030    43.550   122.530    1     119.839737      -0.075240
     20.00      5.00      15.332100       0.189243       0.189243        12      11.0      12.0       0.543774   107.120    23.870   125.710    1     119.823647      -0.075800
     20.00     10.00      10.664200       0.195336       0.195336        12      11.0      12.0       0.543774    93.700    12.340   114.760    1     119.807564      -0.076370
     20.00     15.00       5.996290       0.192918       0.192918        12      11.0      12.0       0.543774    35.430     5.220    51.280    0     119.791481      -0.076930
     20.00     20.00       1.328390       0.197206       0.197206        12      11.0      12.0       0.543774   339.040    14.690   -15.600    0     119.775391      -0.077500
     25.00     -5.00      24.667900       0.101870       0.101870        12      11.0      12.0       0.543774   138.700    51.590   102.890    0     119.854240      -0.029480
     25.00      0.00      20.000000       0.169291       0.169291        12      11.0      12.0       0.543774   146.820    51.580   112.330    0     119.838173      -0.030050
     25.00      5.00      15.332100       0.184647       0.184647        12      11.0      12.0       0.543774   125.740    35.400   123.490    1     119.822083      -0.030610
     25.00     10.00      10.664200       0.187761       0.187761        12      11.0      12.0       0.543774   105.340    15.490   123.180    1     119.806000      -0.031180
     25.00     15.00       5.996290       0.180625       0.180625        12      11.0      12.0       0.543774    84.560     5.500   100.280    1     119.789909      -0.031740
     25.00     20.00       1.328390       0.169470       0.169470        12      11.0      12.0       0.543774   349.340     9.080    -5.400    0     119.773819      -0.032310
     30.00     -5.00      24.667900       0.112605       0.112605        12      11.0      12.0       0.543774   139.650    51.670    91.850    0     119.852669       0.015710
     30.00      0.00      20.000000       0.186014       0.186014        12      11.0      12.0       0.543774   148.840    51.740   103.330    0     119.836601       0.015150
     30.00      5.00      15.332100       0.188938       0.188938        12      11.0      12.0       0.543774   148.360    46.390   115.500    0     119.820518       0.014580
     30.00     10.00      10.664200       0.171000       0.171000        12      11.0      12.0       0.543774   124.150    22.800   128.900    1     119.804428       0.014020
     30.00     15.00       5.996290       0.148684       0.148684        12      11.0      12.0       0.543774   109.460    13.390   117.970    1     119.788338       0.013450
     30.00     20.00       1.328390       0.136205       0.136205        12      11.0      12.0       0.543774    37.250     4.340    34.480    0     119.772263       0.012890
     35.00     -5.00      24.667900       0.127822       0.127822        12      11.0      12.0       0.543774   134.080    48.190    79.680    0     119.851097       0.060900
     35.00      0.00      20.000000       0.192708       0.192708        12      11.0      12.0       0.543774   147.580    48.650    94.970    0     119.835037       0.060340
     35.00      5.00      15.332100       0.186690       0.186690        12      11.0      12.0       0.543774   159.700    47.840   110.020    0     119.818947       0.059770
     35.00     10.00      10.664200       0.146290       0.146290        12      11.0      12.0       0.543774   156.320    37.860   129.840    0     119.802856       0.059210
     35.00     15.00       5.996290       0.107210       0.107210        12      11.0      12.0       0.543774   125.170    22.480   118.270    1     119.786781       0.058640
     35.00     20.00       1.328390       0.104939       0.104939        12      11.0      12.0       0.543774   143.520     7.070   121.830    0     119.770691       0.058080
     40.00     -5.00      24.667900       0.131137       0.131137        12      11.0      12.0       0.543774   347.210    51.170   123.690    0     119.849533       0.106090
     40.00      0.00      20.000000       0.180036       0.180036        12      11.0      12.0       0.543774   150.280    43.920    91.390    0     119.833473       0.105530
     40.00      5.00      15.332100       0.171889       0.171889        12      11.0      12.0       0.543774   172.450    46.380   114.240    0     119.817390       0.104960
     40.00     10.00      10.664200       0.111596       0.111596        12      11.0      12.0       0.543774   176.510    45.250   122.810    0     119.801300       0.104400
     40.00     15.00       5.996290       0.067367       0.067367        12      11.0      12.0       0.543774   136.000    29.290   104.310    0     119.785210       0.103830
     40.00     20.00       1.328390       0.079544       0.079544        12      11.0      12.0       0.543774   173.200    10.950   128.270    0     119.769127       0.103270
     45.00     -5.00      24.667900       0.115914       0.115914        12      11.0      12.0       0.543774   349.280    56.400   125.040    0     119.847961       0.151280
     45.00      0.00      20.000000       0.159000       0.159000        12      11.0      12.0       0.543774   152.130    38.240    90.780    0     119.831909       0.150720
     45.00      5.00      15.332100       0.139601       0.139601        12      11.0      12.0       0.543774   190.660    45.090   132.050    0     119.815819       0.150150
     45.00     10.00      10.664200       0.066667       0.066667        12      11.0      12.0       0.543774   174.770    41.080    98.300    0     119.799728       0.149590
     45.00     15.00       5.996290       0.037029       0.037029        12      11.0      12.0       0.543774   139.940    35.520    93.740    0     119.783653       0.149020
     45.00     20.00       1.328390       0.052202       0.052202        12      11.0      12.0       0.543774   162.770     9.150    97.570    0     119.767563       0.148460
     50.00     -5.00      24.667900       0.081189       0.081189        12      11.0      12.0       0.543774   332.450    57.580   104.110    0     119.846390       0.196470
     50.00      0.00      20.000000       0.115854       0.115854        12      11.0      12.0       0.543774   181.440    36.280   133.910    0     119.830338       0.195910
     50.00      5.00      15.332100       0.115061       0.115061        12      11.0      12.0       0.543774   215.950    62.830  -177.290    0     119.814247       0.195340
     50.00     10.00      10.664200       0.050803       0.050803        12      11.0      12.0       0.543774   143.600    48.550    31.750    0     119.798172       0.194780
     50.00     15.00       5.996290       0.015320       0.015320        12      11.0      12.0       0.543774   188.390    68.350   141.410    0     119.782082       0.194210
     50.00     20.00       1.328390       0.024927       0.024927        12      11.0      12.0       0.543774   352.350    82.650    98.000    0     119.765991       0.193650
