      xloc      yloc          depth         ave SR         max SR         #     start       end     max SR all       str       dip      rake flag
   -185.00    -15.00      26.003710       0.000000       0.000000        29      28.0      29.0       0.409350   180.000    45.000    90.000    0     119.952240      -1.926360
   -185.00    -10.00      21.335800       0.000000       0.000000        29      28.0      29.0       0.409350   180.000    45.000    90.000    0     119.936150      -1.926930
   -185.00     -5.00      16.667900       0.000000       0.000000        29      28.0      29.0       0.409350   180.000    45.000    90.000    0     119.920059      -1.927490
   -185.00      0.00      12.000000       0.000000       0.000000        29      28.0      29.0       0.409350   180.000    45.000    90.000    0     119.903961      -1.928060
   -185.00      5.00       7.332100       0.000000       0.000000        29      28.0      29.0       0.409350   180.000    45.000    90.000    0     119.887871      -1.928620
   -185.00     10.00       2.664200       0.000000       0.000000        29      28.0      29.0       0.409350   180.000    45.000    90.000    0     119.871780      -1.929190
   -180.00    -15.00      26.003710       0.000000       0.000000        29      28.0      29.0       0.409350   180.000    45.000    90.000    0     119.950684      -1.881170
   -180.00    -10.00      21.335800       0.000000       0.000000        29      28.0      29.0       0.409350   180.000    45.000    90.000    0     119.934578      -1.881740
   -180.00     -5.00      16.667900       0.000000       0.000000        29      28.0      29.0       0.409350   180.000    45.000    90.000    0     119.918488      -1.882300
   -180.00      0.00      12.000000       0.000000       0.000000        29      28.0      29.0       0.409350   180.000    45.000    90.000    0     119.902397      -1.882870
   -180.00      5.00       7.332100       0.000000       0.000000        29      28.0      29.0       0.409350   180.000    45.000    90.000    0     119.886299      -1.883430
   -180.00     10.00       2.664200       0.000000       0.000000        29      28.0      29.0       0.409350   180.000    45.000    90.000    0     119.870209      -1.884000
   -175.00    -15.00      26.003710       0.032991       0.032991        29      28.0      29.0       0.409350   348.870     6.650    23.990    0     119.949112      -1.835980
   -175.00    -10.00      21.335800       0.037595       0.037595        29      28.0      29.0       0.409350    63.180    28.430    94.020    1     119.933006      -1.836550
   -175.00     -5.00      16.667900       0.023645       0.023645        29      28.0      29.0       0.409350     5.200    78.760    17.390    0     119.916924      -1.837110
   -175.00      0.00      12.000000       0.024733       0.024733        29      28.0      29.0       0.409350     2.480    88.050   -26.600    0     119.900833      -1.837680
   -175.00      5.00       7.332100       0.028307       0.028307        29      28.0      29.0       0.409350   188.280    42.510     3.620    0     119.884743      -1.838240
   -175.00     10.00       2.664200       0.026644       0.026644        29      28.0      29.0       0.409350   169.840    82.370    31.320    0     119.868637      -1.838810
   -170.00    -15.00      26.003710       0.062552       0.062552        29      28.0      29.0       0.409350    82.620    17.600   127.710    1     119.947540      -1.790790
   -170.00    -10.00      21.335800       0.058068       0.058068        29      28.0      29.0       0.409350    61.290    27.930    95.740    1     119.931450      -1.791360
   -170.00     -5.00      16.667900       0.071949       0.071949        29      28.0      29.0       0.409350   215.290    47.100    55.260    0     119.915352      -1.791920
   -170.00      0.00      12.000000       0.063509       0.063509        29      28.0      29.0       0.409350   194.410    58.830    27.970    0     119.899261      -1.792490
   -170.00      5.00       7.332100       0.050326       0.050326        29      28.0      29.0       0.409350   178.950    70.330    17.900    0     119.883171      -1.793050
   -170.00     10.00       2.664200       0.052845       0.052845        29      28.0      29.0       0.409350   174.770    72.620    17.430    0     119.867081      -1.793620
   -165.00    -15.00      26.003710       0.076107       0.076107        29      28.0      29.0       0.409350   212.220    80.600    77.660    0     119.945969      -1.745600
   -165.00    -10.00      21.335800       0.084023       0.084023        29      28.0      29.0       0.409350   216.340    66.150    66.140    0     119.929878      -1.746170
   -165.00     -5.00      16.667900       0.095609       0.095609        29      28.0      29.0       0.409350   208.110    53.610    47.000    0     119.913788      -1.746730
   -165.00      0.00      12.000000       0.094584       0.094584        29      28.0      29.0       0.409350   194.960    54.490    30.090    0     119.897690      -1.747300
   -165.00      5.00       7.332100       0.080260       0.080260        29      28.0      29.0       0.409350   180.220    64.090    12.020    0     119.881599      -1.747860
   -165.00     10.00       2.664200       0.075876       0.075876        29      28.0      29.0       0.409350   175.850    74.790     5.880    0     119.865509      -1.748430
   -160.00    -15.00      26.003710       0.077044       0.077044        29      28.0      29.0       0.409350   199.970    82.450    74.050    0     119.944397      -1.700410
   -160.00    -10.00      21.335800       0.091128       0.091128        29      28.0      29.0       0.409350   203.560    69.630    58.930    0     119.928307      -1.700980
   -160.00     -5.00      16.667900       0.097039       0.097039        29      28.0      29.0       0.409350   196.610    62.260    41.270    0     119.912216      -1.701540
   -160.00      0.00      12.000000       0.101048       0.101048        29      28.0      29.0       0.409350   188.450    61.090    30.500    0     119.896133      -1.702110
   -160.00      5.00       7.332100       0.093945       0.093945        29      28.0      29.0       0.409350   176.570    72.380     9.500    0     119.880028      -1.702670
   -160.00     10.00       2.664200       0.091078       0.091078        29      28.0      29.0       0.409350   354.680    86.130     8.530    0     119.863937      -1.703240
   -155.00    -15.00      26.003710       0.071855       0.071855        29      28.0      29.0       0.409350   187.090    82.980    68.880    0     119.942841      -1.655220
   -155.00    -10.00      21.335800       0.090705       0.090705        29      28.0      29.0       0.409350   191.700    73.100    56.200    0     119.926743      -1.655790
   -155.00     -5.00      16.667900       0.096177       0.096177        29      28.0      29.0       0.409350   185.630    70.120    41.680    0     119.910652      -1.656350
   -155.00      0.00      12.000000       0.097415       0.097415        29      28.0      29.0       0.409350   178.270    71.890    28.570    0     119.894562      -1.656920
   -155.00      5.00       7.332100       0.099268       0.099268        29      28.0      29.0       0.409350   171.210    83.990     3.980    0     119.878471      -1.657480
   -155.00     10.00       2.664200       0.103487       0.103487        29      28.0      29.0       0.409350   352.880    71.670    16.840    0     119.862373      -1.658050
   -150.00    -15.00      26.003710       0.062579       0.062579        29      28.0      29.0       0.409350   177.540    81.200    60.810    0     119.941269      -1.610030
   -150.00    -10.00      21.335800       0.086753       0.086753        29      28.0      29.0       0.409350   180.120    75.650    50.780    0     119.925179      -1.610590
   -150.00     -5.00      16.667900       0.093433       0.093433        29      28.0      29.0       0.409350   174.550    76.630    39.330    0     119.909081      -1.611160
   -150.00      0.00      12.000000       0.094720       0.094720        29      28.0      29.0       0.409350   167.190    82.660    18.520    0     119.892990      -1.611730
   -150.00      5.00       7.332100       0.104459       0.104459        29      28.0      29.0       0.409350   345.640    78.580     8.250    0     119.876900      -1.612290
   -150.00     10.00       2.664200       0.114067       0.114067        29      28.0      29.0       0.409350   348.770    64.820    19.860    0     119.860809      -1.612860
   -145.00    -15.00      26.003710       0.055695       0.055695        29      28.0      29.0       0.409350   171.040    78.230    53.770    0     119.939697      -1.564840
   -145.00    -10.00      21.335800       0.080773       0.080773        29      28.0      29.0       0.409350   166.380    81.660    38.800    0     119.923607      -1.565400
   -145.00     -5.00      16.667900       0.091177       0.091177        29      28.0      29.0       0.409350   162.610    84.030    30.360    0     119.907516      -1.565970
   -145.00      0.00      12.000000       0.098445       0.098445        29      28.0      29.0       0.409350   338.470    80.040    -1.190    0     119.891418      -1.566530
   -145.00      5.00       7.332100       0.112957       0.112957        29      28.0      29.0       0.409350   340.710    70.480    14.190    0     119.875328      -1.567100
   -145.00     10.00       2.664200       0.123279       0.123279        29      28.0      29.0       0.409350   343.600    63.190    20.880    0     119.859238      -1.567660
   -140.00    -15.00      26.003710       0.048978       0.048978        29      28.0      29.0       0.409350   159.310    82.630    36.330    0     119.938133      -1.519650
   -140.00    -10.00      21.335800       0.078706       0.078706        29      28.0      29.0       0.409350   333.190    85.840   -18.910    0     119.922043      -1.520210
   -140.00     -5.00      16.667900       0.092462       0.092462        29      28.0      29.0       0.409350   331.980    81.720   -11.000    0     119.905952      -1.520780
   -140.00      0.00      12.000000       0.106371       0.106371        29      28.0      29.0       0.409350   334.920    74.330     9.750    0     119.889862      -1.521340
   -140.00      5.00       7.332100       0.122224       0.122224        29      28.0      29.0       0.409350   336.310    69.590    18.280    0     119.873772      -1.521910
   -140.00     10.00       2.664200       0.131830       0.131830        29      28.0      29.0       0.409350   338.830    65.640    22.980    0     119.857681      -1.522470
   -135.00    -15.00      26.003710       0.047397       0.047397        29      28.0      29.0       0.409350   328.330    81.040    -7.060    0     119.936562      -1.474460
   -135.00    -10.00      21.335800       0.078198       0.078198        29      28.0      29.0       0.409350   328.240    78.470    -3.650    0     119.920471      -1.475020
   -135.00     -5.00      16.667900       0.098519       0.098519        29      28.0      29.0       0.409350   328.340    78.680     0.750    0     119.904381      -1.475590
   -135.00      0.00      12.000000       0.113493       0.113493        29      28.0      29.0       0.409350   332.050    76.640    15.350    0     119.888290      -1.476150
   -135.00      5.00       7.332100       0.130715       0.130715        29      28.0      29.0       0.409350   332.580    74.210    21.580    0     119.872200      -1.476720
   -135.00     10.00       2.664200       0.139206       0.139206        29      28.0      29.0       0.409350   334.770    70.590    26.110    0     119.856110      -1.477280
   -130.00    -15.00      26.003710       0.051628       0.051628        29      28.0      29.0       0.409350   326.890    76.010     9.620    0     119.934998      -1.429270
   -130.00    -10.00      21.335800       0.083259       0.083259        29      28.0      29.0       0.409350   326.760    74.530     7.160    0     119.918907      -1.429830
   -130.00     -5.00      16.667900       0.104884       0.104884        29      28.0      29.0       0.409350   326.600    79.910     7.010    0     119.902809      -1.430400
   -130.00      0.00      12.000000       0.119942       0.119942        29      28.0      29.0       0.409350   329.070    80.230    18.260    0     119.886719      -1.430960
   -130.00      5.00       7.332100       0.139738       0.139738        29      28.0      29.0       0.409350   330.110    77.760    24.890    0     119.870628      -1.431530
   -130.00     10.00       2.664200       0.146526       0.146526        29      28.0      29.0       0.409350   331.680    75.490    28.500    0     119.854538      -1.432090
   -125.00    -15.00      26.003710       0.055364       0.055364        29      28.0      29.0       0.409350   326.090    80.080    20.890    0     119.933434      -1.384080
   -125.00    -10.00      21.335800       0.090379       0.090379        29      28.0      29.0       0.409350   326.410    73.830    14.330    0     119.917343      -1.384640
   -125.00     -5.00      16.667900       0.111430       0.111430        29      28.0      29.0       0.409350   325.970    79.430    12.140    0     119.901253      -1.385210
   -125.00      0.00      12.000000       0.128540       0.128540        29      28.0      29.0       0.409350   326.850    83.550    19.250    0     119.885162      -1.385770
   -125.00      5.00       7.332100       0.147888       0.147888        29      28.0      29.0       0.409350   328.260    81.870    26.350    0     119.869072      -1.386340
   -125.00     10.00       2.664200       0.154193       0.154193        29      28.0      29.0       0.409350   329.360    80.130    29.010    0     119.852982      -1.386900
   -120.00    -15.00      26.003710       0.057533       0.057533        29      28.0      29.0       0.409350   323.630    84.350    28.480    0     119.931862      -1.338890
   -120.00    -10.00      21.335800       0.095349       0.095349        29      28.0      29.0       0.409350   326.170    75.060    17.870    0     119.915771      -1.339450
   -120.00     -5.00      16.667900       0.116208       0.116208        29      28.0      29.0       0.409350   326.050    80.140    14.240    0     119.899681      -1.340020
   -120.00      0.00      12.000000       0.137776       0.137776        29      28.0      29.0       0.409350   325.480    87.090    18.350    0     119.883591      -1.340580
   -120.00      5.00       7.332100       0.156589       0.156589        29      28.0      29.0       0.409350   326.540    86.910    25.050    0     119.867500      -1.341150
   -120.00     10.00       2.664200       0.161451       0.161451        29      28.0      29.0       0.409350   327.680    84.930    27.160    0     119.851410      -1.341710
   -115.00    -15.00      26.003710       0.059041       0.059041        29      28.0      29.0       0.409350   321.830    86.090    34.050    0     119.930290      -1.293690
   -115.00    -10.00      21.335800       0.098460       0.098460        29      28.0      29.0       0.409350   326.150    76.120    20.680    0     119.914200      -1.294260
   -115.00     -5.00      16.667900       0.120000       0.120000        29      28.0      29.0       0.409350   326.550    79.500    14.940    0     119.898109      -1.294830
   -115.00      0.00      12.000000       0.144999       0.144999        29      28.0      29.0       0.409350   145.080    89.980   -16.370    0     119.882019      -1.295390
   -115.00      5.00       7.332100       0.162861       0.162861        29      28.0      29.0       0.409350   145.770    88.120   -21.530    0     119.865929      -1.295960
   -115.00     10.00       2.664200       0.168901       0.168901        29      28.0      29.0       0.409350   326.710    89.600    23.620    0     119.849838      -1.296520
   -110.00    -15.00      26.003710       0.056240       0.056240        29      28.0      29.0       0.409350   324.720    83.630    39.540    0     119.928726      -1.248500
   -110.00    -10.00      21.335800       0.092893       0.092893        29      28.0      29.0       0.409350   326.910    78.860    23.780    0     119.912643      -1.249070
   -110.00     -5.00      16.667900       0.122293       0.122293        29      28.0      29.0       0.409350   327.420    78.950    14.070    0     119.896553      -1.249630
   -110.00      0.00      12.000000       0.150032       0.150032        29      28.0      29.0       0.409350   145.610    87.920   -13.110    0     119.880463      -1.250200
   -110.00      5.00       7.332100       0.172238       0.172238        29      28.0      29.0       0.409350   145.640    82.180   -16.710    0     119.864372      -1.250760
   -110.00     10.00       2.664200       0.176965       0.176965        29      28.0      29.0       0.409350   146.560    85.810   -18.980    0     119.848282      -1.251330
   -105.00    -15.00      26.003710       0.054005       0.054005        29      28.0      29.0       0.409350   326.730    82.230    40.080    0     119.927162      -1.203310
   -105.00    -10.00      21.335800       0.083333       0.083333        29      28.0      29.0       0.409350   328.900    79.970    25.580    0     119.911072      -1.203880
   -105.00     -5.00      16.667900       0.120955       0.120955        29      28.0      29.0       0.409350   328.530    80.940    10.850    0     119.894981      -1.204440
   -105.00      0.00      12.000000       0.155544       0.155544        29      28.0      29.0       0.409350   146.900    85.500    -9.670    0     119.878891      -1.205010
   -105.00      5.00       7.332100       0.183816       0.183816        29      28.0      29.0       0.409350   146.520    78.870   -13.400    0     119.862801      -1.205570
   -105.00     10.00       2.664200       0.185869       0.185869        29      28.0      29.0       0.409350   147.360    82.330   -14.610    0     119.846710      -1.206140
   -100.00    -15.00      26.003710       0.051157       0.051157        29      28.0      29.0       0.409350   330.660    80.270    40.170    0     119.925591      -1.158120
   -100.00    -10.00      21.335800       0.074941       0.074941        29      28.0      29.0       0.409350   331.620    79.710    24.500    0     119.909500      -1.158690
   -100.00     -5.00      16.667900       0.116276       0.116276        29      28.0      29.0       0.409350   330.070    84.750     6.780    0     119.893410      -1.159250
   -100.00      0.00      12.000000       0.159955       0.159955        29      28.0      29.0       0.409350   149.090    82.530    -6.910    0     119.877319      -1.159820
   -100.00      5.00       7.332100       0.193733       0.193733        29      28.0      29.0       0.409350   148.070    78.460   -10.920    0     119.861229      -1.160380
   -100.00     10.00       2.664200       0.194205       0.194205        29      28.0      29.0       0.409350   148.930    80.810   -10.760    0     119.845207      -1.160950
    -95.00    -15.00      26.003710       0.047113       0.047113        29      28.0      29.0       0.409350   342.750    65.070    29.080    0     119.924026      -1.112930
    -95.00    -10.00      21.335800       0.065225       0.065225        29      28.0      29.0       0.409350   335.740    80.530    17.760    0     119.907944      -1.113500
    -95.00     -5.00      16.667900       0.110577       0.110577        29      28.0      29.0       0.409350   152.890    87.870    -0.960    0     119.891853      -1.114060
    -95.00      0.00      12.000000       0.163402       0.163402        29      28.0      29.0       0.409350   151.680    82.250    -4.810    0     119.875763      -1.114630
    -95.00      5.00       7.332100       0.198359       0.198359        29      28.0      29.0       0.409350   150.090    81.900    -6.870    0     119.859673      -1.115190
    -95.00     10.00       2.664200       0.199755       0.199755        29      28.0      29.0       0.409350   150.950    81.530    -6.570    0     119.843643      -1.115760
    -90.00    -15.00      26.003710       0.044895       0.044895        29      28.0      29.0       0.409350   358.090    43.350    18.270    0     119.922462      -1.067740
    -90.00    -10.00      21.335800       0.061182       0.061182        29      28.0      29.0       0.409350   340.020    83.490     5.790    0     119.906372      -1.068310
    -90.00     -5.00      16.667900       0.107381       0.107381        29      28.0      29.0       0.409350   156.950    84.770     4.230    0     119.890282      -1.068870
    -90.00      0.00      12.000000       0.162907       0.162907        29      28.0      29.0       0.409350   154.140    85.490    -2.300    0     119.874191      -1.069440
    -90.00      5.00       7.332100       0.196935       0.196935        29      28.0      29.0       0.409350   152.190    87.240    -1.120    0     119.858101      -1.070000
    -90.00     10.00       2.664200       0.199792       0.199792        29      28.0      29.0       0.409350   153.130    84.070    -1.740    0     119.842072      -1.070570
    -85.00    -15.00      26.003710       0.042162       0.042162        29      28.0      29.0       0.409350     8.200    36.920    22.000    0     119.920891      -1.022550
    -85.00    -10.00      21.335800       0.062457       0.062457        29      28.0      29.0       0.409350   345.910    82.660    -2.240    0     119.904800      -1.023120
    -85.00     -5.00      16.667900       0.105414       0.105414        29      28.0      29.0       0.409350   161.610    84.440     7.600    0     119.888710      -1.023680
    -85.00      0.00      12.000000       0.156980       0.156980        29      28.0      29.0       0.409350   156.500    89.790     0.960    0     119.872620      -1.024250
    -85.00      5.00       7.332100       0.188713       0.188713        29      28.0      29.0       0.409350   334.260    88.460    -4.360    0     119.856537      -1.024810
    -85.00     10.00       2.664200       0.192176       0.192176        29      28.0      29.0       0.409350   155.270    87.000     3.540    0     119.840500      -1.025380
    -80.00    -15.00      26.003710       0.041637       0.041637        29      28.0      29.0       0.409350    17.380    33.870    31.190    0     119.919319      -0.977360
    -80.00    -10.00      21.335800       0.065222       0.065222        29      28.0      29.0       0.409350   351.310    82.530    -8.490    0     119.903236      -0.977920
    -80.00     -5.00      16.667900       0.103968       0.103968        29      28.0      29.0       0.409350   165.450    87.780    11.590    0     119.887154      -0.978490
    -80.00      0.00      12.000000       0.144339       0.144339        29      28.0      29.0       0.409350   338.880    84.270    -5.080    0     119.871063      -0.979050
    -80.00      5.00       7.332100       0.168831       0.168831        29      28.0      29.0       0.409350   336.930    87.110    -9.000    0     119.854973      -0.979620
    -80.00     10.00       2.664200       0.174273       0.174273        29      28.0      29.0       0.409350   157.630    89.430     9.690    0     119.838928      -0.980190
    -75.00    -15.00      26.003710       0.043190       0.043190        29      28.0      29.0       0.409350    19.700    33.140    36.220    0     119.917763      -0.932170
    -75.00    -10.00      21.335800       0.066862       0.066862        29      28.0      29.0       0.409350   357.440    87.650   -15.580    0     119.901672      -0.932730
    -75.00     -5.00      16.667900       0.102031       0.102031        29      28.0      29.0       0.409350   346.540    84.170   -14.900    0     119.885582      -0.933300
    -75.00      0.00      12.000000       0.129361       0.129361        29      28.0      29.0       0.409350   341.070    78.060    -8.110    0     119.869492      -0.933860
    -75.00      5.00       7.332100       0.142118       0.142118        29      28.0      29.0       0.409350   340.490    87.740   -14.250    0     119.853401      -0.934430
    -75.00     10.00       2.664200       0.147559       0.147559        29      28.0      29.0       0.409350   340.700    89.740   -17.060    0     119.837357      -0.934990
    -70.00    -15.00      26.003710       0.048036       0.048036        29      28.0      29.0       0.409350    18.820    30.960    37.500    0     119.916191      -0.886980
    -70.00    -10.00      21.335800       0.065797       0.065797        29      28.0      29.0       0.409350   185.430    83.380    28.610    0     119.900101      -0.887540
    -70.00     -5.00      16.667900       0.092647       0.092647        29      28.0      29.0       0.409350   345.950    80.000   -14.930    0     119.884010      -0.888110
    -70.00      0.00      12.000000       0.105678       0.105678        29      28.0      29.0       0.409350   343.620    78.280   -11.620    0     119.867928      -0.888670
    -70.00      5.00       7.332100       0.111376       0.111376        29      28.0      29.0       0.409350   165.570    88.590    20.200    0     119.851837      -0.889240
    -70.00     10.00       2.664200       0.116128       0.116128        29      28.0      29.0       0.409350   165.570    87.310    25.590    0     119.835793      -0.889800
    -65.00    -15.00      26.003710       0.050562       0.050562        29      28.0      29.0       0.409350    30.600    24.420    55.930    0     119.914619      -0.841790
    -65.00    -10.00      21.335800       0.057378       0.057378        29      28.0      29.0       0.409350   208.910    64.520    69.030    0     119.898537      -0.842350
    -65.00     -5.00      16.667900       0.068691       0.068691        29      28.0      29.0       0.409350   345.520    88.160   -23.400    0     119.882446      -0.842920
    -65.00      0.00      12.000000       0.069883       0.069883        29      28.0      29.0       0.409350   170.030    83.110    24.430    0     119.866364      -0.843480
    -65.00      5.00       7.332100       0.077075       0.077075        29      28.0      29.0       0.409350   173.980    75.190    28.070    0     119.850273      -0.844050
    -65.00     10.00       2.664200       0.078912       0.078912        29      28.0      29.0       0.409350   172.140    78.930    30.000    0     119.834221      -0.844610
    -60.00    -15.00      26.003710       0.039754       0.039754        29      28.0      29.0       0.409350    98.620    36.590   136.070    1     119.913063      -0.796600
    -60.00    -10.00      21.335800       0.030733       0.030733        29      28.0      29.0       0.409350   170.010    84.300    53.040    0     119.896973      -0.797160
    -60.00     -5.00      16.667900       0.030857       0.030857        29      28.0      29.0       0.409350   163.890    74.930    41.530    0     119.880882      -0.797730
    -60.00      0.00      12.000000       0.021808       0.021808        29      28.0      29.0       0.409350   161.190    79.970     2.430    0     119.864792      -0.798290
    -60.00      5.00       7.332100       0.033976       0.033976        29      28.0      29.0       0.409350   180.190    66.460    33.070    0     119.848701      -0.798860
    -60.00     10.00       2.664200       0.029152       0.029152        29      28.0      29.0       0.409350   172.180    83.110    38.160    0     119.832657      -0.799420
    -55.00    -15.00      26.003710       0.010326       0.010326        29      28.0      29.0       0.409350   208.440    77.790    86.000    0     119.911491      -0.751410
    -55.00    -10.00      21.335800       0.000000       0.000000        29      28.0      29.0       0.409350   180.000    45.000    90.000    0     119.895401      -0.751970
    -55.00     -5.00      16.667900       0.000000       0.000000        29      28.0      29.0       0.409350   180.000    45.000    90.000    0     119.879311      -0.752540
    -55.00      0.00      12.000000       0.000000       0.000000        29      28.0      29.0       0.409350   180.000    45.000    90.000    0     119.863228      -0.753100
    -55.00      5.00       7.332100       0.000000       0.000000        29      28.0      29.0       0.409350   180.000    45.000    90.000    0     119.847137      -0.753670
    -55.00     10.00       2.664200       0.000000       0.000000        29      28.0      29.0       0.409350   180.000    45.000    90.000    0     119.831093      -0.754230
    -50.00    -15.00      26.003710       0.000000       0.000000        29      28.0      29.0       0.409350   180.000    45.000    90.000    0     119.909920      -0.706210
    -50.00    -10.00      21.335800       0.000000       0.000000        29      28.0      29.0       0.409350   180.000    45.000    90.000    0     119.893837      -0.706780
    -50.00     -5.00      16.667900       0.000000       0.000000        29      28.0      29.0       0.409350   180.000    45.000    90.000    0     119.877747      -0.707340
    -50.00      0.00      12.000000       0.000000       0.000000        29      28.0      29.0       0.409350   180.000    45.000    90.000    0     119.861656      -0.707910
    -50.00      5.00       7.332100       0.000000       0.000000        29      28.0      29.0       0.409350   180.000    45.000    90.000    0     119.845612      -0.708470
    -50.00     10.00       2.664200       0.000000       0.000000        29      28.0      29.0       0.409350   180.000    45.000    90.000    0     119.829521      -0.709040
    -45.00    -15.00      26.003710       0.000000       0.000000        29      28.0      29.0       0.409350   180.000    45.000    90.000    0     119.908363      -0.661020
    -45.00    -10.00      21.335800       0.000000       0.000000        29      28.0      29.0       0.409350   180.000    45.000    90.000    0     119.892273      -0.661590
    -45.00     -5.00      16.667900       0.000000       0.000000        29      28.0      29.0       0.409350   180.000    45.000    90.000    0     119.876183      -0.662150
    -45.00      0.00      12.000000       0.000000       0.000000        29      28.0      29.0       0.409350   180.000    45.000    90.000    0     119.860092      -0.662720
    -45.00      5.00       7.332100       0.000000       0.000000        29      28.0      29.0       0.409350   180.000    45.000    90.000    0     119.844040      -0.663280
    -45.00     10.00       2.664200       0.000000       0.000000        29      28.0      29.0       0.409350   180.000    45.000    90.000    0     119.827950      -0.663850
    -40.00    -15.00      26.003710       0.000000       0.000000        29      28.0      29.0       0.409350   180.000    45.000    90.000    0     119.906792      -0.615830
    -40.00    -10.00      21.335800       0.000000       0.000000        29      28.0      29.0       0.409350   180.000    45.000    90.000    0     119.890701      -0.616400
    -40.00     -5.00      16.667900       0.000000       0.000000        29      28.0      29.0       0.409350   180.000    45.000    90.000    0     119.874619      -0.616960
    -40.00      0.00      12.000000       0.000000       0.000000        29      28.0      29.0       0.409350   180.000    45.000    90.000    0     119.858528      -0.617530
    -40.00      5.00       7.332100       0.000000       0.000000        29      28.0      29.0       0.409350   180.000    45.000    90.000    0     119.842468      -0.618090
    -40.00     10.00       2.664200       0.000000       0.000000        29      28.0      29.0       0.409350   180.000    45.000    90.000    0     119.826378      -0.618660
    -35.00    -15.00      26.003710       0.000000       0.000000        29      28.0      29.0       0.409350   180.000    45.000    90.000    0     119.905220      -0.570640
    -35.00    -10.00      21.335800       0.000000       0.000000        29      28.0      29.0       0.409350   180.000    45.000    90.000    0     119.889137      -0.571210
    -35.00     -5.00      16.667900       0.000000       0.000000        29      28.0      29.0       0.409350   180.000    45.000    90.000    0     119.873047      -0.571770
    -35.00      0.00      12.000000       0.000000       0.000000        29      28.0      29.0       0.409350   180.000    45.000    90.000    0     119.856956      -0.572340
    -35.00      5.00       7.332100       0.000000       0.000000        29      28.0      29.0       0.409350   180.000    45.000    90.000    0     119.840897      -0.572900
    -35.00     10.00       2.664200       0.000000       0.000000        29      28.0      29.0       0.409350   180.000    45.000    90.000    0     119.824806      -0.573470
    -30.00    -15.00      26.003710       0.000000       0.000000        29      28.0      29.0       0.409350   180.000    45.000    90.000    0     119.903664      -0.525450
    -30.00    -10.00      21.335800       0.000000       0.000000        29      28.0      29.0       0.409350   180.000    45.000    90.000    0     119.887573      -0.526020
    -30.00     -5.00      16.667900       0.000000       0.000000        29      28.0      29.0       0.409350   180.000    45.000    90.000    0     119.871483      -0.526580
    -30.00      0.00      12.000000       0.000000       0.000000        29      28.0      29.0       0.409350   180.000    45.000    90.000    0     119.855400      -0.527150
    -30.00      5.00       7.332100       0.000000       0.000000        29      28.0      29.0       0.409350   180.000    45.000    90.000    0     119.839333      -0.527710
    -30.00     10.00       2.664200       0.000000       0.000000        29      28.0      29.0       0.409350   180.000    45.000    90.000    0     119.823242      -0.528280
    -25.00    -15.00      26.003710       0.000000       0.000000        29      28.0      29.0       0.409350   180.000    45.000    90.000    0     119.902092      -0.480260
    -25.00    -10.00      21.335800       0.000000       0.000000        29      28.0      29.0       0.409350   180.000    45.000    90.000    0     119.886002      -0.480820
    -25.00     -5.00      16.667900       0.000000       0.000000        29      28.0      29.0       0.409350   180.000    45.000    90.000    0     119.869919      -0.481390
    -25.00      0.00      12.000000       0.000000       0.000000        29      28.0      29.0       0.409350   180.000    45.000    90.000    0     119.853828      -0.481950
    -25.00      5.00       7.332100       0.000000       0.000000        29      28.0      29.0       0.409350   180.000    45.000    90.000    0     119.837761      -0.482520
    -25.00     10.00       2.664200       0.000000       0.000000        29      28.0      29.0       0.409350   180.000    45.000    90.000    0     119.821671      -0.483090
    -20.00    -15.00      26.003710       0.000000       0.000000        29      28.0      29.0       0.409350   180.000    45.000    90.000    0     119.900528      -0.435070
    -20.00    -10.00      21.335800       0.000000       0.000000        29      28.0      29.0       0.409350   180.000    45.000    90.000    0     119.884438      -0.435630
    -20.00     -5.00      16.667900       0.000000       0.000000        29      28.0      29.0       0.409350   180.000    45.000    90.000    0     119.868347      -0.436200
    -20.00      0.00      12.000000       0.000000       0.000000        29      28.0      29.0       0.409350   180.000    45.000    90.000    0     119.852257      -0.436760
    -20.00      5.00       7.332100       0.000000       0.000000        29      28.0      29.0       0.409350   180.000    45.000    90.000    0     119.836189      -0.437330
    -20.00     10.00       2.664200       0.000000       0.000000        29      28.0      29.0       0.409350   180.000    45.000    90.000    0     119.820099      -0.437900
    -15.00    -15.00      26.003710       0.000000       0.000000        29      28.0      29.0       0.409350   180.000    45.000    90.000    0     119.898956      -0.389880
    -15.00    -10.00      21.335800       0.000000       0.000000        29      28.0      29.0       0.409350   180.000    45.000    90.000    0     119.882874      -0.390440
    -15.00     -5.00      16.667900       0.000000       0.000000        29      28.0      29.0       0.409350   180.000    45.000    90.000    0     119.866791      -0.391010
    -15.00      0.00      12.000000       0.000000       0.000000        29      28.0      29.0       0.409350   180.000    45.000    90.000    0     119.850700      -0.391570
    -15.00      5.00       7.332100       0.000000       0.000000        29      28.0      29.0       0.409350   180.000    45.000    90.000    0     119.834618      -0.392140
    -15.00     10.00       2.664200       0.000000       0.000000        29      28.0      29.0       0.409350   180.000    45.000    90.000    0     119.818527      -0.392700
    -10.00    -15.00      26.003710       0.000000       0.000000        29      28.0      29.0       0.409350   180.000    45.000    90.000    0     119.897392      -0.344690
    -10.00    -10.00      21.335800       0.000000       0.000000        29      28.0      29.0       0.409350   180.000    45.000    90.000    0     119.881310      -0.345250
    -10.00     -5.00      16.667900       0.000000       0.000000        29      28.0      29.0       0.409350   180.000    45.000    90.000    0     119.865219      -0.345820
    -10.00      0.00      12.000000       0.000000       0.000000        29      28.0      29.0       0.409350   180.000    45.000    90.000    0     119.849129      -0.346380
    -10.00      5.00       7.332100       0.000000       0.000000        29      28.0      29.0       0.409350   180.000    45.000    90.000    0     119.833054      -0.346950
    -10.00     10.00       2.664200       0.000000       0.000000        29      28.0      29.0       0.409350   180.000    45.000    90.000    0     119.816963      -0.347510
     -5.00    -15.00      26.003710       0.000000       0.000000        29      28.0      29.0       0.409350   180.000    45.000    90.000    0     119.895828      -0.299500
     -5.00    -10.00      21.335800       0.000000       0.000000        29      28.0      29.0       0.409350   180.000    45.000    90.000    0     119.879738      -0.300060
     -5.00     -5.00      16.667900       0.000000       0.000000        29      28.0      29.0       0.409350   180.000    45.000    90.000    0     119.863647      -0.300630
     -5.00      0.00      12.000000       0.000000       0.000000        29      28.0      29.0       0.409350   180.000    45.000    90.000    0     119.847572      -0.301190
     -5.00      5.00       7.332100       0.000000       0.000000        29      28.0      29.0       0.409350   180.000    45.000    90.000    0     119.831482      -0.301760
     -5.00     10.00       2.664200       0.000000       0.000000        29      28.0      29.0       0.409350   180.000    45.000    90.000    0     119.815399      -0.302320
      0.00    -15.00      26.003710       0.000000       0.000000        29      28.0      29.0       0.409350   180.000    45.000    90.000    0     119.894257      -0.254300
      0.00    -10.00      21.335800       0.000000       0.000000        29      28.0      29.0       0.409350   180.000    45.000    90.000    0     119.878166      -0.254870
      0.00     -5.00      16.667900       0.000000       0.000000        29      28.0      29.0       0.409350   180.000    45.000    90.000    0     119.862091      -0.255430
      0.00      0.00      12.000000       0.000000       0.000000        29      28.0      29.0       0.409350   180.000    45.000    90.000    0     119.846001      -0.256000
      0.00      5.00       7.332100       0.000000       0.000000        29      28.0      29.0       0.409350   180.000    45.000    90.000    0     119.829910      -0.256570
      0.00     10.00       2.664200       0.000000       0.000000        29      28.0      29.0       0.409350   180.000    45.000    90.000    0     119.813828      -0.257130
      5.00    -15.00      26.003710       0.000000       0.000000        29      28.0      29.0       0.409350   180.000    45.000    90.000    0     119.892693      -0.209110
      5.00    -10.00      21.335800       0.000000       0.000000        29      28.0      29.0       0.409350   180.000    45.000    90.000    0     119.876602      -0.209680
      5.00     -5.00      16.667900       0.000000       0.000000        29      28.0      29.0       0.409350   180.000    45.000    90.000    0     119.860519      -0.210240
      5.00      0.00      12.000000       0.000000       0.000000        29      28.0      29.0       0.409350   180.000    45.000    90.000    0     119.844429      -0.210810
      5.00      5.00       7.332100       0.000000       0.000000        29      28.0      29.0       0.409350   180.000    45.000    90.000    0     119.828346      -0.211370
      5.00     10.00       2.664200       0.000000       0.000000        29      28.0      29.0       0.409350   180.000    45.000    90.000    0     119.812263      -0.211940
     10.00    -15.00      26.003710       0.000000       0.000000        29      28.0      29.0       0.409350   180.000    45.000    90.000    0     119.891121      -0.163920
     10.00    -10.00      21.335800       0.000000       0.000000        29      28.0      29.0       0.409350   180.000    45.000    90.000    0     119.875038      -0.164490
     10.00     -5.00      16.667900       0.000000       0.000000        29      28.0      29.0       0.409350   180.000    45.000    90.000    0     119.858948      -0.165050
     10.00      0.00      12.000000       0.000000       0.000000        29      28.0      29.0       0.409350   180.000    45.000    90.000    0     119.842873      -0.165620
     10.00      5.00       7.332100       0.000000       0.000000        29      28.0      29.0       0.409350   180.000    45.000    90.000    0     119.826782      -0.166180
     10.00     10.00       2.664200       0.000000       0.000000        29      28.0      29.0       0.409350   180.000    45.000    90.000    0     119.810692      -0.166750
     15.00    -15.00      26.003710       0.000000       0.000000        29      28.0      29.0       0.409350   180.000    45.000    90.000    0     119.889549      -0.118730
     15.00    -10.00      21.335800       0.000000       0.000000        29      28.0      29.0       0.409350   180.000    45.000    90.000    0     119.873466      -0.119300
     15.00     -5.00      16.667900       0.000000       0.000000        29      28.0      29.0       0.409350   180.000    45.000    90.000    0     119.857384      -0.119860
     15.00      0.00      12.000000       0.000000       0.000000        29      28.0      29.0       0.409350   180.000    45.000    90.000    0     119.841301      -0.120430
     15.00      5.00       7.332100       0.000000       0.000000        29      28.0      29.0       0.409350   180.000    45.000    90.000    0     119.825218      -0.120990
     15.00     10.00       2.664200       0.000000       0.000000        29      28.0      29.0       0.409350   180.000    45.000    90.000    0     119.809128      -0.121560
     20.00    -15.00      26.003710       0.000000       0.000000        29      28.0      29.0       0.409350   180.000    45.000    90.000    0     119.887978      -0.073540
     20.00    -10.00      21.335800       0.000000       0.000000        29      28.0      29.0       0.409350   180.000    45.000    90.000    0     119.871902      -0.074100
     20.00     -5.00      16.667900       0.000000       0.000000        29      28.0      29.0       0.409350   180.000    45.000    90.000    0     119.855812      -0.074670
     20.00      0.00      12.000000       0.000000       0.000000        29      28.0      29.0       0.409350   180.000    45.000    90.000    0     119.839737      -0.075240
     20.00      5.00       7.332100       0.000000       0.000000        29      28.0      29.0       0.409350   180.000    45.000    90.000    0     119.823647      -0.075800
     20.00     10.00       2.664200       0.000000       0.000000        29      28.0      29.0       0.409350   180.000    45.000    90.000    0     119.807564      -0.076370
     25.00    -15.00      26.003710       0.000000       0.000000        29      28.0      29.0       0.409350   180.000    45.000    90.000    0     119.886414      -0.028350
     25.00    -10.00      21.335800       0.000000       0.000000        29      28.0      29.0       0.409350   180.000    45.000    90.000    0     119.870331      -0.028910
     25.00     -5.00      16.667900       0.000000       0.000000        29      28.0      29.0       0.409350   180.000    45.000    90.000    0     119.854240      -0.029480
     25.00      0.00      12.000000       0.000000       0.000000        29      28.0      29.0       0.409350   180.000    45.000    90.000    0     119.838173      -0.030050
     25.00      5.00       7.332100       0.000000       0.000000        29      28.0      29.0       0.409350   180.000    45.000    90.000    0     119.822083      -0.030610
     25.00     10.00       2.664200       0.000000       0.000000        29      28.0      29.0       0.409350   180.000    45.000    90.000    0     119.806000      -0.031180
     30.00    -15.00      26.003710       0.000000       0.000000        29      28.0      29.0       0.409350   180.000    45.000    90.000    0     119.884850       0.016840
     30.00    -10.00      21.335800       0.000000       0.000000        29      28.0      29.0       0.409350   180.000    45.000    90.000    0     119.868759       0.016280
     30.00     -5.00      16.667900       0.000000       0.000000        29      28.0      29.0       0.409350   180.000    45.000    90.000    0     119.852669       0.015710
     30.00      0.00      12.000000       0.000000       0.000000        29      28.0      29.0       0.409350   180.000    45.000    90.000    0     119.836601       0.015150
     30.00      5.00       7.332100       0.000000       0.000000        29      28.0      29.0       0.409350   180.000    45.000    90.000    0     119.820518       0.014580
     30.00     10.00       2.664200       0.000000       0.000000        29      28.0      29.0       0.409350   180.000    45.000    90.000    0     119.804428       0.014020
     35.00    -15.00      26.003710       0.000000       0.000000        29      28.0      29.0       0.409350   180.000    45.000    90.000    0     119.883278       0.062030
     35.00    -10.00      21.335800       0.000000       0.000000        29      28.0      29.0       0.409350   180.000    45.000    90.000    0     119.867188       0.061470
     35.00     -5.00      16.667900       0.000000       0.000000        29      28.0      29.0       0.409350   180.000    45.000    90.000    0     119.851097       0.060900
     35.00      0.00      12.000000       0.000000       0.000000        29      28.0      29.0       0.409350   180.000    45.000    90.000    0     119.835037       0.060340
     35.00      5.00       7.332100       0.000000       0.000000        29      28.0      29.0       0.409350   180.000    45.000    90.000    0     119.818947       0.059770
     35.00     10.00       2.664200       0.000000       0.000000        29      28.0      29.0       0.409350   180.000    45.000    90.000    0     119.802856       0.059210
     40.00    -15.00      26.003710       0.000000       0.000000        29      28.0      29.0       0.409350   180.000    45.000    90.000    0     119.881706       0.107230
     40.00    -10.00      21.335800       0.000000       0.000000        29      28.0      29.0       0.409350   180.000    45.000    90.000    0     119.865623       0.106660
     40.00     -5.00      16.667900       0.000000       0.000000        29      28.0      29.0       0.409350   180.000    45.000    90.000    0     119.849533       0.106090
     40.00      0.00      12.000000       0.000000       0.000000        29      28.0      29.0       0.409350   180.000    45.000    90.000    0     119.833473       0.105530
     40.00      5.00       7.332100       0.000000       0.000000        29      28.0      29.0       0.409350   180.000    45.000    90.000    0     119.817390       0.104960
     40.00     10.00       2.664200       0.000000       0.000000        29      28.0      29.0       0.409350   180.000    45.000    90.000    0     119.801300       0.104400
     45.00    -15.00      26.003710       0.000000       0.000000        29      28.0      29.0       0.409350   180.000    45.000    90.000    0     119.880142       0.152420
     45.00    -10.00      21.335800       0.000000       0.000000        29      28.0      29.0       0.409350   180.000    45.000    90.000    0     119.864052       0.151850
     45.00     -5.00      16.667900       0.000000       0.000000        29      28.0      29.0       0.409350   180.000    45.000    90.000    0     119.847961       0.151280
     45.00      0.00      12.000000       0.000000       0.000000        29      28.0      29.0       0.409350   180.000    45.000    90.000    0     119.831909       0.150720
     45.00      5.00       7.332100       0.000000       0.000000        29      28.0      29.0       0.409350   180.000    45.000    90.000    0     119.815819       0.150150
     45.00     10.00       2.664200       0.000000       0.000000        29      28.0      29.0       0.409350   180.000    45.000    90.000    0     119.799728       0.149590
     50.00    -15.00      26.003710       0.000000       0.000000        29      28.0      29.0       0.409350   180.000    45.000    90.000    0     119.878571       0.197610
     50.00    -10.00      21.335800       0.000000       0.000000        29      28.0      29.0       0.409350   180.000    45.000    90.000    0     119.862480       0.197040
     50.00     -5.00      16.667900       0.000000       0.000000        29      28.0      29.0       0.409350   180.000    45.000    90.000    0     119.846390       0.196470
     50.00      0.00      12.000000       0.000000       0.000000        29      28.0      29.0       0.409350   180.000    45.000    90.000    0     119.830338       0.195910
     50.00      5.00       7.332100       0.000000       0.000000        29      28.0      29.0       0.409350   180.000    45.000    90.000    0     119.814247       0.195340
     50.00     10.00       2.664200       0.000000       0.000000        29      28.0      29.0       0.409350   180.000    45.000    90.000    0     119.798172       0.194780
