      xloc      yloc          depth         ave SR         max SR         #     start       end     max SR all       str       dip      rake flag
   -185.00    -15.00      26.003710       0.000000       0.000000        10       9.0      10.0       0.409350   180.000    45.000    90.000    0     119.952240      -1.926360
   -185.00    -10.00      21.335800       0.000000       0.000000        10       9.0      10.0       0.409350   180.000    45.000    90.000    0     119.936150      -1.926930
   -185.00     -5.00      16.667900       0.000000       0.000000        10       9.0      10.0       0.409350   180.000    45.000    90.000    0     119.920059      -1.927490
   -185.00      0.00      12.000000       0.000000       0.000000        10       9.0      10.0       0.409350   180.000    45.000    90.000    0     119.903961      -1.928060
   -185.00      5.00       7.332100       0.000000       0.000000        10       9.0      10.0       0.409350   180.000    45.000    90.000    0     119.887871      -1.928620
   -185.00     10.00       2.664200       0.000000       0.000000        10       9.0      10.0       0.409350   180.000    45.000    90.000    0     119.871780      -1.929190
   -180.00    -15.00      26.003710       0.000000       0.000000        10       9.0      10.0       0.409350   180.000    45.000    90.000    0     119.950684      -1.881170
   -180.00    -10.00      21.335800       0.000000       0.000000        10       9.0      10.0       0.409350   180.000    45.000    90.000    0     119.934578      -1.881740
   -180.00     -5.00      16.667900       0.000000       0.000000        10       9.0      10.0       0.409350   180.000    45.000    90.000    0     119.918488      -1.882300
   -180.00      0.00      12.000000       0.000000       0.000000        10       9.0      10.0       0.409350   180.000    45.000    90.000    0     119.902397      -1.882870
   -180.00      5.00       7.332100       0.000000       0.000000        10       9.0      10.0       0.409350   180.000    45.000    90.000    0     119.886299      -1.883430
   -180.00     10.00       2.664200       0.000000       0.000000        10       9.0      10.0       0.409350   180.000    45.000    90.000    0     119.870209      -1.884000
   -175.00    -15.00      26.003710       0.000000       0.000000        10       9.0      10.0       0.409350   180.000    45.000    90.000    0     119.949112      -1.835980
   -175.00    -10.00      21.335800       0.000000       0.000000        10       9.0      10.0       0.409350   180.000    45.000    90.000    0     119.933006      -1.836550
   -175.00     -5.00      16.667900       0.000000       0.000000        10       9.0      10.0       0.409350   180.000    45.000    90.000    0     119.916924      -1.837110
   -175.00      0.00      12.000000       0.000000       0.000000        10       9.0      10.0       0.409350   180.000    45.000    90.000    0     119.900833      -1.837680
   -175.00      5.00       7.332100       0.000000       0.000000        10       9.0      10.0       0.409350   180.000    45.000    90.000    0     119.884743      -1.838240
   -175.00     10.00       2.664200       0.000000       0.000000        10       9.0      10.0       0.409350   180.000    45.000    90.000    0     119.868637      -1.838810
   -170.00    -15.00      26.003710       0.000000       0.000000        10       9.0      10.0       0.409350   180.000    45.000    90.000    0     119.947540      -1.790790
   -170.00    -10.00      21.335800       0.000000       0.000000        10       9.0      10.0       0.409350   180.000    45.000    90.000    0     119.931450      -1.791360
   -170.00     -5.00      16.667900       0.000000       0.000000        10       9.0      10.0       0.409350   180.000    45.000    90.000    0     119.915352      -1.791920
   -170.00      0.00      12.000000       0.000000       0.000000        10       9.0      10.0       0.409350   180.000    45.000    90.000    0     119.899261      -1.792490
   -170.00      5.00       7.332100       0.000000       0.000000        10       9.0      10.0       0.409350   180.000    45.000    90.000    0     119.883171      -1.793050
   -170.00     10.00       2.664200       0.000000       0.000000        10       9.0      10.0       0.409350   180.000    45.000    90.000    0     119.867081      -1.793620
   -165.00    -15.00      26.003710       0.000000       0.000000        10       9.0      10.0       0.409350   180.000    45.000    90.000    0     119.945969      -1.745600
   -165.00    -10.00      21.335800       0.000000       0.000000        10       9.0      10.0       0.409350   180.000    45.000    90.000    0     119.929878      -1.746170
   -165.00     -5.00      16.667900       0.000000       0.000000        10       9.0      10.0       0.409350   180.000    45.000    90.000    0     119.913788      -1.746730
   -165.00      0.00      12.000000       0.000000       0.000000        10       9.0      10.0       0.409350   180.000    45.000    90.000    0     119.897690      -1.747300
   -165.00      5.00       7.332100       0.000000       0.000000        10       9.0      10.0       0.409350   180.000    45.000    90.000    0     119.881599      -1.747860
   -165.00     10.00       2.664200       0.000000       0.000000        10       9.0      10.0       0.409350   180.000    45.000    90.000    0     119.865509      -1.748430
   -160.00    -15.00      26.003710       0.000000       0.000000        10       9.0      10.0       0.409350   180.000    45.000    90.000    0     119.944397      -1.700410
   -160.00    -10.00      21.335800       0.000000       0.000000        10       9.0      10.0       0.409350   180.000    45.000    90.000    0     119.928307      -1.700980
   -160.00     -5.00      16.667900       0.000000       0.000000        10       9.0      10.0       0.409350   180.000    45.000    90.000    0     119.912216      -1.701540
   -160.00      0.00      12.000000       0.000000       0.000000        10       9.0      10.0       0.409350   180.000    45.000    90.000    0     119.896133      -1.702110
   -160.00      5.00       7.332100       0.000000       0.000000        10       9.0      10.0       0.409350   180.000    45.000    90.000    0     119.880028      -1.702670
   -160.00     10.00       2.664200       0.000000       0.000000        10       9.0      10.0       0.409350   180.000    45.000    90.000    0     119.863937      -1.703240
   -155.00    -15.00      26.003710       0.000000       0.000000        10       9.0      10.0       0.409350   180.000    45.000    90.000    0     119.942841      -1.655220
   -155.00    -10.00      21.335800       0.000000       0.000000        10       9.0      10.0       0.409350   180.000    45.000    90.000    0     119.926743      -1.655790
   -155.00     -5.00      16.667900       0.000000       0.000000        10       9.0      10.0       0.409350   180.000    45.000    90.000    0     119.910652      -1.656350
   -155.00      0.00      12.000000       0.000000       0.000000        10       9.0      10.0       0.409350   180.000    45.000    90.000    0     119.894562      -1.656920
   -155.00      5.00       7.332100       0.000000       0.000000        10       9.0      10.0       0.409350   180.000    45.000    90.000    0     119.878471      -1.657480
   -155.00     10.00       2.664200       0.000000       0.000000        10       9.0      10.0       0.409350   180.000    45.000    90.000    0     119.862373      -1.658050
   -150.00    -15.00      26.003710       0.000000       0.000000        10       9.0      10.0       0.409350   180.000    45.000    90.000    0     119.941269      -1.610030
   -150.00    -10.00      21.335800       0.000000       0.000000        10       9.0      10.0       0.409350   180.000    45.000    90.000    0     119.925179      -1.610590
   -150.00     -5.00      16.667900       0.000000       0.000000        10       9.0      10.0       0.409350   180.000    45.000    90.000    0     119.909081      -1.611160
   -150.00      0.00      12.000000       0.000000       0.000000        10       9.0      10.0       0.409350   180.000    45.000    90.000    0     119.892990      -1.611730
   -150.00      5.00       7.332100       0.000000       0.000000        10       9.0      10.0       0.409350   180.000    45.000    90.000    0     119.876900      -1.612290
   -150.00     10.00       2.664200       0.000000       0.000000        10       9.0      10.0       0.409350   180.000    45.000    90.000    0     119.860809      -1.612860
   -145.00    -15.00      26.003710       0.000000       0.000000        10       9.0      10.0       0.409350   180.000    45.000    90.000    0     119.939697      -1.564840
   -145.00    -10.00      21.335800       0.000000       0.000000        10       9.0      10.0       0.409350   180.000    45.000    90.000    0     119.923607      -1.565400
   -145.00     -5.00      16.667900       0.000000       0.000000        10       9.0      10.0       0.409350   180.000    45.000    90.000    0     119.907516      -1.565970
   -145.00      0.00      12.000000       0.000000       0.000000        10       9.0      10.0       0.409350   180.000    45.000    90.000    0     119.891418      -1.566530
   -145.00      5.00       7.332100       0.000000       0.000000        10       9.0      10.0       0.409350   180.000    45.000    90.000    0     119.875328      -1.567100
   -145.00     10.00       2.664200       0.000000       0.000000        10       9.0      10.0       0.409350   180.000    45.000    90.000    0     119.859238      -1.567660
   -140.00    -15.00      26.003710       0.000000       0.000000        10       9.0      10.0       0.409350   180.000    45.000    90.000    0     119.938133      -1.519650
   -140.00    -10.00      21.335800       0.000000       0.000000        10       9.0      10.0       0.409350   180.000    45.000    90.000    0     119.922043      -1.520210
   -140.00     -5.00      16.667900       0.000000       0.000000        10       9.0      10.0       0.409350   180.000    45.000    90.000    0     119.905952      -1.520780
   -140.00      0.00      12.000000       0.000000       0.000000        10       9.0      10.0       0.409350   180.000    45.000    90.000    0     119.889862      -1.521340
   -140.00      5.00       7.332100       0.000000       0.000000        10       9.0      10.0       0.409350   180.000    45.000    90.000    0     119.873772      -1.521910
   -140.00     10.00       2.664200       0.000000       0.000000        10       9.0      10.0       0.409350   180.000    45.000    90.000    0     119.857681      -1.522470
   -135.00    -15.00      26.003710       0.000000       0.000000        10       9.0      10.0       0.409350   180.000    45.000    90.000    0     119.936562      -1.474460
   -135.00    -10.00      21.335800       0.000000       0.000000        10       9.0      10.0       0.409350   180.000    45.000    90.000    0     119.920471      -1.475020
   -135.00     -5.00      16.667900       0.000000       0.000000        10       9.0      10.0       0.409350   180.000    45.000    90.000    0     119.904381      -1.475590
   -135.00      0.00      12.000000       0.000000       0.000000        10       9.0      10.0       0.409350   180.000    45.000    90.000    0     119.888290      -1.476150
   -135.00      5.00       7.332100       0.000000       0.000000        10       9.0      10.0       0.409350   180.000    45.000    90.000    0     119.872200      -1.476720
   -135.00     10.00       2.664200       0.000000       0.000000        10       9.0      10.0       0.409350   180.000    45.000    90.000    0     119.856110      -1.477280
   -130.00    -15.00      26.003710       0.000000       0.000000        10       9.0      10.0       0.409350   180.000    45.000    90.000    0     119.934998      -1.429270
   -130.00    -10.00      21.335800       0.000000       0.000000        10       9.0      10.0       0.409350   180.000    45.000    90.000    0     119.918907      -1.429830
   -130.00     -5.00      16.667900       0.000000       0.000000        10       9.0      10.0       0.409350   180.000    45.000    90.000    0     119.902809      -1.430400
   -130.00      0.00      12.000000       0.000000       0.000000        10       9.0      10.0       0.409350   180.000    45.000    90.000    0     119.886719      -1.430960
   -130.00      5.00       7.332100       0.000000       0.000000        10       9.0      10.0       0.409350   180.000    45.000    90.000    0     119.870628      -1.431530
   -130.00     10.00       2.664200       0.000000       0.000000        10       9.0      10.0       0.409350   180.000    45.000    90.000    0     119.854538      -1.432090
   -125.00    -15.00      26.003710       0.000000       0.000000        10       9.0      10.0       0.409350   180.000    45.000    90.000    0     119.933434      -1.384080
   -125.00    -10.00      21.335800       0.000000       0.000000        10       9.0      10.0       0.409350   180.000    45.000    90.000    0     119.917343      -1.384640
   -125.00     -5.00      16.667900       0.000000       0.000000        10       9.0      10.0       0.409350   180.000    45.000    90.000    0     119.901253      -1.385210
   -125.00      0.00      12.000000       0.000000       0.000000        10       9.0      10.0       0.409350   180.000    45.000    90.000    0     119.885162      -1.385770
   -125.00      5.00       7.332100       0.000000       0.000000        10       9.0      10.0       0.409350   180.000    45.000    90.000    0     119.869072      -1.386340
   -125.00     10.00       2.664200       0.000000       0.000000        10       9.0      10.0       0.409350   180.000    45.000    90.000    0     119.852982      -1.386900
   -120.00    -15.00      26.003710       0.000000       0.000000        10       9.0      10.0       0.409350   180.000    45.000    90.000    0     119.931862      -1.338890
   -120.00    -10.00      21.335800       0.000000       0.000000        10       9.0      10.0       0.409350   180.000    45.000    90.000    0     119.915771      -1.339450
   -120.00     -5.00      16.667900       0.000000       0.000000        10       9.0      10.0       0.409350   180.000    45.000    90.000    0     119.899681      -1.340020
   -120.00      0.00      12.000000       0.000000       0.000000        10       9.0      10.0       0.409350   180.000    45.000    90.000    0     119.883591      -1.340580
   -120.00      5.00       7.332100       0.000000       0.000000        10       9.0      10.0       0.409350   180.000    45.000    90.000    0     119.867500      -1.341150
   -120.00     10.00       2.664200       0.000000       0.000000        10       9.0      10.0       0.409350   180.000    45.000    90.000    0     119.851410      -1.341710
   -115.00    -15.00      26.003710       0.000000       0.000000        10       9.0      10.0       0.409350   180.000    45.000    90.000    0     119.930290      -1.293690
   -115.00    -10.00      21.335800       0.000000       0.000000        10       9.0      10.0       0.409350   180.000    45.000    90.000    0     119.914200      -1.294260
   -115.00     -5.00      16.667900       0.000000       0.000000        10       9.0      10.0       0.409350   180.000    45.000    90.000    0     119.898109      -1.294830
   -115.00      0.00      12.000000       0.000000       0.000000        10       9.0      10.0       0.409350   180.000    45.000    90.000    0     119.882019      -1.295390
   -115.00      5.00       7.332100       0.000000       0.000000        10       9.0      10.0       0.409350   180.000    45.000    90.000    0     119.865929      -1.295960
   -115.00     10.00       2.664200       0.000000       0.000000        10       9.0      10.0       0.409350   180.000    45.000    90.000    0     119.849838      -1.296520
   -110.00    -15.00      26.003710       0.000000       0.000000        10       9.0      10.0       0.409350   180.000    45.000    90.000    0     119.928726      -1.248500
   -110.00    -10.00      21.335800       0.000000       0.000000        10       9.0      10.0       0.409350   180.000    45.000    90.000    0     119.912643      -1.249070
   -110.00     -5.00      16.667900       0.000000       0.000000        10       9.0      10.0       0.409350   180.000    45.000    90.000    0     119.896553      -1.249630
   -110.00      0.00      12.000000       0.000000       0.000000        10       9.0      10.0       0.409350   180.000    45.000    90.000    0     119.880463      -1.250200
   -110.00      5.00       7.332100       0.000000       0.000000        10       9.0      10.0       0.409350   180.000    45.000    90.000    0     119.864372      -1.250760
   -110.00     10.00       2.664200       0.000000       0.000000        10       9.0      10.0       0.409350   180.000    45.000    90.000    0     119.848282      -1.251330
   -105.00    -15.00      26.003710       0.000000       0.000000        10       9.0      10.0       0.409350   180.000    45.000    90.000    0     119.927162      -1.203310
   -105.00    -10.00      21.335800       0.000000       0.000000        10       9.0      10.0       0.409350   180.000    45.000    90.000    0     119.911072      -1.203880
   -105.00     -5.00      16.667900       0.000000       0.000000        10       9.0      10.0       0.409350   180.000    45.000    90.000    0     119.894981      -1.204440
   -105.00      0.00      12.000000       0.000000       0.000000        10       9.0      10.0       0.409350   180.000    45.000    90.000    0     119.878891      -1.205010
   -105.00      5.00       7.332100       0.000000       0.000000        10       9.0      10.0       0.409350   180.000    45.000    90.000    0     119.862801      -1.205570
   -105.00     10.00       2.664200       0.000000       0.000000        10       9.0      10.0       0.409350   180.000    45.000    90.000    0     119.846710      -1.206140
   -100.00    -15.00      26.003710       0.000000       0.000000        10       9.0      10.0       0.409350   180.000    45.000    90.000    0     119.925591      -1.158120
   -100.00    -10.00      21.335800       0.000000       0.000000        10       9.0      10.0       0.409350   180.000    45.000    90.000    0     119.909500      -1.158690
   -100.00     -5.00      16.667900       0.000000       0.000000        10       9.0      10.0       0.409350   180.000    45.000    90.000    0     119.893410      -1.159250
   -100.00      0.00      12.000000       0.000000       0.000000        10       9.0      10.0       0.409350   180.000    45.000    90.000    0     119.877319      -1.159820
   -100.00      5.00       7.332100       0.000000       0.000000        10       9.0      10.0       0.409350   180.000    45.000    90.000    0     119.861229      -1.160380
   -100.00     10.00       2.664200       0.000000       0.000000        10       9.0      10.0       0.409350   180.000    45.000    90.000    0     119.845207      -1.160950
    -95.00    -15.00      26.003710       0.000000       0.000000        10       9.0      10.0       0.409350   180.000    45.000    90.000    0     119.924026      -1.112930
    -95.00    -10.00      21.335800       0.000000       0.000000        10       9.0      10.0       0.409350   180.000    45.000    90.000    0     119.907944      -1.113500
    -95.00     -5.00      16.667900       0.000000       0.000000        10       9.0      10.0       0.409350   180.000    45.000    90.000    0     119.891853      -1.114060
    -95.00      0.00      12.000000       0.000000       0.000000        10       9.0      10.0       0.409350   180.000    45.000    90.000    0     119.875763      -1.114630
    -95.00      5.00       7.332100       0.000000       0.000000        10       9.0      10.0       0.409350   180.000    45.000    90.000    0     119.859673      -1.115190
    -95.00     10.00       2.664200       0.000000       0.000000        10       9.0      10.0       0.409350   180.000    45.000    90.000    0     119.843643      -1.115760
    -90.00    -15.00      26.003710       0.000000       0.000000        10       9.0      10.0       0.409350   180.000    45.000    90.000    0     119.922462      -1.067740
    -90.00    -10.00      21.335800       0.000000       0.000000        10       9.0      10.0       0.409350   180.000    45.000    90.000    0     119.906372      -1.068310
    -90.00     -5.00      16.667900       0.000000       0.000000        10       9.0      10.0       0.409350   180.000    45.000    90.000    0     119.890282      -1.068870
    -90.00      0.00      12.000000       0.000000       0.000000        10       9.0      10.0       0.409350   180.000    45.000    90.000    0     119.874191      -1.069440
    -90.00      5.00       7.332100       0.000000       0.000000        10       9.0      10.0       0.409350   180.000    45.000    90.000    0     119.858101      -1.070000
    -90.00     10.00       2.664200       0.000000       0.000000        10       9.0      10.0       0.409350   180.000    45.000    90.000    0     119.842072      -1.070570
    -85.00    -15.00      26.003710       0.000000       0.000000        10       9.0      10.0       0.409350   180.000    45.000    90.000    0     119.920891      -1.022550
    -85.00    -10.00      21.335800       0.000000       0.000000        10       9.0      10.0       0.409350   180.000    45.000    90.000    0     119.904800      -1.023120
    -85.00     -5.00      16.667900       0.000000       0.000000        10       9.0      10.0       0.409350   180.000    45.000    90.000    0     119.888710      -1.023680
    -85.00      0.00      12.000000       0.000000       0.000000        10       9.0      10.0       0.409350   180.000    45.000    90.000    0     119.872620      -1.024250
    -85.00      5.00       7.332100       0.000000       0.000000        10       9.0      10.0       0.409350   180.000    45.000    90.000    0     119.856537      -1.024810
    -85.00     10.00       2.664200       0.000000       0.000000        10       9.0      10.0       0.409350   180.000    45.000    90.000    0     119.840500      -1.025380
    -80.00    -15.00      26.003710       0.000000       0.000000        10       9.0      10.0       0.409350   180.000    45.000    90.000    0     119.919319      -0.977360
    -80.00    -10.00      21.335800       0.000000       0.000000        10       9.0      10.0       0.409350   180.000    45.000    90.000    0     119.903236      -0.977920
    -80.00     -5.00      16.667900       0.000000       0.000000        10       9.0      10.0       0.409350   180.000    45.000    90.000    0     119.887154      -0.978490
    -80.00      0.00      12.000000       0.000000       0.000000        10       9.0      10.0       0.409350   180.000    45.000    90.000    0     119.871063      -0.979050
    -80.00      5.00       7.332100       0.000000       0.000000        10       9.0      10.0       0.409350   180.000    45.000    90.000    0     119.854973      -0.979620
    -80.00     10.00       2.664200       0.000000       0.000000        10       9.0      10.0       0.409350   180.000    45.000    90.000    0     119.838928      -0.980190
    -75.00    -15.00      26.003710       0.000000       0.000000        10       9.0      10.0       0.409350   180.000    45.000    90.000    0     119.917763      -0.932170
    -75.00    -10.00      21.335800       0.000000       0.000000        10       9.0      10.0       0.409350   180.000    45.000    90.000    0     119.901672      -0.932730
    -75.00     -5.00      16.667900       0.000000       0.000000        10       9.0      10.0       0.409350   180.000    45.000    90.000    0     119.885582      -0.933300
    -75.00      0.00      12.000000       0.000000       0.000000        10       9.0      10.0       0.409350   180.000    45.000    90.000    0     119.869492      -0.933860
    -75.00      5.00       7.332100       0.000000       0.000000        10       9.0      10.0       0.409350   180.000    45.000    90.000    0     119.853401      -0.934430
    -75.00     10.00       2.664200       0.000000       0.000000        10       9.0      10.0       0.409350   180.000    45.000    90.000    0     119.837357      -0.934990
    -70.00    -15.00      26.003710       0.000000       0.000000        10       9.0      10.0       0.409350   180.000    45.000    90.000    0     119.916191      -0.886980
    -70.00    -10.00      21.335800       0.000000       0.000000        10       9.0      10.0       0.409350   180.000    45.000    90.000    0     119.900101      -0.887540
    -70.00     -5.00      16.667900       0.000000       0.000000        10       9.0      10.0       0.409350   180.000    45.000    90.000    0     119.884010      -0.888110
    -70.00      0.00      12.000000       0.000000       0.000000        10       9.0      10.0       0.409350   180.000    45.000    90.000    0     119.867928      -0.888670
    -70.00      5.00       7.332100       0.000000       0.000000        10       9.0      10.0       0.409350   180.000    45.000    90.000    0     119.851837      -0.889240
    -70.00     10.00       2.664200       0.000000       0.000000        10       9.0      10.0       0.409350   180.000    45.000    90.000    0     119.835793      -0.889800
    -65.00    -15.00      26.003710       0.000000       0.000000        10       9.0      10.0       0.409350   180.000    45.000    90.000    0     119.914619      -0.841790
    -65.00    -10.00      21.335800       0.000000       0.000000        10       9.0      10.0       0.409350   180.000    45.000    90.000    0     119.898537      -0.842350
    -65.00     -5.00      16.667900       0.000000       0.000000        10       9.0      10.0       0.409350   180.000    45.000    90.000    0     119.882446      -0.842920
    -65.00      0.00      12.000000       0.000000       0.000000        10       9.0      10.0       0.409350   180.000    45.000    90.000    0     119.866364      -0.843480
    -65.00      5.00       7.332100       0.000000       0.000000        10       9.0      10.0       0.409350   180.000    45.000    90.000    0     119.850273      -0.844050
    -65.00     10.00       2.664200       0.000000       0.000000        10       9.0      10.0       0.409350   180.000    45.000    90.000    0     119.834221      -0.844610
    -60.00    -15.00      26.003710       0.035539       0.035539        10       9.0      10.0       0.409350   312.160    36.030    -2.920    1     119.913063      -0.796600
    -60.00    -10.00      21.335800       0.043600       0.043600        10       9.0      10.0       0.409350   340.780    86.590    43.590    0     119.896973      -0.797160
    -60.00     -5.00      16.667900       0.065165       0.065165        10       9.0      10.0       0.409350   157.350    77.540   -55.000    0     119.880882      -0.797730
    -60.00      0.00      12.000000       0.053812       0.053812        10       9.0      10.0       0.409350   322.300    25.370   -34.450    0     119.864792      -0.798290
    -60.00      5.00       7.332100       0.039723       0.039723        10       9.0      10.0       0.409350   333.780    54.430   -27.790    0     119.848701      -0.798860
    -60.00     10.00       2.664200       0.033222       0.033222        10       9.0      10.0       0.409350   334.700    56.010   -28.830    0     119.832657      -0.799420
    -55.00    -15.00      26.003710       0.080298       0.080298        10       9.0      10.0       0.409350    70.950    40.600  -139.370    1     119.911491      -0.751410
    -55.00    -10.00      21.335800       0.082923       0.082923        10       9.0      10.0       0.409350   157.050    81.080     2.320    0     119.895401      -0.751970
    -55.00     -5.00      16.667900       0.093777       0.093777        10       9.0      10.0       0.409350   144.360    61.260   -38.090    0     119.879311      -0.752540
    -55.00      0.00      12.000000       0.114539       0.114539        10       9.0      10.0       0.409350   110.530    55.450   -89.160    1     119.863228      -0.753100
    -55.00      5.00       7.332100       0.114033       0.114033        10       9.0      10.0       0.409350   105.250    58.260   -99.600    1     119.847137      -0.753670
    -55.00     10.00       2.664200       0.096623       0.096623        10       9.0      10.0       0.409350   319.970    38.610   -52.420    0     119.831093      -0.754230
    -50.00    -15.00      26.003710       0.065665       0.065665        10       9.0      10.0       0.409350   333.790    76.670   -30.100    0     119.909920      -0.706210
    -50.00    -10.00      21.335800       0.103374       0.103374        10       9.0      10.0       0.409350   338.270    85.710   -21.720    0     119.893837      -0.706780
    -50.00     -5.00      16.667900       0.114789       0.114789        10       9.0      10.0       0.409350   332.930    71.370   -21.260    0     119.877747      -0.707340
    -50.00      0.00      12.000000       0.150199       0.150199        10       9.0      10.0       0.409350   103.380    51.520  -102.570    1     119.861656      -0.707910
    -50.00      5.00       7.332100       0.171420       0.171420        10       9.0      10.0       0.409350   101.600    59.180  -104.140    1     119.845612      -0.708470
    -50.00     10.00       2.664200       0.159225       0.159225        10       9.0      10.0       0.409350   317.000    36.470   -55.490    0     119.829521      -0.709040
    -45.00    -15.00      26.003710       0.061097       0.061097        10       9.0      10.0       0.409350   347.040    70.930    -9.580    0     119.908363      -0.661020
    -45.00    -10.00      21.335800       0.109394       0.109394        10       9.0      10.0       0.409350   340.980    76.370   -20.090    0     119.892273      -0.661590
    -45.00     -5.00      16.667900       0.140895       0.140895        10       9.0      10.0       0.409350   335.350    69.140   -23.330    0     119.876183      -0.662150
    -45.00      0.00      12.000000       0.177077       0.177077        10       9.0      10.0       0.409350   326.310    49.760   -41.910    0     119.860092      -0.662720
    -45.00      5.00       7.332100       0.200933       0.200933        10       9.0      10.0       0.409350   320.890    40.100   -49.680    0     119.844040      -0.663280
    -45.00     10.00       2.664200       0.194209       0.194209        10       9.0      10.0       0.409350   325.130    41.510   -44.340    0     119.827950      -0.663850
    -40.00    -15.00      26.003710       0.068745       0.068745        10       9.0      10.0       0.409350   358.180    47.240    -4.180    0     119.906792      -0.615830
    -40.00    -10.00      21.335800       0.116389       0.116389        10       9.0      10.0       0.409350   345.100    62.470   -11.660    0     119.890701      -0.616400
    -40.00     -5.00      16.667900       0.152239       0.152239        10       9.0      10.0       0.409350   341.000    68.150   -18.070    0     119.874619      -0.616960
    -40.00      0.00      12.000000       0.187744       0.187744        10       9.0      10.0       0.409350   336.770    58.240   -28.590    0     119.858528      -0.617530
    -40.00      5.00       7.332100       0.203483       0.203483        10       9.0      10.0       0.409350   333.840    49.360   -33.840    0     119.842468      -0.618090
    -40.00     10.00       2.664200       0.209946       0.209946        10       9.0      10.0       0.409350   333.390    47.590   -35.070    0     119.826378      -0.618660
    -35.00    -15.00      26.003710       0.081851       0.081851        10       9.0      10.0       0.409350     6.840    36.190    -1.690    0     119.905220      -0.570640
    -35.00    -10.00      21.335800       0.128018       0.128018        10       9.0      10.0       0.409350   351.040    54.350    -5.560    0     119.889137      -0.571210
    -35.00     -5.00      16.667900       0.161111       0.161111        10       9.0      10.0       0.409350   347.440    66.340   -11.230    0     119.873047      -0.571770
    -35.00      0.00      12.000000       0.190591       0.190591        10       9.0      10.0       0.409350   344.980    64.510   -19.240    0     119.856956      -0.572340
    -35.00      5.00       7.332100       0.210201       0.210201        10       9.0      10.0       0.409350   343.050    58.340   -23.400    0     119.840897      -0.572900
    -35.00     10.00       2.664200       0.221766       0.221766        10       9.0      10.0       0.409350   340.940    53.260   -27.170    0     119.824806      -0.573470
    -30.00    -15.00      26.003710       0.080960       0.080960        10       9.0      10.0       0.409350    15.570    43.090    12.230    0     119.903664      -0.525450
    -30.00    -10.00      21.335800       0.147600       0.147600        10       9.0      10.0       0.409350   355.710    47.180    -2.620    0     119.887573      -0.526020
    -30.00     -5.00      16.667900       0.177907       0.177907        10       9.0      10.0       0.409350   352.740    61.390    -6.120    0     119.871483      -0.526580
    -30.00      0.00      12.000000       0.203139       0.203139        10       9.0      10.0       0.409350   350.230    66.120   -14.520    0     119.855400      -0.527150
    -30.00      5.00       7.332100       0.222242       0.222242        10       9.0      10.0       0.409350   349.180    64.760   -17.520    0     119.839333      -0.527710
    -30.00     10.00       2.664200       0.236416       0.236416        10       9.0      10.0       0.409350   346.950    58.420   -20.730    0     119.823242      -0.528280
    -25.00    -15.00      26.003710       0.079589       0.079589        10       9.0      10.0       0.409350    16.650    52.120    20.690    0     119.902092      -0.480260
    -25.00    -10.00      21.335800       0.159801       0.159801        10       9.0      10.0       0.409350     1.120    46.090     1.840    0     119.886002      -0.480820
    -25.00     -5.00      16.667900       0.201167       0.201167        10       9.0      10.0       0.409350   356.760    56.690    -2.990    0     119.869919      -0.481390
    -25.00      0.00      12.000000       0.226446       0.226446        10       9.0      10.0       0.409350   353.690    64.280   -10.600    0     119.853828      -0.481950
    -25.00      5.00       7.332100       0.246064       0.246064        10       9.0      10.0       0.409350   352.240    65.510   -14.560    0     119.837761      -0.482520
    -25.00     10.00       2.664200       0.258763       0.258763        10       9.0      10.0       0.409350   351.080    61.580   -15.620    0     119.821671      -0.483090
    -20.00    -15.00      26.003710       0.081169       0.081169        10       9.0      10.0       0.409350    16.920    55.820    22.780    0     119.900528      -0.435070
    -20.00    -10.00      21.335800       0.165916       0.165916        10       9.0      10.0       0.409350     4.350    49.080     5.790    0     119.884438      -0.435630
    -20.00     -5.00      16.667900       0.222577       0.222577        10       9.0      10.0       0.409350   358.740    54.730    -1.800    0     119.868347      -0.436200
    -20.00      0.00      12.000000       0.248517       0.248517        10       9.0      10.0       0.409350   356.140    63.900    -8.310    0     119.852257      -0.436760
    -20.00      5.00       7.332100       0.271669       0.271669        10       9.0      10.0       0.409350   353.750    65.600   -13.040    0     119.836189      -0.437330
    -20.00     10.00       2.664200       0.285531       0.285531        10       9.0      10.0       0.409350   353.440    63.150   -12.420    0     119.820099      -0.437900
    -15.00    -15.00      26.003710       0.081024       0.081024        10       9.0      10.0       0.409350    10.360    71.220     1.770    0     119.898956      -0.389880
    -15.00    -10.00      21.335800       0.164246       0.164246        10       9.0      10.0       0.409350     4.470    55.380     6.110    0     119.882874      -0.390440
    -15.00     -5.00      16.667900       0.238419       0.238419        10       9.0      10.0       0.409350     0.020    54.720    -1.210    0     119.866791      -0.391010
    -15.00      0.00      12.000000       0.269924       0.269924        10       9.0      10.0       0.409350   356.970    63.340    -8.380    0     119.850700      -0.391570
    -15.00      5.00       7.332100       0.294308       0.294308        10       9.0      10.0       0.409350   354.470    65.290   -12.100    0     119.834618      -0.392140
    -15.00     10.00       2.664200       0.311335       0.311335        10       9.0      10.0       0.409350   354.680    63.740   -10.560    0     119.818527      -0.392700
    -10.00    -15.00      26.003710       0.088493       0.088493        10       9.0      10.0       0.409350   194.930    81.100    26.960    0     119.897392      -0.344690
    -10.00    -10.00      21.335800       0.171093       0.171093        10       9.0      10.0       0.409350     3.510    57.820     3.870    0     119.881310      -0.345250
    -10.00     -5.00      16.667900       0.245313       0.245313        10       9.0      10.0       0.409350     0.660    57.110    -1.050    0     119.865219      -0.345820
    -10.00      0.00      12.000000       0.288935       0.288935        10       9.0      10.0       0.409350   357.000    62.490    -8.660    0     119.849129      -0.346380
    -10.00      5.00       7.332100       0.311902       0.311902        10       9.0      10.0       0.409350   355.190    65.660   -10.840    0     119.833054      -0.346950
    -10.00     10.00       2.664200       0.332747       0.332747        10       9.0      10.0       0.409350   355.170    63.880    -9.670    0     119.816963      -0.347510
     -5.00    -15.00      26.003710       0.095303       0.095303        10       9.0      10.0       0.409350   197.830    75.500    35.880    0     119.895828      -0.299500
     -5.00    -10.00      21.335800       0.170007       0.170007        10       9.0      10.0       0.409350     2.310    68.140    -5.430    0     119.879738      -0.300060
     -5.00     -5.00      16.667900       0.248069       0.248069        10       9.0      10.0       0.409350     0.060    60.560    -3.260    0     119.863647      -0.300630
     -5.00      0.00      12.000000       0.298312       0.298312        10       9.0      10.0       0.409350   356.430    62.880    -9.910    0     119.847572      -0.301190
     -5.00      5.00       7.332100       0.332127       0.332127        10       9.0      10.0       0.409350   354.730    63.670   -10.840    0     119.831482      -0.301760
     -5.00     10.00       2.664200       0.349034       0.349034        10       9.0      10.0       0.409350   355.130    63.300    -9.480    0     119.815399      -0.302320
      0.00    -15.00      26.003710       0.095811       0.095811        10       9.0      10.0       0.409350   198.150    77.350    40.160    0     119.894257      -0.254300
      0.00    -10.00      21.335800       0.168059       0.168059        10       9.0      10.0       0.409350     3.000    75.320   -12.260    0     119.878166      -0.254870
      0.00     -5.00      16.667900       0.244544       0.244544        10       9.0      10.0       0.409350   358.970    63.770    -6.940    0     119.862091      -0.255430
      0.00      0.00      12.000000       0.303535       0.303535        10       9.0      10.0       0.409350   355.430    62.540   -11.320    0     119.846001      -0.256000
      0.00      5.00       7.332100       0.344561       0.344561        10       9.0      10.0       0.409350   354.230    61.930   -10.960    0     119.829910      -0.256570
      0.00     10.00       2.664200       0.355752       0.355752        10       9.0      10.0       0.409350   354.870    62.700    -9.600    0     119.813828      -0.257130
      5.00    -15.00      26.003710       0.093847       0.093847        10       9.0      10.0       0.409350   195.260    81.560    41.140    0     119.892693      -0.209110
      5.00    -10.00      21.335800       0.161888       0.161888        10       9.0      10.0       0.409350     3.200    81.140   -18.340    0     119.876602      -0.209680
      5.00     -5.00      16.667900       0.233172       0.233172        10       9.0      10.0       0.409350   358.060    67.980    -9.980    0     119.860519      -0.210240
      5.00      0.00      12.000000       0.295196       0.295196        10       9.0      10.0       0.409350   355.080    64.720   -12.200    0     119.844429      -0.210810
      5.00      5.00       7.332100       0.340855       0.340855        10       9.0      10.0       0.409350   353.690    61.870   -11.700    0     119.828346      -0.211370
      5.00     10.00       2.664200       0.349737       0.349737        10       9.0      10.0       0.409350   354.300    62.510   -10.240    0     119.812263      -0.211940
     10.00    -15.00      26.003710       0.093975       0.093975        10       9.0      10.0       0.409350   197.770    79.880    48.820    0     119.891121      -0.163920
     10.00    -10.00      21.335800       0.152939       0.152939        10       9.0      10.0       0.409350     3.670    84.870   -25.820    0     119.875038      -0.164490
     10.00     -5.00      16.667900       0.215202       0.215202        10       9.0      10.0       0.409350   356.480    69.840   -12.970    0     119.858948      -0.165050
     10.00      0.00      12.000000       0.277050       0.277050        10       9.0      10.0       0.409350   354.750    65.980   -11.530    0     119.842873      -0.165620
     10.00      5.00       7.332100       0.320085       0.320085        10       9.0      10.0       0.409350   353.340    62.700   -11.690    0     119.826782      -0.166180
     10.00     10.00       2.664200       0.330373       0.330373        10       9.0      10.0       0.409350   353.580    62.510   -10.970    0     119.810692      -0.166750
     15.00    -15.00      26.003710       0.090511       0.090511        10       9.0      10.0       0.409350   196.640    80.630    52.160    0     119.889549      -0.118730
     15.00    -10.00      21.335800       0.137407       0.137407        10       9.0      10.0       0.409350     2.470    84.140   -28.820    0     119.873466      -0.119300
     15.00     -5.00      16.667900       0.188828       0.188828        10       9.0      10.0       0.409350   355.680    71.790   -14.970    0     119.857384      -0.119860
     15.00      0.00      12.000000       0.243578       0.243578        10       9.0      10.0       0.409350   354.490    68.500   -10.780    0     119.841301      -0.120430
     15.00      5.00       7.332100       0.286866       0.286866        10       9.0      10.0       0.409350   352.380    62.880   -12.890    0     119.825218      -0.120990
     15.00     10.00       2.664200       0.299750       0.299750        10       9.0      10.0       0.409350   352.450    62.000   -12.150    0     119.809128      -0.121560
     20.00    -15.00      26.003710       0.083217       0.083217        10       9.0      10.0       0.409350   196.930    80.140    53.350    0     119.887978      -0.073540
     20.00    -10.00      21.335800       0.117434       0.117434        10       9.0      10.0       0.409350     1.020    83.490   -30.630    0     119.871902      -0.074100
     20.00     -5.00      16.667900       0.155696       0.155696        10       9.0      10.0       0.409350   356.150    72.920   -14.360    0     119.855812      -0.074670
     20.00      0.00      12.000000       0.206178       0.206178        10       9.0      10.0       0.409350   353.540    67.280   -10.080    0     119.839737      -0.075240
     20.00      5.00       7.332100       0.243049       0.243049        10       9.0      10.0       0.409350   351.170    62.380   -13.510    0     119.823647      -0.075800
     20.00     10.00       2.664200       0.259820       0.259820        10       9.0      10.0       0.409350   350.970    60.320   -13.370    0     119.807564      -0.076370
     25.00    -15.00      26.003710       0.072449       0.072449        10       9.0      10.0       0.409350   201.700    77.720    53.190    0     119.886414      -0.028350
     25.00    -10.00      21.335800       0.093852       0.093852        10       9.0      10.0       0.409350   187.230    87.960    36.410    0     119.870331      -0.028910
     25.00     -5.00      16.667900       0.114833       0.114833        10       9.0      10.0       0.409350   358.960    75.520   -10.710    0     119.854240      -0.029480
     25.00      0.00      12.000000       0.159616       0.159616        10       9.0      10.0       0.409350   352.550    64.430    -9.480    0     119.838173      -0.030050
     25.00      5.00       7.332100       0.192283       0.192283        10       9.0      10.0       0.409350   350.510    60.060   -11.900    0     119.822083      -0.030610
     25.00     10.00       2.664200       0.211610       0.211610        10       9.0      10.0       0.409350   349.770    57.220   -13.400    0     119.806000      -0.031180
     30.00    -15.00      26.003710       0.054444       0.054444        10       9.0      10.0       0.409350   201.650    77.220    48.240    0     119.884850       0.016840
     30.00    -10.00      21.335800       0.075688       0.075688        10       9.0      10.0       0.409350   198.350    75.430    39.850    0     119.868759       0.016280
     30.00     -5.00      16.667900       0.075521       0.075521        10       9.0      10.0       0.409350     4.000    82.320    -5.650    0     119.852669       0.015710
     30.00      0.00      12.000000       0.111398       0.111398        10       9.0      10.0       0.409350   353.710    56.440    -5.630    0     119.836601       0.015150
     30.00      5.00       7.332100       0.138003       0.138003        10       9.0      10.0       0.409350   351.920    56.800    -7.870    0     119.820518       0.014580
     30.00     10.00       2.664200       0.162139       0.162139        10       9.0      10.0       0.409350   349.470    51.430   -11.820    0     119.804428       0.014020
     35.00    -15.00      26.003710       0.039781       0.039781        10       9.0      10.0       0.409350   211.560    59.260    36.830    0     119.883278       0.062030
     35.00    -10.00      21.335800       0.077764       0.077764        10       9.0      10.0       0.409350   218.420    51.790    40.010    0     119.867188       0.061470
     35.00     -5.00      16.667900       0.052692       0.052692        10       9.0      10.0       0.409350    58.120    48.570    84.350    1     119.851097       0.060900
     35.00      0.00      12.000000       0.072871       0.072871        10       9.0      10.0       0.409350     4.940    41.670    10.910    0     119.835037       0.060340
     35.00      5.00       7.332100       0.099209       0.099209        10       9.0      10.0       0.409350   357.630    45.170    -1.810    0     119.818947       0.059770
     35.00     10.00       2.664200       0.122250       0.122250        10       9.0      10.0       0.409350   351.780    39.740    -8.840    0     119.802856       0.059210
     40.00    -15.00      26.003710       0.038968       0.038968        10       9.0      10.0       0.409350    91.830    69.210   111.400    1     119.881706       0.107230
     40.00    -10.00      21.335800       0.096823       0.096823        10       9.0      10.0       0.409350   103.410    66.670   115.120    1     119.865623       0.106660
     40.00     -5.00      16.667900       0.067641       0.067641        10       9.0      10.0       0.409350    82.830    51.660    90.280    1     119.849533       0.106090
     40.00      0.00      12.000000       0.064347       0.064347        10       9.0      10.0       0.409350    51.480    34.870    50.200    1     119.833473       0.105530
     40.00      5.00       7.332100       0.089249       0.089249        10       9.0      10.0       0.409350    18.440    22.180     7.180    0     119.817390       0.104960
     40.00     10.00       2.664200       0.101323       0.101323        10       9.0      10.0       0.409350     3.890    21.640    -2.290    0     119.801300       0.104400
     45.00    -15.00      26.003710       0.068104       0.068104        10       9.0      10.0       0.409350    76.020    73.620    85.210    1     119.880142       0.152420
     45.00    -10.00      21.335800       0.117435       0.117435        10       9.0      10.0       0.409350    99.410    66.800   103.320    1     119.864052       0.151850
     45.00     -5.00      16.667900       0.083352       0.083352        10       9.0      10.0       0.409350   100.830    50.090   102.000    1     119.847961       0.151280
     45.00      0.00      12.000000       0.088866       0.088866        10       9.0      10.0       0.409350    68.510    40.080    59.480    1     119.831909       0.150720
     45.00      5.00       7.332100       0.099179       0.099179        10       9.0      10.0       0.409350    58.880    15.740    46.890    1     119.815819       0.150150
     45.00     10.00       2.664200       0.096683       0.096683        10       9.0      10.0       0.409350    44.370    11.150    32.850    1     119.799728       0.149590
     50.00    -15.00      26.003710       0.078185       0.078185        10       9.0      10.0       0.409350    76.510    75.900    84.180    1     119.878571       0.197610
     50.00    -10.00      21.335800       0.101185       0.101185        10       9.0      10.0       0.409350   101.380    68.110   104.390    1     119.862480       0.197040
     50.00     -5.00      16.667900       0.070962       0.070962        10       9.0      10.0       0.409350   111.030    50.320   115.620    1     119.846390       0.196470
     50.00      0.00      12.000000       0.073217       0.073217        10       9.0      10.0       0.409350    69.290    41.410    62.020    1     119.830338       0.195910
     50.00      5.00       7.332100       0.083892       0.083892        10       9.0      10.0       0.409350    84.950    17.810    77.400    1     119.814247       0.195340
     50.00     10.00       2.664200       0.073679       0.073679        10       9.0      10.0       0.409350    79.610    12.350    68.600    1     119.798172       0.194780
