      xloc      yloc          depth         ave SR         max SR         #     start       end     max SR all       str       dip      rake flag
   -185.00    -15.00      26.003710       0.037270       0.037270        36      35.0      36.0       0.409350   217.150    65.800    66.750    0     119.952240      -1.926360
   -185.00    -10.00      21.335800       0.046432       0.046432        36      35.0      36.0       0.409350   193.050    77.490    73.370    0     119.936150      -1.926930
   -185.00     -5.00      16.667900       0.049337       0.049337        36      35.0      36.0       0.409350   338.210    83.650   -58.510    0     119.920059      -1.927490
   -185.00      0.00      12.000000       0.066888       0.066888        36      35.0      36.0       0.409350   320.850    72.990   -55.380    0     119.903961      -1.928060
   -185.00      5.00       7.332100       0.079887       0.079887        36      35.0      36.0       0.409350   328.850    74.790   -43.580    0     119.887871      -1.928620
   -185.00     10.00       2.664200       0.074376       0.074376        36      35.0      36.0       0.409350   332.050    78.510   -38.960    0     119.871780      -1.929190
   -180.00    -15.00      26.003710       0.061718       0.061718        36      35.0      36.0       0.409350   212.690    75.340    77.240    0     119.950684      -1.881170
   -180.00    -10.00      21.335800       0.090315       0.090315        36      35.0      36.0       0.409350   199.380    79.070    78.690    0     119.934578      -1.881740
   -180.00     -5.00      16.667900       0.091646       0.091646        36      35.0      36.0       0.409350   351.020    88.980   -61.750    0     119.918488      -1.882300
   -180.00      0.00      12.000000       0.104693       0.104693        36      35.0      36.0       0.409350   330.730    76.440   -47.020    0     119.902397      -1.882870
   -180.00      5.00       7.332100       0.127626       0.127626        36      35.0      36.0       0.409350   333.450    78.190   -39.400    0     119.886299      -1.883430
   -180.00     10.00       2.664200       0.129343       0.129343        36      35.0      36.0       0.409350   334.920    80.130   -33.110    0     119.870209      -1.884000
   -175.00    -15.00      26.003710       0.083003       0.083003        36      35.0      36.0       0.409350   217.520    79.020    86.630    0     119.949112      -1.835980
   -175.00    -10.00      21.335800       0.120614       0.120614        36      35.0      36.0       0.409350   204.900    78.940    80.470    0     119.933006      -1.836550
   -175.00     -5.00      16.667900       0.117716       0.117716        36      35.0      36.0       0.409350   179.370    87.370    60.680    0     119.916924      -1.837110
   -175.00      0.00      12.000000       0.126661       0.126661        36      35.0      36.0       0.409350   339.790    78.410   -36.470    0     119.900833      -1.837680
   -175.00      5.00       7.332100       0.154031       0.154031        36      35.0      36.0       0.409350   338.570    79.970   -32.080    0     119.884743      -1.838240
   -175.00     10.00       2.664200       0.163865       0.163865        36      35.0      36.0       0.409350   339.240    82.530   -25.410    0     119.868637      -1.838810
   -170.00    -15.00      26.003710       0.095190       0.095190        36      35.0      36.0       0.409350   220.540    80.390    92.100    0     119.947540      -1.790790
   -170.00    -10.00      21.335800       0.136230       0.136230        36      35.0      36.0       0.409350   211.150    78.840    82.890    0     119.931450      -1.791360
   -170.00     -5.00      16.667900       0.128893       0.128893        36      35.0      36.0       0.409350   185.470    85.400    57.050    0     119.915352      -1.791920
   -170.00      0.00      12.000000       0.141242       0.141242        36      35.0      36.0       0.409350   345.700    76.220   -26.670    0     119.899261      -1.792490
   -170.00      5.00       7.332100       0.166911       0.166911        36      35.0      36.0       0.409350   343.550    79.620   -23.770    0     119.883171      -1.793050
   -170.00     10.00       2.664200       0.180578       0.180578        36      35.0      36.0       0.409350   343.780    84.260   -18.100    0     119.867081      -1.793620
   -165.00    -15.00      26.003710       0.092515       0.092515        36      35.0      36.0       0.409350    16.800    11.400    63.030    0     119.945969      -1.745600
   -165.00    -10.00      21.335800       0.136129       0.136129        36      35.0      36.0       0.409350   218.140    77.210    85.760    0     119.929878      -1.746170
   -165.00     -5.00      16.667900       0.128760       0.128760        36      35.0      36.0       0.409350   192.760    82.560    54.600    0     119.913788      -1.746730
   -165.00      0.00      12.000000       0.153319       0.153319        36      35.0      36.0       0.409350   350.220    68.900   -15.740    0     119.897690      -1.747300
   -165.00      5.00       7.332100       0.172048       0.172048        36      35.0      36.0       0.409350   348.630    76.170   -14.870    0     119.881599      -1.747860
   -165.00     10.00       2.664200       0.184655       0.184655        36      35.0      36.0       0.409350   348.390    83.500   -11.880    0     119.865509      -1.748430
   -160.00    -15.00      26.003710       0.078507       0.078507        36      35.0      36.0       0.409350    13.270    15.200    55.150    0     119.944397      -1.700410
   -160.00    -10.00      21.335800       0.127942       0.127942        36      35.0      36.0       0.409350    37.950    15.420    78.980    0     119.928307      -1.700980
   -160.00     -5.00      16.667900       0.133390       0.133390        36      35.0      36.0       0.409350   357.610    43.160    10.430    0     119.912216      -1.701540
   -160.00      0.00      12.000000       0.165212       0.165212        36      35.0      36.0       0.409350   356.520    59.620    -3.030    0     119.896133      -1.702110
   -160.00      5.00       7.332100       0.176766       0.176766        36      35.0      36.0       0.409350   354.190    69.220    -6.260    0     119.880028      -1.702670
   -160.00     10.00       2.664200       0.182658       0.182658        36      35.0      36.0       0.409350   353.620    79.680    -5.890    0     119.863937      -1.703240
   -155.00    -15.00      26.003710       0.063396       0.063396        36      35.0      36.0       0.409350    10.550    21.420    45.270    0     119.942841      -1.655220
   -155.00    -10.00      21.335800       0.115424       0.115424        36      35.0      36.0       0.409350    21.580    22.860    50.150    0     119.926743      -1.655790
   -155.00     -5.00      16.667900       0.148445       0.148445        36      35.0      36.0       0.409350     5.670    44.100    14.700    0     119.910652      -1.656350
   -155.00      0.00      12.000000       0.182200       0.182200        36      35.0      36.0       0.409350     4.160    51.000     7.280    0     119.894562      -1.656920
   -155.00      5.00       7.332100       0.184017       0.184017        36      35.0      36.0       0.409350     0.960    61.690     1.460    0     119.878471      -1.657480
   -155.00     10.00       2.664200       0.180886       0.180886        36      35.0      36.0       0.409350   359.990    73.540     0.470    0     119.862373      -1.658050
   -150.00    -15.00      26.003710       0.048179       0.048179        36      35.0      36.0       0.409350    17.030    30.480    44.070    0     119.941269      -1.610030
   -150.00    -10.00      21.335800       0.105671       0.105671        36      35.0      36.0       0.409350    19.360    34.920    34.770    0     119.925179      -1.610590
   -150.00     -5.00      16.667900       0.157518       0.157518        36      35.0      36.0       0.409350    13.880    44.970    20.000    0     119.909081      -1.611160
   -150.00      0.00      12.000000       0.193233       0.193233        36      35.0      36.0       0.409350    11.760    46.840    13.500    0     119.892990      -1.611730
   -150.00      5.00       7.332100       0.191412       0.191412        36      35.0      36.0       0.409350     9.290    56.520     8.130    0     119.876900      -1.612290
   -150.00     10.00       2.664200       0.181629       0.181629        36      35.0      36.0       0.409350     7.930    66.970     7.200    0     119.860809      -1.612860
   -145.00    -15.00      26.003710       0.040073       0.040073        36      35.0      36.0       0.409350    22.750    45.330    46.290    0     119.939697      -1.564840
   -145.00    -10.00      21.335800       0.100966       0.100966        36      35.0      36.0       0.409350    23.770    45.740    32.610    0     119.923607      -1.565400
   -145.00     -5.00      16.667900       0.159681       0.159681        36      35.0      36.0       0.409350    21.220    47.330    24.150    0     119.907516      -1.565970
   -145.00      0.00      12.000000       0.192852       0.192852        36      35.0      36.0       0.409350    19.120    46.380    17.560    0     119.891418      -1.566530
   -145.00      5.00       7.332100       0.197259       0.197259        36      35.0      36.0       0.409350    17.360    53.450    12.330    0     119.875328      -1.567100
   -145.00     10.00       2.664200       0.184745       0.184745        36      35.0      36.0       0.409350    16.540    61.780    12.700    0     119.859238      -1.567660
   -140.00    -15.00      26.003710       0.045581       0.045581        36      35.0      36.0       0.409350    23.490    65.900    59.860    0     119.938133      -1.519650
   -140.00    -10.00      21.335800       0.100651       0.100651        36      35.0      36.0       0.409350    26.600    57.760    37.840    0     119.922043      -1.520210
   -140.00     -5.00      16.667900       0.157215       0.157215        36      35.0      36.0       0.409350    28.260    49.600    27.470    0     119.905952      -1.520780
   -140.00      0.00      12.000000       0.181767       0.181767        36      35.0      36.0       0.409350    26.180    49.150    20.590    0     119.889862      -1.521340
   -140.00      5.00       7.332100       0.195456       0.195456        36      35.0      36.0       0.409350    24.350    53.470    14.510    0     119.873772      -1.521910
   -140.00     10.00       2.664200       0.184740       0.184740        36      35.0      36.0       0.409350    24.330    60.340    15.580    0     119.857681      -1.522470
   -135.00    -15.00      26.003710       0.058633       0.058633        36      35.0      36.0       0.409350    19.260    77.540    69.900    0     119.936562      -1.474460
   -135.00    -10.00      21.335800       0.104572       0.104572        36      35.0      36.0       0.409350    25.750    70.990    48.240    0     119.920471      -1.475020
   -135.00     -5.00      16.667900       0.142760       0.142760        36      35.0      36.0       0.409350    33.210    54.360    27.670    0     119.904381      -1.475590
   -135.00      0.00      12.000000       0.164660       0.164660        36      35.0      36.0       0.409350    31.510    54.520    20.210    0     119.888290      -1.476150
   -135.00      5.00       7.332100       0.184078       0.184078        36      35.0      36.0       0.409350    30.310    56.670    15.070    0     119.872200      -1.476720
   -135.00     10.00       2.664200       0.178215       0.178215        36      35.0      36.0       0.409350    30.320    62.770    14.660    0     119.856110      -1.477280
   -130.00    -15.00      26.003710       0.068193       0.068193        36      35.0      36.0       0.409350    15.200    84.280    77.110    0     119.934998      -1.429270
   -130.00    -10.00      21.335800       0.109079       0.109079        36      35.0      36.0       0.409350    24.120    81.610    58.650    0     119.918907      -1.429830
   -130.00     -5.00      16.667900       0.123708       0.123708        36      35.0      36.0       0.409350    37.470    61.590    26.760    0     119.902809      -1.430400
   -130.00      0.00      12.000000       0.145741       0.145741        36      35.0      36.0       0.409350    36.240    62.260    17.440    0     119.886719      -1.430960
   -130.00      5.00       7.332100       0.166027       0.166027        36      35.0      36.0       0.409350    35.210    63.320    12.410    0     119.870628      -1.431530
   -130.00     10.00       2.664200       0.164687       0.164687        36      35.0      36.0       0.409350    34.780    69.440     9.390    0     119.854538      -1.432090
   -125.00    -15.00      26.003710       0.075429       0.075429        36      35.0      36.0       0.409350    15.220    89.470    81.520    0     119.933434      -1.384080
   -125.00    -10.00      21.335800       0.110702       0.110702        36      35.0      36.0       0.409350    25.560    88.490    65.300    0     119.917343      -1.384640
   -125.00     -5.00      16.667900       0.107088       0.107088        36      35.0      36.0       0.409350    41.930    70.500    25.820    0     119.901253      -1.385210
   -125.00      0.00      12.000000       0.128505       0.128505        36      35.0      36.0       0.409350    40.820    71.070    13.910    0     119.885162      -1.385770
   -125.00      5.00       7.332100       0.145633       0.145633        36      35.0      36.0       0.409350    39.910    73.250     7.740    0     119.869072      -1.386340
   -125.00     10.00       2.664200       0.145813       0.145813        36      35.0      36.0       0.409350    39.130    78.410     2.110    0     119.852982      -1.386900
   -120.00    -15.00      26.003710       0.081089       0.081089        36      35.0      36.0       0.409350   198.850    86.020   -84.290    0     119.931862      -1.338890
   -120.00    -10.00      21.335800       0.104442       0.104442        36      35.0      36.0       0.409350   207.970    84.970   -68.630    0     119.915771      -1.339450
   -120.00     -5.00      16.667900       0.093610       0.093610        36      35.0      36.0       0.409350   311.810    60.410   174.880    1     119.899681      -1.340020
   -120.00      0.00      12.000000       0.109614       0.109614        36      35.0      36.0       0.409350   313.500    78.870   169.470    0     119.883591      -1.340580
   -120.00      5.00       7.332100       0.124323       0.124323        36      35.0      36.0       0.409350   314.060    82.260   172.710    0     119.867500      -1.341150
   -120.00     10.00       2.664200       0.121338       0.121338        36      35.0      36.0       0.409350   134.310    87.960  -174.440    0     119.851410      -1.341710
   -115.00    -15.00      26.003710       0.080988       0.080988        36      35.0      36.0       0.409350    -3.910     8.620  -117.570    0     119.930290      -1.293690
   -115.00    -10.00      21.335800       0.095309       0.095309        36      35.0      36.0       0.409350   210.610    77.730   -71.340    0     119.914200      -1.294260
   -115.00     -5.00      16.667900       0.085296       0.085296        36      35.0      36.0       0.409350   325.320    47.830  -159.000    0     119.898109      -1.294830
   -115.00      0.00      12.000000       0.092172       0.092172        36      35.0      36.0       0.409350   320.190    71.760  -177.810    0     119.882019      -1.295390
   -115.00      5.00       7.332100       0.101146       0.101146        36      35.0      36.0       0.409350   319.800    77.550   179.670    0     119.865929      -1.295960
   -115.00     10.00       2.664200       0.091265       0.091265        36      35.0      36.0       0.409350   139.590    87.240  -176.500    0     119.849838      -1.296520
   -110.00    -15.00      26.003710       0.074215       0.074215        36      35.0      36.0       0.409350   212.410    82.190   -86.540    0     119.928726      -1.248500
   -110.00    -10.00      21.335800       0.078318       0.078318        36      35.0      36.0       0.409350   219.830    74.250   -67.850    0     119.912643      -1.249070
   -110.00     -5.00      16.667900       0.072901       0.072901        36      35.0      36.0       0.409350   214.900    62.030   -59.940    0     119.896553      -1.249630
   -110.00      0.00      12.000000       0.074743       0.074743        36      35.0      36.0       0.409350   332.420    49.170  -153.920    0     119.880463      -1.250200
   -110.00      5.00       7.332100       0.069200       0.069200        36      35.0      36.0       0.409350   324.310    77.900   175.560    0     119.864372      -1.250760
   -110.00     10.00       2.664200       0.057857       0.057857        36      35.0      36.0       0.409350   145.960    81.080  -169.600    0     119.848282      -1.251330
   -105.00    -15.00      26.003710       0.066535       0.066535        36      35.0      36.0       0.409350   317.370     9.690   172.570    0     119.927162      -1.203310
   -105.00    -10.00      21.335800       0.045754       0.045754        36      35.0      36.0       0.409350   344.860    35.640  -157.700    0     119.911072      -1.203880
   -105.00     -5.00      16.667900       0.046197       0.046197        36      35.0      36.0       0.409350   213.720    54.930   -74.980    0     119.894981      -1.204440
   -105.00      0.00      12.000000       0.051237       0.051237        36      35.0      36.0       0.409350   218.050    67.540   -69.820    0     119.878891      -1.205010
   -105.00      5.00       7.332100       0.038578       0.038578        36      35.0      36.0       0.409350   153.350    68.980  -162.280    0     119.862801      -1.205570
   -105.00     10.00       2.664200       0.030714       0.030714        36      35.0      36.0       0.409350   156.910    53.620  -166.180    0     119.846710      -1.206140
   -100.00    -15.00      26.003710       0.039906       0.039906        36      35.0      36.0       0.409350    85.890    77.650    90.210    1     119.925591      -1.158120
   -100.00    -10.00      21.335800       0.009061       0.009061        36      35.0      36.0       0.409350    -6.080    14.910  -164.840    0     119.909500      -1.158690
   -100.00     -5.00      16.667900       0.004415       0.004415        36      35.0      36.0       0.409350   341.900    89.040   154.470    0     119.893410      -1.159250
   -100.00      0.00      12.000000       0.005852       0.005852        36      35.0      36.0       0.409350   215.400    36.920  -123.570    0     119.877319      -1.159820
   -100.00      5.00       7.332100       0.002839       0.002839        36      35.0      36.0       0.409350   177.110    75.130  -137.630    0     119.861229      -1.160380
   -100.00     10.00       2.664200       0.001276       0.001276        36      35.0      36.0       0.409350   347.340    83.150  -170.190    0     119.845207      -1.160950
    -95.00    -15.00      26.003710       0.000000       0.000000        36      35.0      36.0       0.409350   180.000    45.000    90.000    0     119.924026      -1.112930
    -95.00    -10.00      21.335800       0.000000       0.000000        36      35.0      36.0       0.409350   180.000    45.000    90.000    0     119.907944      -1.113500
    -95.00     -5.00      16.667900       0.000000       0.000000        36      35.0      36.0       0.409350   180.000    45.000    90.000    0     119.891853      -1.114060
    -95.00      0.00      12.000000       0.000000       0.000000        36      35.0      36.0       0.409350   180.000    45.000    90.000    0     119.875763      -1.114630
    -95.00      5.00       7.332100       0.000000       0.000000        36      35.0      36.0       0.409350   180.000    45.000    90.000    0     119.859673      -1.115190
    -95.00     10.00       2.664200       0.000000       0.000000        36      35.0      36.0       0.409350   180.000    45.000    90.000    0     119.843643      -1.115760
    -90.00    -15.00      26.003710       0.000000       0.000000        36      35.0      36.0       0.409350   180.000    45.000    90.000    0     119.922462      -1.067740
    -90.00    -10.00      21.335800       0.000000       0.000000        36      35.0      36.0       0.409350   180.000    45.000    90.000    0     119.906372      -1.068310
    -90.00     -5.00      16.667900       0.000000       0.000000        36      35.0      36.0       0.409350   180.000    45.000    90.000    0     119.890282      -1.068870
    -90.00      0.00      12.000000       0.000000       0.000000        36      35.0      36.0       0.409350   180.000    45.000    90.000    0     119.874191      -1.069440
    -90.00      5.00       7.332100       0.000000       0.000000        36      35.0      36.0       0.409350   180.000    45.000    90.000    0     119.858101      -1.070000
    -90.00     10.00       2.664200       0.000000       0.000000        36      35.0      36.0       0.409350   180.000    45.000    90.000    0     119.842072      -1.070570
    -85.00    -15.00      26.003710       0.000000       0.000000        36      35.0      36.0       0.409350   180.000    45.000    90.000    0     119.920891      -1.022550
    -85.00    -10.00      21.335800       0.000000       0.000000        36      35.0      36.0       0.409350   180.000    45.000    90.000    0     119.904800      -1.023120
    -85.00     -5.00      16.667900       0.000000       0.000000        36      35.0      36.0       0.409350   180.000    45.000    90.000    0     119.888710      -1.023680
    -85.00      0.00      12.000000       0.000000       0.000000        36      35.0      36.0       0.409350   180.000    45.000    90.000    0     119.872620      -1.024250
    -85.00      5.00       7.332100       0.000000       0.000000        36      35.0      36.0       0.409350   180.000    45.000    90.000    0     119.856537      -1.024810
    -85.00     10.00       2.664200       0.000000       0.000000        36      35.0      36.0       0.409350   180.000    45.000    90.000    0     119.840500      -1.025380
    -80.00    -15.00      26.003710       0.000000       0.000000        36      35.0      36.0       0.409350   180.000    45.000    90.000    0     119.919319      -0.977360
    -80.00    -10.00      21.335800       0.000000       0.000000        36      35.0      36.0       0.409350   180.000    45.000    90.000    0     119.903236      -0.977920
    -80.00     -5.00      16.667900       0.000000       0.000000        36      35.0      36.0       0.409350   180.000    45.000    90.000    0     119.887154      -0.978490
    -80.00      0.00      12.000000       0.000000       0.000000        36      35.0      36.0       0.409350   180.000    45.000    90.000    0     119.871063      -0.979050
    -80.00      5.00       7.332100       0.000000       0.000000        36      35.0      36.0       0.409350   180.000    45.000    90.000    0     119.854973      -0.979620
    -80.00     10.00       2.664200       0.000000       0.000000        36      35.0      36.0       0.409350   180.000    45.000    90.000    0     119.838928      -0.980190
    -75.00    -15.00      26.003710       0.000000       0.000000        36      35.0      36.0       0.409350   180.000    45.000    90.000    0     119.917763      -0.932170
    -75.00    -10.00      21.335800       0.000000       0.000000        36      35.0      36.0       0.409350   180.000    45.000    90.000    0     119.901672      -0.932730
    -75.00     -5.00      16.667900       0.000000       0.000000        36      35.0      36.0       0.409350   180.000    45.000    90.000    0     119.885582      -0.933300
    -75.00      0.00      12.000000       0.000000       0.000000        36      35.0      36.0       0.409350   180.000    45.000    90.000    0     119.869492      -0.933860
    -75.00      5.00       7.332100       0.000000       0.000000        36      35.0      36.0       0.409350   180.000    45.000    90.000    0     119.853401      -0.934430
    -75.00     10.00       2.664200       0.000000       0.000000        36      35.0      36.0       0.409350   180.000    45.000    90.000    0     119.837357      -0.934990
    -70.00    -15.00      26.003710       0.000000       0.000000        36      35.0      36.0       0.409350   180.000    45.000    90.000    0     119.916191      -0.886980
    -70.00    -10.00      21.335800       0.000000       0.000000        36      35.0      36.0       0.409350   180.000    45.000    90.000    0     119.900101      -0.887540
    -70.00     -5.00      16.667900       0.000000       0.000000        36      35.0      36.0       0.409350   180.000    45.000    90.000    0     119.884010      -0.888110
    -70.00      0.00      12.000000       0.000000       0.000000        36      35.0      36.0       0.409350   180.000    45.000    90.000    0     119.867928      -0.888670
    -70.00      5.00       7.332100       0.000000       0.000000        36      35.0      36.0       0.409350   180.000    45.000    90.000    0     119.851837      -0.889240
    -70.00     10.00       2.664200       0.000000       0.000000        36      35.0      36.0       0.409350   180.000    45.000    90.000    0     119.835793      -0.889800
    -65.00    -15.00      26.003710       0.000000       0.000000        36      35.0      36.0       0.409350   180.000    45.000    90.000    0     119.914619      -0.841790
    -65.00    -10.00      21.335800       0.000000       0.000000        36      35.0      36.0       0.409350   180.000    45.000    90.000    0     119.898537      -0.842350
    -65.00     -5.00      16.667900       0.000000       0.000000        36      35.0      36.0       0.409350   180.000    45.000    90.000    0     119.882446      -0.842920
    -65.00      0.00      12.000000       0.000000       0.000000        36      35.0      36.0       0.409350   180.000    45.000    90.000    0     119.866364      -0.843480
    -65.00      5.00       7.332100       0.000000       0.000000        36      35.0      36.0       0.409350   180.000    45.000    90.000    0     119.850273      -0.844050
    -65.00     10.00       2.664200       0.000000       0.000000        36      35.0      36.0       0.409350   180.000    45.000    90.000    0     119.834221      -0.844610
    -60.00    -15.00      26.003710       0.000000       0.000000        36      35.0      36.0       0.409350   180.000    45.000    90.000    0     119.913063      -0.796600
    -60.00    -10.00      21.335800       0.000000       0.000000        36      35.0      36.0       0.409350   180.000    45.000    90.000    0     119.896973      -0.797160
    -60.00     -5.00      16.667900       0.000000       0.000000        36      35.0      36.0       0.409350   180.000    45.000    90.000    0     119.880882      -0.797730
    -60.00      0.00      12.000000       0.000000       0.000000        36      35.0      36.0       0.409350   180.000    45.000    90.000    0     119.864792      -0.798290
    -60.00      5.00       7.332100       0.000000       0.000000        36      35.0      36.0       0.409350   180.000    45.000    90.000    0     119.848701      -0.798860
    -60.00     10.00       2.664200       0.000000       0.000000        36      35.0      36.0       0.409350   180.000    45.000    90.000    0     119.832657      -0.799420
    -55.00    -15.00      26.003710       0.000000       0.000000        36      35.0      36.0       0.409350   180.000    45.000    90.000    0     119.911491      -0.751410
    -55.00    -10.00      21.335800       0.000000       0.000000        36      35.0      36.0       0.409350   180.000    45.000    90.000    0     119.895401      -0.751970
    -55.00     -5.00      16.667900       0.000000       0.000000        36      35.0      36.0       0.409350   180.000    45.000    90.000    0     119.879311      -0.752540
    -55.00      0.00      12.000000       0.000000       0.000000        36      35.0      36.0       0.409350   180.000    45.000    90.000    0     119.863228      -0.753100
    -55.00      5.00       7.332100       0.000000       0.000000        36      35.0      36.0       0.409350   180.000    45.000    90.000    0     119.847137      -0.753670
    -55.00     10.00       2.664200       0.000000       0.000000        36      35.0      36.0       0.409350   180.000    45.000    90.000    0     119.831093      -0.754230
    -50.00    -15.00      26.003710       0.000000       0.000000        36      35.0      36.0       0.409350   180.000    45.000    90.000    0     119.909920      -0.706210
    -50.00    -10.00      21.335800       0.000000       0.000000        36      35.0      36.0       0.409350   180.000    45.000    90.000    0     119.893837      -0.706780
    -50.00     -5.00      16.667900       0.000000       0.000000        36      35.0      36.0       0.409350   180.000    45.000    90.000    0     119.877747      -0.707340
    -50.00      0.00      12.000000       0.000000       0.000000        36      35.0      36.0       0.409350   180.000    45.000    90.000    0     119.861656      -0.707910
    -50.00      5.00       7.332100       0.000000       0.000000        36      35.0      36.0       0.409350   180.000    45.000    90.000    0     119.845612      -0.708470
    -50.00     10.00       2.664200       0.000000       0.000000        36      35.0      36.0       0.409350   180.000    45.000    90.000    0     119.829521      -0.709040
    -45.00    -15.00      26.003710       0.000000       0.000000        36      35.0      36.0       0.409350   180.000    45.000    90.000    0     119.908363      -0.661020
    -45.00    -10.00      21.335800       0.000000       0.000000        36      35.0      36.0       0.409350   180.000    45.000    90.000    0     119.892273      -0.661590
    -45.00     -5.00      16.667900       0.000000       0.000000        36      35.0      36.0       0.409350   180.000    45.000    90.000    0     119.876183      -0.662150
    -45.00      0.00      12.000000       0.000000       0.000000        36      35.0      36.0       0.409350   180.000    45.000    90.000    0     119.860092      -0.662720
    -45.00      5.00       7.332100       0.000000       0.000000        36      35.0      36.0       0.409350   180.000    45.000    90.000    0     119.844040      -0.663280
    -45.00     10.00       2.664200       0.000000       0.000000        36      35.0      36.0       0.409350   180.000    45.000    90.000    0     119.827950      -0.663850
    -40.00    -15.00      26.003710       0.000000       0.000000        36      35.0      36.0       0.409350   180.000    45.000    90.000    0     119.906792      -0.615830
    -40.00    -10.00      21.335800       0.000000       0.000000        36      35.0      36.0       0.409350   180.000    45.000    90.000    0     119.890701      -0.616400
    -40.00     -5.00      16.667900       0.000000       0.000000        36      35.0      36.0       0.409350   180.000    45.000    90.000    0     119.874619      -0.616960
    -40.00      0.00      12.000000       0.000000       0.000000        36      35.0      36.0       0.409350   180.000    45.000    90.000    0     119.858528      -0.617530
    -40.00      5.00       7.332100       0.000000       0.000000        36      35.0      36.0       0.409350   180.000    45.000    90.000    0     119.842468      -0.618090
    -40.00     10.00       2.664200       0.000000       0.000000        36      35.0      36.0       0.409350   180.000    45.000    90.000    0     119.826378      -0.618660
    -35.00    -15.00      26.003710       0.000000       0.000000        36      35.0      36.0       0.409350   180.000    45.000    90.000    0     119.905220      -0.570640
    -35.00    -10.00      21.335800       0.000000       0.000000        36      35.0      36.0       0.409350   180.000    45.000    90.000    0     119.889137      -0.571210
    -35.00     -5.00      16.667900       0.000000       0.000000        36      35.0      36.0       0.409350   180.000    45.000    90.000    0     119.873047      -0.571770
    -35.00      0.00      12.000000       0.000000       0.000000        36      35.0      36.0       0.409350   180.000    45.000    90.000    0     119.856956      -0.572340
    -35.00      5.00       7.332100       0.000000       0.000000        36      35.0      36.0       0.409350   180.000    45.000    90.000    0     119.840897      -0.572900
    -35.00     10.00       2.664200       0.000000       0.000000        36      35.0      36.0       0.409350   180.000    45.000    90.000    0     119.824806      -0.573470
    -30.00    -15.00      26.003710       0.000000       0.000000        36      35.0      36.0       0.409350   180.000    45.000    90.000    0     119.903664      -0.525450
    -30.00    -10.00      21.335800       0.000000       0.000000        36      35.0      36.0       0.409350   180.000    45.000    90.000    0     119.887573      -0.526020
    -30.00     -5.00      16.667900       0.000000       0.000000        36      35.0      36.0       0.409350   180.000    45.000    90.000    0     119.871483      -0.526580
    -30.00      0.00      12.000000       0.000000       0.000000        36      35.0      36.0       0.409350   180.000    45.000    90.000    0     119.855400      -0.527150
    -30.00      5.00       7.332100       0.000000       0.000000        36      35.0      36.0       0.409350   180.000    45.000    90.000    0     119.839333      -0.527710
    -30.00     10.00       2.664200       0.000000       0.000000        36      35.0      36.0       0.409350   180.000    45.000    90.000    0     119.823242      -0.528280
    -25.00    -15.00      26.003710       0.000000       0.000000        36      35.0      36.0       0.409350   180.000    45.000    90.000    0     119.902092      -0.480260
    -25.00    -10.00      21.335800       0.000000       0.000000        36      35.0      36.0       0.409350   180.000    45.000    90.000    0     119.886002      -0.480820
    -25.00     -5.00      16.667900       0.000000       0.000000        36      35.0      36.0       0.409350   180.000    45.000    90.000    0     119.869919      -0.481390
    -25.00      0.00      12.000000       0.000000       0.000000        36      35.0      36.0       0.409350   180.000    45.000    90.000    0     119.853828      -0.481950
    -25.00      5.00       7.332100       0.000000       0.000000        36      35.0      36.0       0.409350   180.000    45.000    90.000    0     119.837761      -0.482520
    -25.00     10.00       2.664200       0.000000       0.000000        36      35.0      36.0       0.409350   180.000    45.000    90.000    0     119.821671      -0.483090
    -20.00    -15.00      26.003710       0.000000       0.000000        36      35.0      36.0       0.409350   180.000    45.000    90.000    0     119.900528      -0.435070
    -20.00    -10.00      21.335800       0.000000       0.000000        36      35.0      36.0       0.409350   180.000    45.000    90.000    0     119.884438      -0.435630
    -20.00     -5.00      16.667900       0.000000       0.000000        36      35.0      36.0       0.409350   180.000    45.000    90.000    0     119.868347      -0.436200
    -20.00      0.00      12.000000       0.000000       0.000000        36      35.0      36.0       0.409350   180.000    45.000    90.000    0     119.852257      -0.436760
    -20.00      5.00       7.332100       0.000000       0.000000        36      35.0      36.0       0.409350   180.000    45.000    90.000    0     119.836189      -0.437330
    -20.00     10.00       2.664200       0.000000       0.000000        36      35.0      36.0       0.409350   180.000    45.000    90.000    0     119.820099      -0.437900
    -15.00    -15.00      26.003710       0.000000       0.000000        36      35.0      36.0       0.409350   180.000    45.000    90.000    0     119.898956      -0.389880
    -15.00    -10.00      21.335800       0.000000       0.000000        36      35.0      36.0       0.409350   180.000    45.000    90.000    0     119.882874      -0.390440
    -15.00     -5.00      16.667900       0.000000       0.000000        36      35.0      36.0       0.409350   180.000    45.000    90.000    0     119.866791      -0.391010
    -15.00      0.00      12.000000       0.000000       0.000000        36      35.0      36.0       0.409350   180.000    45.000    90.000    0     119.850700      -0.391570
    -15.00      5.00       7.332100       0.000000       0.000000        36      35.0      36.0       0.409350   180.000    45.000    90.000    0     119.834618      -0.392140
    -15.00     10.00       2.664200       0.000000       0.000000        36      35.0      36.0       0.409350   180.000    45.000    90.000    0     119.818527      -0.392700
    -10.00    -15.00      26.003710       0.000000       0.000000        36      35.0      36.0       0.409350   180.000    45.000    90.000    0     119.897392      -0.344690
    -10.00    -10.00      21.335800       0.000000       0.000000        36      35.0      36.0       0.409350   180.000    45.000    90.000    0     119.881310      -0.345250
    -10.00     -5.00      16.667900       0.000000       0.000000        36      35.0      36.0       0.409350   180.000    45.000    90.000    0     119.865219      -0.345820
    -10.00      0.00      12.000000       0.000000       0.000000        36      35.0      36.0       0.409350   180.000    45.000    90.000    0     119.849129      -0.346380
    -10.00      5.00       7.332100       0.000000       0.000000        36      35.0      36.0       0.409350   180.000    45.000    90.000    0     119.833054      -0.346950
    -10.00     10.00       2.664200       0.000000       0.000000        36      35.0      36.0       0.409350   180.000    45.000    90.000    0     119.816963      -0.347510
     -5.00    -15.00      26.003710       0.000000       0.000000        36      35.0      36.0       0.409350   180.000    45.000    90.000    0     119.895828      -0.299500
     -5.00    -10.00      21.335800       0.000000       0.000000        36      35.0      36.0       0.409350   180.000    45.000    90.000    0     119.879738      -0.300060
     -5.00     -5.00      16.667900       0.000000       0.000000        36      35.0      36.0       0.409350   180.000    45.000    90.000    0     119.863647      -0.300630
     -5.00      0.00      12.000000       0.000000       0.000000        36      35.0      36.0       0.409350   180.000    45.000    90.000    0     119.847572      -0.301190
     -5.00      5.00       7.332100       0.000000       0.000000        36      35.0      36.0       0.409350   180.000    45.000    90.000    0     119.831482      -0.301760
     -5.00     10.00       2.664200       0.000000       0.000000        36      35.0      36.0       0.409350   180.000    45.000    90.000    0     119.815399      -0.302320
      0.00    -15.00      26.003710       0.000000       0.000000        36      35.0      36.0       0.409350   180.000    45.000    90.000    0     119.894257      -0.254300
      0.00    -10.00      21.335800       0.000000       0.000000        36      35.0      36.0       0.409350   180.000    45.000    90.000    0     119.878166      -0.254870
      0.00     -5.00      16.667900       0.000000       0.000000        36      35.0      36.0       0.409350   180.000    45.000    90.000    0     119.862091      -0.255430
      0.00      0.00      12.000000       0.000000       0.000000        36      35.0      36.0       0.409350   180.000    45.000    90.000    0     119.846001      -0.256000
      0.00      5.00       7.332100       0.000000       0.000000        36      35.0      36.0       0.409350   180.000    45.000    90.000    0     119.829910      -0.256570
      0.00     10.00       2.664200       0.000000       0.000000        36      35.0      36.0       0.409350   180.000    45.000    90.000    0     119.813828      -0.257130
      5.00    -15.00      26.003710       0.000000       0.000000        36      35.0      36.0       0.409350   180.000    45.000    90.000    0     119.892693      -0.209110
      5.00    -10.00      21.335800       0.000000       0.000000        36      35.0      36.0       0.409350   180.000    45.000    90.000    0     119.876602      -0.209680
      5.00     -5.00      16.667900       0.000000       0.000000        36      35.0      36.0       0.409350   180.000    45.000    90.000    0     119.860519      -0.210240
      5.00      0.00      12.000000       0.000000       0.000000        36      35.0      36.0       0.409350   180.000    45.000    90.000    0     119.844429      -0.210810
      5.00      5.00       7.332100       0.000000       0.000000        36      35.0      36.0       0.409350   180.000    45.000    90.000    0     119.828346      -0.211370
      5.00     10.00       2.664200       0.000000       0.000000        36      35.0      36.0       0.409350   180.000    45.000    90.000    0     119.812263      -0.211940
     10.00    -15.00      26.003710       0.000000       0.000000        36      35.0      36.0       0.409350   180.000    45.000    90.000    0     119.891121      -0.163920
     10.00    -10.00      21.335800       0.000000       0.000000        36      35.0      36.0       0.409350   180.000    45.000    90.000    0     119.875038      -0.164490
     10.00     -5.00      16.667900       0.000000       0.000000        36      35.0      36.0       0.409350   180.000    45.000    90.000    0     119.858948      -0.165050
     10.00      0.00      12.000000       0.000000       0.000000        36      35.0      36.0       0.409350   180.000    45.000    90.000    0     119.842873      -0.165620
     10.00      5.00       7.332100       0.000000       0.000000        36      35.0      36.0       0.409350   180.000    45.000    90.000    0     119.826782      -0.166180
     10.00     10.00       2.664200       0.000000       0.000000        36      35.0      36.0       0.409350   180.000    45.000    90.000    0     119.810692      -0.166750
     15.00    -15.00      26.003710       0.000000       0.000000        36      35.0      36.0       0.409350   180.000    45.000    90.000    0     119.889549      -0.118730
     15.00    -10.00      21.335800       0.000000       0.000000        36      35.0      36.0       0.409350   180.000    45.000    90.000    0     119.873466      -0.119300
     15.00     -5.00      16.667900       0.000000       0.000000        36      35.0      36.0       0.409350   180.000    45.000    90.000    0     119.857384      -0.119860
     15.00      0.00      12.000000       0.000000       0.000000        36      35.0      36.0       0.409350   180.000    45.000    90.000    0     119.841301      -0.120430
     15.00      5.00       7.332100       0.000000       0.000000        36      35.0      36.0       0.409350   180.000    45.000    90.000    0     119.825218      -0.120990
     15.00     10.00       2.664200       0.000000       0.000000        36      35.0      36.0       0.409350   180.000    45.000    90.000    0     119.809128      -0.121560
     20.00    -15.00      26.003710       0.000000       0.000000        36      35.0      36.0       0.409350   180.000    45.000    90.000    0     119.887978      -0.073540
     20.00    -10.00      21.335800       0.000000       0.000000        36      35.0      36.0       0.409350   180.000    45.000    90.000    0     119.871902      -0.074100
     20.00     -5.00      16.667900       0.000000       0.000000        36      35.0      36.0       0.409350   180.000    45.000    90.000    0     119.855812      -0.074670
     20.00      0.00      12.000000       0.000000       0.000000        36      35.0      36.0       0.409350   180.000    45.000    90.000    0     119.839737      -0.075240
     20.00      5.00       7.332100       0.000000       0.000000        36      35.0      36.0       0.409350   180.000    45.000    90.000    0     119.823647      -0.075800
     20.00     10.00       2.664200       0.000000       0.000000        36      35.0      36.0       0.409350   180.000    45.000    90.000    0     119.807564      -0.076370
     25.00    -15.00      26.003710       0.000000       0.000000        36      35.0      36.0       0.409350   180.000    45.000    90.000    0     119.886414      -0.028350
     25.00    -10.00      21.335800       0.000000       0.000000        36      35.0      36.0       0.409350   180.000    45.000    90.000    0     119.870331      -0.028910
     25.00     -5.00      16.667900       0.000000       0.000000        36      35.0      36.0       0.409350   180.000    45.000    90.000    0     119.854240      -0.029480
     25.00      0.00      12.000000       0.000000       0.000000        36      35.0      36.0       0.409350   180.000    45.000    90.000    0     119.838173      -0.030050
     25.00      5.00       7.332100       0.000000       0.000000        36      35.0      36.0       0.409350   180.000    45.000    90.000    0     119.822083      -0.030610
     25.00     10.00       2.664200       0.000000       0.000000        36      35.0      36.0       0.409350   180.000    45.000    90.000    0     119.806000      -0.031180
     30.00    -15.00      26.003710       0.000000       0.000000        36      35.0      36.0       0.409350   180.000    45.000    90.000    0     119.884850       0.016840
     30.00    -10.00      21.335800       0.000000       0.000000        36      35.0      36.0       0.409350   180.000    45.000    90.000    0     119.868759       0.016280
     30.00     -5.00      16.667900       0.000000       0.000000        36      35.0      36.0       0.409350   180.000    45.000    90.000    0     119.852669       0.015710
     30.00      0.00      12.000000       0.000000       0.000000        36      35.0      36.0       0.409350   180.000    45.000    90.000    0     119.836601       0.015150
     30.00      5.00       7.332100       0.000000       0.000000        36      35.0      36.0       0.409350   180.000    45.000    90.000    0     119.820518       0.014580
     30.00     10.00       2.664200       0.000000       0.000000        36      35.0      36.0       0.409350   180.000    45.000    90.000    0     119.804428       0.014020
     35.00    -15.00      26.003710       0.000000       0.000000        36      35.0      36.0       0.409350   180.000    45.000    90.000    0     119.883278       0.062030
     35.00    -10.00      21.335800       0.000000       0.000000        36      35.0      36.0       0.409350   180.000    45.000    90.000    0     119.867188       0.061470
     35.00     -5.00      16.667900       0.000000       0.000000        36      35.0      36.0       0.409350   180.000    45.000    90.000    0     119.851097       0.060900
     35.00      0.00      12.000000       0.000000       0.000000        36      35.0      36.0       0.409350   180.000    45.000    90.000    0     119.835037       0.060340
     35.00      5.00       7.332100       0.000000       0.000000        36      35.0      36.0       0.409350   180.000    45.000    90.000    0     119.818947       0.059770
     35.00     10.00       2.664200       0.000000       0.000000        36      35.0      36.0       0.409350   180.000    45.000    90.000    0     119.802856       0.059210
     40.00    -15.00      26.003710       0.000000       0.000000        36      35.0      36.0       0.409350   180.000    45.000    90.000    0     119.881706       0.107230
     40.00    -10.00      21.335800       0.000000       0.000000        36      35.0      36.0       0.409350   180.000    45.000    90.000    0     119.865623       0.106660
     40.00     -5.00      16.667900       0.000000       0.000000        36      35.0      36.0       0.409350   180.000    45.000    90.000    0     119.849533       0.106090
     40.00      0.00      12.000000       0.000000       0.000000        36      35.0      36.0       0.409350   180.000    45.000    90.000    0     119.833473       0.105530
     40.00      5.00       7.332100       0.000000       0.000000        36      35.0      36.0       0.409350   180.000    45.000    90.000    0     119.817390       0.104960
     40.00     10.00       2.664200       0.000000       0.000000        36      35.0      36.0       0.409350   180.000    45.000    90.000    0     119.801300       0.104400
     45.00    -15.00      26.003710       0.000000       0.000000        36      35.0      36.0       0.409350   180.000    45.000    90.000    0     119.880142       0.152420
     45.00    -10.00      21.335800       0.000000       0.000000        36      35.0      36.0       0.409350   180.000    45.000    90.000    0     119.864052       0.151850
     45.00     -5.00      16.667900       0.000000       0.000000        36      35.0      36.0       0.409350   180.000    45.000    90.000    0     119.847961       0.151280
     45.00      0.00      12.000000       0.000000       0.000000        36      35.0      36.0       0.409350   180.000    45.000    90.000    0     119.831909       0.150720
     45.00      5.00       7.332100       0.000000       0.000000        36      35.0      36.0       0.409350   180.000    45.000    90.000    0     119.815819       0.150150
     45.00     10.00       2.664200       0.000000       0.000000        36      35.0      36.0       0.409350   180.000    45.000    90.000    0     119.799728       0.149590
     50.00    -15.00      26.003710       0.000000       0.000000        36      35.0      36.0       0.409350   180.000    45.000    90.000    0     119.878571       0.197610
     50.00    -10.00      21.335800       0.000000       0.000000        36      35.0      36.0       0.409350   180.000    45.000    90.000    0     119.862480       0.197040
     50.00     -5.00      16.667900       0.000000       0.000000        36      35.0      36.0       0.409350   180.000    45.000    90.000    0     119.846390       0.196470
     50.00      0.00      12.000000       0.000000       0.000000        36      35.0      36.0       0.409350   180.000    45.000    90.000    0     119.830338       0.195910
     50.00      5.00       7.332100       0.000000       0.000000        36      35.0      36.0       0.409350   180.000    45.000    90.000    0     119.814247       0.195340
     50.00     10.00       2.664200       0.000000       0.000000        36      35.0      36.0       0.409350   180.000    45.000    90.000    0     119.798172       0.194780
