      xloc      yloc          depth         ave SR         max SR         #     start       end     max SR all       str       dip      rake flag
   -185.00    -15.00      26.003710       0.000000       0.000000        17      16.0      17.0       0.409350   180.000    45.000    90.000    0     119.952240      -1.926360
   -185.00    -10.00      21.335800       0.000000       0.000000        17      16.0      17.0       0.409350   180.000    45.000    90.000    0     119.936150      -1.926930
   -185.00     -5.00      16.667900       0.000000       0.000000        17      16.0      17.0       0.409350   180.000    45.000    90.000    0     119.920059      -1.927490
   -185.00      0.00      12.000000       0.000000       0.000000        17      16.0      17.0       0.409350   180.000    45.000    90.000    0     119.903961      -1.928060
   -185.00      5.00       7.332100       0.000000       0.000000        17      16.0      17.0       0.409350   180.000    45.000    90.000    0     119.887871      -1.928620
   -185.00     10.00       2.664200       0.000000       0.000000        17      16.0      17.0       0.409350   180.000    45.000    90.000    0     119.871780      -1.929190
   -180.00    -15.00      26.003710       0.000000       0.000000        17      16.0      17.0       0.409350   180.000    45.000    90.000    0     119.950684      -1.881170
   -180.00    -10.00      21.335800       0.000000       0.000000        17      16.0      17.0       0.409350   180.000    45.000    90.000    0     119.934578      -1.881740
   -180.00     -5.00      16.667900       0.000000       0.000000        17      16.0      17.0       0.409350   180.000    45.000    90.000    0     119.918488      -1.882300
   -180.00      0.00      12.000000       0.000000       0.000000        17      16.0      17.0       0.409350   180.000    45.000    90.000    0     119.902397      -1.882870
   -180.00      5.00       7.332100       0.000000       0.000000        17      16.0      17.0       0.409350   180.000    45.000    90.000    0     119.886299      -1.883430
   -180.00     10.00       2.664200       0.000000       0.000000        17      16.0      17.0       0.409350   180.000    45.000    90.000    0     119.870209      -1.884000
   -175.00    -15.00      26.003710       0.000000       0.000000        17      16.0      17.0       0.409350   180.000    45.000    90.000    0     119.949112      -1.835980
   -175.00    -10.00      21.335800       0.000000       0.000000        17      16.0      17.0       0.409350   180.000    45.000    90.000    0     119.933006      -1.836550
   -175.00     -5.00      16.667900       0.000000       0.000000        17      16.0      17.0       0.409350   180.000    45.000    90.000    0     119.916924      -1.837110
   -175.00      0.00      12.000000       0.000000       0.000000        17      16.0      17.0       0.409350   180.000    45.000    90.000    0     119.900833      -1.837680
   -175.00      5.00       7.332100       0.000000       0.000000        17      16.0      17.0       0.409350   180.000    45.000    90.000    0     119.884743      -1.838240
   -175.00     10.00       2.664200       0.000000       0.000000        17      16.0      17.0       0.409350   180.000    45.000    90.000    0     119.868637      -1.838810
   -170.00    -15.00      26.003710       0.000000       0.000000        17      16.0      17.0       0.409350   180.000    45.000    90.000    0     119.947540      -1.790790
   -170.00    -10.00      21.335800       0.000000       0.000000        17      16.0      17.0       0.409350   180.000    45.000    90.000    0     119.931450      -1.791360
   -170.00     -5.00      16.667900       0.000000       0.000000        17      16.0      17.0       0.409350   180.000    45.000    90.000    0     119.915352      -1.791920
   -170.00      0.00      12.000000       0.000000       0.000000        17      16.0      17.0       0.409350   180.000    45.000    90.000    0     119.899261      -1.792490
   -170.00      5.00       7.332100       0.000000       0.000000        17      16.0      17.0       0.409350   180.000    45.000    90.000    0     119.883171      -1.793050
   -170.00     10.00       2.664200       0.000000       0.000000        17      16.0      17.0       0.409350   180.000    45.000    90.000    0     119.867081      -1.793620
   -165.00    -15.00      26.003710       0.000000       0.000000        17      16.0      17.0       0.409350   180.000    45.000    90.000    0     119.945969      -1.745600
   -165.00    -10.00      21.335800       0.000000       0.000000        17      16.0      17.0       0.409350   180.000    45.000    90.000    0     119.929878      -1.746170
   -165.00     -5.00      16.667900       0.000000       0.000000        17      16.0      17.0       0.409350   180.000    45.000    90.000    0     119.913788      -1.746730
   -165.00      0.00      12.000000       0.000000       0.000000        17      16.0      17.0       0.409350   180.000    45.000    90.000    0     119.897690      -1.747300
   -165.00      5.00       7.332100       0.000000       0.000000        17      16.0      17.0       0.409350   180.000    45.000    90.000    0     119.881599      -1.747860
   -165.00     10.00       2.664200       0.000000       0.000000        17      16.0      17.0       0.409350   180.000    45.000    90.000    0     119.865509      -1.748430
   -160.00    -15.00      26.003710       0.000000       0.000000        17      16.0      17.0       0.409350   180.000    45.000    90.000    0     119.944397      -1.700410
   -160.00    -10.00      21.335800       0.000000       0.000000        17      16.0      17.0       0.409350   180.000    45.000    90.000    0     119.928307      -1.700980
   -160.00     -5.00      16.667900       0.000000       0.000000        17      16.0      17.0       0.409350   180.000    45.000    90.000    0     119.912216      -1.701540
   -160.00      0.00      12.000000       0.000000       0.000000        17      16.0      17.0       0.409350   180.000    45.000    90.000    0     119.896133      -1.702110
   -160.00      5.00       7.332100       0.000000       0.000000        17      16.0      17.0       0.409350   180.000    45.000    90.000    0     119.880028      -1.702670
   -160.00     10.00       2.664200       0.000000       0.000000        17      16.0      17.0       0.409350   180.000    45.000    90.000    0     119.863937      -1.703240
   -155.00    -15.00      26.003710       0.000000       0.000000        17      16.0      17.0       0.409350   180.000    45.000    90.000    0     119.942841      -1.655220
   -155.00    -10.00      21.335800       0.000000       0.000000        17      16.0      17.0       0.409350   180.000    45.000    90.000    0     119.926743      -1.655790
   -155.00     -5.00      16.667900       0.000000       0.000000        17      16.0      17.0       0.409350   180.000    45.000    90.000    0     119.910652      -1.656350
   -155.00      0.00      12.000000       0.000000       0.000000        17      16.0      17.0       0.409350   180.000    45.000    90.000    0     119.894562      -1.656920
   -155.00      5.00       7.332100       0.000000       0.000000        17      16.0      17.0       0.409350   180.000    45.000    90.000    0     119.878471      -1.657480
   -155.00     10.00       2.664200       0.000000       0.000000        17      16.0      17.0       0.409350   180.000    45.000    90.000    0     119.862373      -1.658050
   -150.00    -15.00      26.003710       0.000000       0.000000        17      16.0      17.0       0.409350   180.000    45.000    90.000    0     119.941269      -1.610030
   -150.00    -10.00      21.335800       0.000000       0.000000        17      16.0      17.0       0.409350   180.000    45.000    90.000    0     119.925179      -1.610590
   -150.00     -5.00      16.667900       0.000000       0.000000        17      16.0      17.0       0.409350   180.000    45.000    90.000    0     119.909081      -1.611160
   -150.00      0.00      12.000000       0.000000       0.000000        17      16.0      17.0       0.409350   180.000    45.000    90.000    0     119.892990      -1.611730
   -150.00      5.00       7.332100       0.000000       0.000000        17      16.0      17.0       0.409350   180.000    45.000    90.000    0     119.876900      -1.612290
   -150.00     10.00       2.664200       0.000000       0.000000        17      16.0      17.0       0.409350   180.000    45.000    90.000    0     119.860809      -1.612860
   -145.00    -15.00      26.003710       0.000000       0.000000        17      16.0      17.0       0.409350   180.000    45.000    90.000    0     119.939697      -1.564840
   -145.00    -10.00      21.335800       0.000000       0.000000        17      16.0      17.0       0.409350   180.000    45.000    90.000    0     119.923607      -1.565400
   -145.00     -5.00      16.667900       0.000000       0.000000        17      16.0      17.0       0.409350   180.000    45.000    90.000    0     119.907516      -1.565970
   -145.00      0.00      12.000000       0.000000       0.000000        17      16.0      17.0       0.409350   180.000    45.000    90.000    0     119.891418      -1.566530
   -145.00      5.00       7.332100       0.000000       0.000000        17      16.0      17.0       0.409350   180.000    45.000    90.000    0     119.875328      -1.567100
   -145.00     10.00       2.664200       0.000000       0.000000        17      16.0      17.0       0.409350   180.000    45.000    90.000    0     119.859238      -1.567660
   -140.00    -15.00      26.003710       0.000000       0.000000        17      16.0      17.0       0.409350   180.000    45.000    90.000    0     119.938133      -1.519650
   -140.00    -10.00      21.335800       0.000000       0.000000        17      16.0      17.0       0.409350   180.000    45.000    90.000    0     119.922043      -1.520210
   -140.00     -5.00      16.667900       0.000000       0.000000        17      16.0      17.0       0.409350   180.000    45.000    90.000    0     119.905952      -1.520780
   -140.00      0.00      12.000000       0.000000       0.000000        17      16.0      17.0       0.409350   180.000    45.000    90.000    0     119.889862      -1.521340
   -140.00      5.00       7.332100       0.000000       0.000000        17      16.0      17.0       0.409350   180.000    45.000    90.000    0     119.873772      -1.521910
   -140.00     10.00       2.664200       0.000000       0.000000        17      16.0      17.0       0.409350   180.000    45.000    90.000    0     119.857681      -1.522470
   -135.00    -15.00      26.003710       0.000000       0.000000        17      16.0      17.0       0.409350   180.000    45.000    90.000    0     119.936562      -1.474460
   -135.00    -10.00      21.335800       0.000000       0.000000        17      16.0      17.0       0.409350   180.000    45.000    90.000    0     119.920471      -1.475020
   -135.00     -5.00      16.667900       0.000000       0.000000        17      16.0      17.0       0.409350   180.000    45.000    90.000    0     119.904381      -1.475590
   -135.00      0.00      12.000000       0.000000       0.000000        17      16.0      17.0       0.409350   180.000    45.000    90.000    0     119.888290      -1.476150
   -135.00      5.00       7.332100       0.000000       0.000000        17      16.0      17.0       0.409350   180.000    45.000    90.000    0     119.872200      -1.476720
   -135.00     10.00       2.664200       0.000000       0.000000        17      16.0      17.0       0.409350   180.000    45.000    90.000    0     119.856110      -1.477280
   -130.00    -15.00      26.003710       0.000000       0.000000        17      16.0      17.0       0.409350   180.000    45.000    90.000    0     119.934998      -1.429270
   -130.00    -10.00      21.335800       0.000000       0.000000        17      16.0      17.0       0.409350   180.000    45.000    90.000    0     119.918907      -1.429830
   -130.00     -5.00      16.667900       0.000000       0.000000        17      16.0      17.0       0.409350   180.000    45.000    90.000    0     119.902809      -1.430400
   -130.00      0.00      12.000000       0.000000       0.000000        17      16.0      17.0       0.409350   180.000    45.000    90.000    0     119.886719      -1.430960
   -130.00      5.00       7.332100       0.000000       0.000000        17      16.0      17.0       0.409350   180.000    45.000    90.000    0     119.870628      -1.431530
   -130.00     10.00       2.664200       0.000000       0.000000        17      16.0      17.0       0.409350   180.000    45.000    90.000    0     119.854538      -1.432090
   -125.00    -15.00      26.003710       0.000000       0.000000        17      16.0      17.0       0.409350   180.000    45.000    90.000    0     119.933434      -1.384080
   -125.00    -10.00      21.335800       0.000000       0.000000        17      16.0      17.0       0.409350   180.000    45.000    90.000    0     119.917343      -1.384640
   -125.00     -5.00      16.667900       0.000000       0.000000        17      16.0      17.0       0.409350   180.000    45.000    90.000    0     119.901253      -1.385210
   -125.00      0.00      12.000000       0.000000       0.000000        17      16.0      17.0       0.409350   180.000    45.000    90.000    0     119.885162      -1.385770
   -125.00      5.00       7.332100       0.000000       0.000000        17      16.0      17.0       0.409350   180.000    45.000    90.000    0     119.869072      -1.386340
   -125.00     10.00       2.664200       0.000000       0.000000        17      16.0      17.0       0.409350   180.000    45.000    90.000    0     119.852982      -1.386900
   -120.00    -15.00      26.003710       0.000000       0.000000        17      16.0      17.0       0.409350   180.000    45.000    90.000    0     119.931862      -1.338890
   -120.00    -10.00      21.335800       0.000000       0.000000        17      16.0      17.0       0.409350   180.000    45.000    90.000    0     119.915771      -1.339450
   -120.00     -5.00      16.667900       0.000000       0.000000        17      16.0      17.0       0.409350   180.000    45.000    90.000    0     119.899681      -1.340020
   -120.00      0.00      12.000000       0.000000       0.000000        17      16.0      17.0       0.409350   180.000    45.000    90.000    0     119.883591      -1.340580
   -120.00      5.00       7.332100       0.000000       0.000000        17      16.0      17.0       0.409350   180.000    45.000    90.000    0     119.867500      -1.341150
   -120.00     10.00       2.664200       0.000000       0.000000        17      16.0      17.0       0.409350   180.000    45.000    90.000    0     119.851410      -1.341710
   -115.00    -15.00      26.003710       0.000000       0.000000        17      16.0      17.0       0.409350   180.000    45.000    90.000    0     119.930290      -1.293690
   -115.00    -10.00      21.335800       0.000000       0.000000        17      16.0      17.0       0.409350   180.000    45.000    90.000    0     119.914200      -1.294260
   -115.00     -5.00      16.667900       0.000000       0.000000        17      16.0      17.0       0.409350   180.000    45.000    90.000    0     119.898109      -1.294830
   -115.00      0.00      12.000000       0.000000       0.000000        17      16.0      17.0       0.409350   180.000    45.000    90.000    0     119.882019      -1.295390
   -115.00      5.00       7.332100       0.000000       0.000000        17      16.0      17.0       0.409350   180.000    45.000    90.000    0     119.865929      -1.295960
   -115.00     10.00       2.664200       0.000000       0.000000        17      16.0      17.0       0.409350   180.000    45.000    90.000    0     119.849838      -1.296520
   -110.00    -15.00      26.003710       0.000000       0.000000        17      16.0      17.0       0.409350   180.000    45.000    90.000    0     119.928726      -1.248500
   -110.00    -10.00      21.335800       0.000000       0.000000        17      16.0      17.0       0.409350   180.000    45.000    90.000    0     119.912643      -1.249070
   -110.00     -5.00      16.667900       0.000000       0.000000        17      16.0      17.0       0.409350   180.000    45.000    90.000    0     119.896553      -1.249630
   -110.00      0.00      12.000000       0.000000       0.000000        17      16.0      17.0       0.409350   180.000    45.000    90.000    0     119.880463      -1.250200
   -110.00      5.00       7.332100       0.000000       0.000000        17      16.0      17.0       0.409350   180.000    45.000    90.000    0     119.864372      -1.250760
   -110.00     10.00       2.664200       0.000000       0.000000        17      16.0      17.0       0.409350   180.000    45.000    90.000    0     119.848282      -1.251330
   -105.00    -15.00      26.003710       0.020734       0.020734        17      16.0      17.0       0.409350    72.950    63.680    72.110    1     119.927162      -1.203310
   -105.00    -10.00      21.335800       0.009176       0.009176        17      16.0      17.0       0.409350   188.790    70.280    -2.310    0     119.911072      -1.203880
   -105.00     -5.00      16.667900       0.018982       0.018982        17      16.0      17.0       0.409350    95.010    70.500   110.600    1     119.894981      -1.204440
   -105.00      0.00      12.000000       0.009286       0.009286        17      16.0      17.0       0.409350   177.470    52.390   -36.530    0     119.878891      -1.205010
   -105.00      5.00       7.332100       0.013409       0.013409        17      16.0      17.0       0.409350   196.400    44.440     0.080    0     119.862801      -1.205570
   -105.00     10.00       2.664200       0.008976       0.008976        17      16.0      17.0       0.409350   202.600    73.020     8.820    0     119.846710      -1.206140
   -100.00    -15.00      26.003710       0.056911       0.056911        17      16.0      17.0       0.409350   210.530    85.560    68.650    0     119.925591      -1.158120
   -100.00    -10.00      21.335800       0.071573       0.071573        17      16.0      17.0       0.409350   219.020    63.450    50.090    0     119.909500      -1.158690
   -100.00     -5.00      16.667900       0.074912       0.074912        17      16.0      17.0       0.409350    35.630    76.590    57.970    0     119.893410      -1.159250
   -100.00      0.00      12.000000       0.055869       0.055869        17      16.0      17.0       0.409350   190.650    73.980    -9.560    0     119.877319      -1.159820
   -100.00      5.00       7.332100       0.053614       0.053614        17      16.0      17.0       0.409350   358.350    74.760   -39.630    0     119.861229      -1.160380
   -100.00     10.00       2.664200       0.061500       0.061500        17      16.0      17.0       0.409350     5.280    77.820   -42.420    0     119.845207      -1.160950
    -95.00    -15.00      26.003710       0.054993       0.054993        17      16.0      17.0       0.409350     9.110    88.670   -62.900    0     119.924026      -1.112930
    -95.00    -10.00      21.335800       0.077238       0.077238        17      16.0      17.0       0.409350   208.300    70.970    38.170    0     119.907944      -1.113500
    -95.00     -5.00      16.667900       0.085369       0.085369        17      16.0      17.0       0.409350    20.630    75.990    23.110    0     119.891853      -1.114060
    -95.00      0.00      12.000000       0.072767       0.072767        17      16.0      17.0       0.409350   187.870    84.290     5.270    0     119.875763      -1.114630
    -95.00      5.00       7.332100       0.106115       0.106115        17      16.0      17.0       0.409350   345.810    66.140   -44.360    0     119.859673      -1.115190
    -95.00     10.00       2.664200       0.115874       0.115874        17      16.0      17.0       0.409350   354.480    68.080   -41.170    0     119.843643      -1.115760
    -90.00    -15.00      26.003710       0.055046       0.055046        17      16.0      17.0       0.409350   181.100    88.310    55.630    0     119.922462      -1.067740
    -90.00    -10.00      21.335800       0.086890       0.086890        17      16.0      17.0       0.409350    11.590    89.660   -38.640    0     119.906372      -1.068310
    -90.00     -5.00      16.667900       0.100179       0.100179        17      16.0      17.0       0.409350     4.160    64.080    -9.610    0     119.890282      -1.068870
    -90.00      0.00      12.000000       0.118509       0.118509        17      16.0      17.0       0.409350   351.910    59.940   -26.300    0     119.874191      -1.069440
    -90.00      5.00       7.332100       0.158532       0.158532        17      16.0      17.0       0.409350   343.390    58.010   -35.980    0     119.858101      -1.070000
    -90.00     10.00       2.664200       0.173889       0.173889        17      16.0      17.0       0.409350   345.580    55.300   -32.900    0     119.842072      -1.070570
    -85.00    -15.00      26.003710       0.064171       0.064171        17      16.0      17.0       0.409350   176.190    85.670    53.130    0     119.920891      -1.022550
    -85.00    -10.00      21.335800       0.098502       0.098502        17      16.0      17.0       0.409350     0.540    82.390   -35.640    0     119.904800      -1.023120
    -85.00     -5.00      16.667900       0.134454       0.134454        17      16.0      17.0       0.409350   351.610    54.640   -18.260    0     119.888710      -1.023680
    -85.00      0.00      12.000000       0.173823       0.173823        17      16.0      17.0       0.409350   341.880    48.520   -25.870    0     119.872620      -1.024250
    -85.00      5.00       7.332100       0.211511       0.211511        17      16.0      17.0       0.409350   338.970    50.500   -30.600    0     119.856537      -1.024810
    -85.00     10.00       2.664200       0.230850       0.230850        17      16.0      17.0       0.409350   338.760    47.560   -29.670    0     119.840500      -1.025380
    -80.00    -15.00      26.003710       0.071705       0.071705        17      16.0      17.0       0.409350   173.200    87.240    51.500    0     119.919319      -0.977360
    -80.00    -10.00      21.335800       0.105734       0.105734        17      16.0      17.0       0.409350   354.630    81.260   -32.430    0     119.903236      -0.977920
    -80.00     -5.00      16.667900       0.158130       0.158130        17      16.0      17.0       0.409350   344.590    53.870   -20.540    0     119.887154      -0.978490
    -80.00      0.00      12.000000       0.209428       0.209428        17      16.0      17.0       0.409350   338.440    46.990   -25.590    0     119.871063      -0.979050
    -80.00      5.00       7.332100       0.253787       0.253787        17      16.0      17.0       0.409350   335.480    46.550   -28.450    0     119.854973      -0.979620
    -80.00     10.00       2.664200       0.275004       0.275004        17      16.0      17.0       0.409350   334.930    44.870   -28.820    0     119.838928      -0.980190
    -75.00    -15.00      26.003710       0.074613       0.074613        17      16.0      17.0       0.409350   171.880    88.500    48.280    0     119.917763      -0.932170
    -75.00    -10.00      21.335800       0.111003       0.111003        17      16.0      17.0       0.409350   351.130    83.080   -29.600    0     119.901672      -0.932730
    -75.00     -5.00      16.667900       0.169927       0.169927        17      16.0      17.0       0.409350   341.660    55.860   -19.160    0     119.885582      -0.933300
    -75.00      0.00      12.000000       0.230257       0.230257        17      16.0      17.0       0.409350   337.390    48.390   -24.220    0     119.869492      -0.933860
    -75.00      5.00       7.332100       0.273413       0.273413        17      16.0      17.0       0.409350   333.990    46.780   -28.000    0     119.853401      -0.934430
    -75.00     10.00       2.664200       0.295905       0.295905        17      16.0      17.0       0.409350   333.310    45.620   -28.720    0     119.837357      -0.934990
    -70.00    -15.00      26.003710       0.072912       0.072912        17      16.0      17.0       0.409350   170.120    87.570    42.580    0     119.916191      -0.886980
    -70.00    -10.00      21.335800       0.115371       0.115371        17      16.0      17.0       0.409350   346.710    82.400   -24.310    0     119.900101      -0.887540
    -70.00     -5.00      16.667900       0.172170       0.172170        17      16.0      17.0       0.409350   341.400    60.820   -15.490    0     119.884010      -0.888110
    -70.00      0.00      12.000000       0.233331       0.233331        17      16.0      17.0       0.409350   337.760    52.490   -21.850    0     119.867928      -0.888670
    -70.00      5.00       7.332100       0.279849       0.279849        17      16.0      17.0       0.409350   333.270    48.490   -27.550    0     119.851837      -0.889240
    -70.00     10.00       2.664200       0.300597       0.300597        17      16.0      17.0       0.409350   332.830    47.750   -28.110    0     119.835793      -0.889800
    -65.00    -15.00      26.003710       0.067977       0.067977        17      16.0      17.0       0.409350   170.020    83.790    33.860    0     119.914619      -0.841790
    -65.00    -10.00      21.335800       0.116455       0.116455        17      16.0      17.0       0.409350   345.570    88.700   -18.710    0     119.898537      -0.842350
    -65.00     -5.00      16.667900       0.170969       0.170969        17      16.0      17.0       0.409350   342.400    69.600   -10.210    0     119.882446      -0.842920
    -65.00      0.00      12.000000       0.231174       0.231174        17      16.0      17.0       0.409350   338.390    57.780   -17.940    0     119.866364      -0.843480
    -65.00      5.00       7.332100       0.273899       0.273899        17      16.0      17.0       0.409350   333.800    51.820   -25.450    0     119.850273      -0.844050
    -65.00     10.00       2.664200       0.294142       0.294142        17      16.0      17.0       0.409350   333.270    50.760   -26.270    0     119.834221      -0.844610
    -60.00    -15.00      26.003710       0.062979       0.062979        17      16.0      17.0       0.409350   165.520    88.740    24.220    0     119.913063      -0.796600
    -60.00    -10.00      21.335800       0.117195       0.117195        17      16.0      17.0       0.409350   164.330    86.160    10.420    0     119.896973      -0.797160
    -60.00     -5.00      16.667900       0.171937       0.171937        17      16.0      17.0       0.409350   342.820    81.750    -2.680    0     119.880882      -0.797730
    -60.00      0.00      12.000000       0.218931       0.218931        17      16.0      17.0       0.409350   340.200    68.850   -10.090    0     119.864792      -0.798290
    -60.00      5.00       7.332100       0.261232       0.261232        17      16.0      17.0       0.409350   335.330    57.630   -20.700    0     119.848701      -0.798860
    -60.00     10.00       2.664200       0.280946       0.280946        17      16.0      17.0       0.409350   334.360    55.350   -22.930    0     119.832657      -0.799420
    -55.00    -15.00      26.003710       0.056311       0.056311        17      16.0      17.0       0.409350   163.550    85.830    10.050    0     119.911491      -0.751410
    -55.00    -10.00      21.335800       0.119866       0.119866        17      16.0      17.0       0.409350   163.770    80.030     1.410    0     119.895401      -0.751970
    -55.00     -5.00      16.667900       0.178345       0.178345        17      16.0      17.0       0.409350   161.630    87.100    -3.920    0     119.879311      -0.752540
    -55.00      0.00      12.000000       0.213344       0.213344        17      16.0      17.0       0.409350   340.360    79.650    -2.920    0     119.863228      -0.753100
    -55.00      5.00       7.332100       0.247376       0.247376        17      16.0      17.0       0.409350   337.370    66.010   -12.510    0     119.847137      -0.753670
    -55.00     10.00       2.664200       0.265992       0.265992        17      16.0      17.0       0.409350   336.140    62.460   -16.540    0     119.831093      -0.754230
    -50.00    -15.00      26.003710       0.054396       0.054396        17      16.0      17.0       0.409350   159.130    72.050    -7.790    0     119.909920      -0.706210
    -50.00    -10.00      21.335800       0.122347       0.122347        17      16.0      17.0       0.409350   162.470    79.020    -9.440    0     119.893837      -0.706780
    -50.00     -5.00      16.667900       0.182682       0.182682        17      16.0      17.0       0.409350   159.910    78.980    -8.420    0     119.877747      -0.707340
    -50.00      0.00      12.000000       0.212442       0.212442        17      16.0      17.0       0.409350   339.280    86.390     1.920    0     119.861656      -0.707910
    -50.00      5.00       7.332100       0.237620       0.237620        17      16.0      17.0       0.409350   337.790    75.210    -5.320    0     119.845612      -0.708470
    -50.00     10.00       2.664200       0.253803       0.253803        17      16.0      17.0       0.409350   337.680    74.440    -6.030    0     119.829521      -0.709040
    -45.00    -15.00      26.003710       0.060545       0.060545        17      16.0      17.0       0.409350   154.200    63.270   -11.390    0     119.908363      -0.661020
    -45.00    -10.00      21.335800       0.125565       0.125565        17      16.0      17.0       0.409350   160.220    75.220   -16.310    0     119.892273      -0.661590
    -45.00     -5.00      16.667900       0.182350       0.182350        17      16.0      17.0       0.409350   158.100    74.020   -10.740    0     119.876183      -0.662150
    -45.00      0.00      12.000000       0.207680       0.207680        17      16.0      17.0       0.409350   158.120    86.800    -5.620    0     119.860092      -0.662720
    -45.00      5.00       7.332100       0.229777       0.229777        17      16.0      17.0       0.409350   337.350    82.730     0.400    0     119.844040      -0.663280
    -45.00     10.00       2.664200       0.247114       0.247114        17      16.0      17.0       0.409350   337.070    88.550     6.040    0     119.827950      -0.663850
    -40.00    -15.00      26.003710       0.066289       0.066289        17      16.0      17.0       0.409350   154.970    49.780    -1.050    0     119.906792      -0.615830
    -40.00    -10.00      21.335800       0.128786       0.128786        17      16.0      17.0       0.409350   156.980    72.820   -21.290    0     119.890701      -0.616400
    -40.00     -5.00      16.667900       0.172852       0.172852        17      16.0      17.0       0.409350   156.370    74.780   -13.870    0     119.874619      -0.616960
    -40.00      0.00      12.000000       0.196480       0.196480        17      16.0      17.0       0.409350   156.850    83.520    -7.190    0     119.858528      -0.617530
    -40.00      5.00       7.332100       0.219343       0.219343        17      16.0      17.0       0.409350   336.370    88.620     4.770    0     119.842468      -0.618090
    -40.00     10.00       2.664200       0.240870       0.240870        17      16.0      17.0       0.409350   155.230    82.980   -13.510    0     119.826378      -0.618660
    -35.00    -15.00      26.003710       0.068475       0.068475        17      16.0      17.0       0.409350   157.700    48.290    -0.010    0     119.905220      -0.570640
    -35.00    -10.00      21.335800       0.124100       0.124100        17      16.0      17.0       0.409350   152.340    65.640   -18.360    0     119.889137      -0.571210
    -35.00     -5.00      16.667900       0.156146       0.156146        17      16.0      17.0       0.409350   154.400    74.610   -15.140    0     119.873047      -0.571770
    -35.00      0.00      12.000000       0.180074       0.180074        17      16.0      17.0       0.409350   155.460    82.030    -7.900    0     119.856956      -0.572340
    -35.00      5.00       7.332100       0.204682       0.204682        17      16.0      17.0       0.409350   155.330    87.610    -8.220    0     119.840897      -0.572900
    -35.00     10.00       2.664200       0.228455       0.228455        17      16.0      17.0       0.409350   153.750    79.040   -17.420    0     119.824806      -0.573470
    -30.00    -15.00      26.003710       0.062179       0.062179        17      16.0      17.0       0.409350   160.460    54.280     0.170    0     119.903664      -0.525450
    -30.00    -10.00      21.335800       0.110103       0.110103        17      16.0      17.0       0.409350   148.020    48.360    -1.580    0     119.887573      -0.526020
    -30.00     -5.00      16.667900       0.134509       0.134509        17      16.0      17.0       0.409350   152.160    75.710   -16.410    0     119.871483      -0.526580
    -30.00      0.00      12.000000       0.158508       0.158508        17      16.0      17.0       0.409350   153.660    82.720    -9.100    0     119.855400      -0.527150
    -30.00      5.00       7.332100       0.180745       0.180745        17      16.0      17.0       0.409350   154.700    86.820    -9.900    0     119.839333      -0.527710
    -30.00     10.00       2.664200       0.208383       0.208383        17      16.0      17.0       0.409350   152.600    77.570   -19.950    0     119.823242      -0.528280
    -25.00    -15.00      26.003710       0.051480       0.051480        17      16.0      17.0       0.409350   162.250    58.730     5.180    0     119.902092      -0.480260
    -25.00    -10.00      21.335800       0.085049       0.085049        17      16.0      17.0       0.409350   149.180    68.540   -15.730    0     119.886002      -0.480820
    -25.00     -5.00      16.667900       0.109723       0.109723        17      16.0      17.0       0.409350   149.900    81.280   -20.320    0     119.869919      -0.481390
    -25.00      0.00      12.000000       0.131758       0.131758        17      16.0      17.0       0.409350   151.640    87.500   -10.620    0     119.853828      -0.481950
    -25.00      5.00       7.332100       0.151101       0.151101        17      16.0      17.0       0.409350   154.080    88.930   -10.040    0     119.837761      -0.482520
    -25.00     10.00       2.664200       0.180716       0.180716        17      16.0      17.0       0.409350   151.590    77.930   -21.630    0     119.821671      -0.483090
    -20.00    -15.00      26.003710       0.036386       0.036386        17      16.0      17.0       0.409350   158.530    71.570     8.560    0     119.900528      -0.435070
    -20.00    -10.00      21.335800       0.059454       0.059454        17      16.0      17.0       0.409350   335.060    81.240    33.840    0     119.884438      -0.435630
    -20.00     -5.00      16.667900       0.086488       0.086488        17      16.0      17.0       0.409350   332.200    79.150    35.820    0     119.868347      -0.436200
    -20.00      0.00      12.000000       0.105265       0.105265        17      16.0      17.0       0.409350   329.580    81.430    13.180    0     119.852257      -0.436760
    -20.00      5.00       7.332100       0.117848       0.117848        17      16.0      17.0       0.409350   333.480    85.090     8.780    0     119.836189      -0.437330
    -20.00     10.00       2.664200       0.146354       0.146354        17      16.0      17.0       0.409350   150.730    79.720   -22.320    0     119.820099      -0.437900
    -15.00    -15.00      26.003710       0.023349       0.023349        17      16.0      17.0       0.409350   178.660    57.500    67.830    0     119.898956      -0.389880
    -15.00    -10.00      21.335800       0.050412       0.050412        17      16.0      17.0       0.409350   217.880    59.390   139.420    0     119.882874      -0.390440
    -15.00     -5.00      16.667900       0.075790       0.075790        17      16.0      17.0       0.409350   328.070    64.690    39.590    0     119.866791      -0.391010
    -15.00      0.00      12.000000       0.084673       0.084673        17      16.0      17.0       0.409350   327.070    65.140    15.820    0     119.850700      -0.391570
    -15.00      5.00       7.332100       0.088020       0.088020        17      16.0      17.0       0.409350   331.300    76.240     3.640    0     119.834618      -0.392140
    -15.00     10.00       2.664200       0.109545       0.109545        17      16.0      17.0       0.409350   149.870    84.090   -21.410    0     119.818527      -0.392700
    -10.00    -15.00      26.003710       0.036404       0.036404        17      16.0      17.0       0.409350   204.020    74.100   111.320    0     119.897392      -0.344690
    -10.00    -10.00      21.335800       0.066221       0.066221        17      16.0      17.0       0.409350   203.310    69.680   122.990    0     119.881310      -0.345250
    -10.00     -5.00      16.667900       0.082435       0.082435        17      16.0      17.0       0.409350   209.830    67.280   136.890    0     119.865219      -0.345820
    -10.00      0.00      12.000000       0.076335       0.076335        17      16.0      17.0       0.409350   323.010    47.360    19.930    0     119.849129      -0.346380
    -10.00      5.00       7.332100       0.067244       0.067244        17      16.0      17.0       0.409350   326.340    62.430     0.350    0     119.833054      -0.346950
    -10.00     10.00       2.664200       0.074689       0.074689        17      16.0      17.0       0.409350   329.490    85.090    16.360    0     119.816963      -0.347510
     -5.00    -15.00      26.003710       0.055564       0.055564        17      16.0      17.0       0.409350   208.820    83.870   111.310    0     119.895828      -0.299500
     -5.00    -10.00      21.335800       0.089053       0.089053        17      16.0      17.0       0.409350   201.460    77.200   120.780    0     119.879738      -0.300060
     -5.00     -5.00      16.667900       0.095145       0.095145        17      16.0      17.0       0.409350   205.890    74.820   127.150    0     119.863647      -0.300630
     -5.00      0.00      12.000000       0.078481       0.078481        17      16.0      17.0       0.409350   317.810    36.430    20.040    0     119.847572      -0.301190
     -5.00      5.00       7.332100       0.052846       0.052846        17      16.0      17.0       0.409350   319.660    45.640     8.890    0     119.831482      -0.301760
     -5.00     10.00       2.664200       0.048736       0.048736        17      16.0      17.0       0.409350   327.700    68.910    13.330    0     119.815399      -0.302320
      0.00    -15.00      26.003710       0.071382       0.071382        17      16.0      17.0       0.409350   214.580    89.460   108.660    0     119.894257      -0.254300
      0.00    -10.00      21.335800       0.101273       0.101273        17      16.0      17.0       0.409350   201.170    81.000   121.710    0     119.878166      -0.254870
      0.00     -5.00      16.667900       0.098222       0.098222        17      16.0      17.0       0.409350   201.100    76.020   126.360    0     119.862091      -0.255430
      0.00      0.00      12.000000       0.073919       0.073919        17      16.0      17.0       0.409350   204.860    76.280   125.550    0     119.846001      -0.256000
      0.00      5.00       7.332100       0.051479       0.051479        17      16.0      17.0       0.409350   211.300    76.110   124.110    0     119.829910      -0.256570
      0.00     10.00       2.664200       0.037780       0.037780        17      16.0      17.0       0.409350   325.700    59.710    32.860    0     119.813828      -0.257130
      5.00    -15.00      26.003710       0.077464       0.077464        17      16.0      17.0       0.409350    38.080    87.550  -109.330    0     119.892693      -0.209110
      5.00    -10.00      21.335800       0.108463       0.108463        17      16.0      17.0       0.409350   207.120    86.370   123.650    0     119.876602      -0.209680
      5.00     -5.00      16.667900       0.095583       0.095583        17      16.0      17.0       0.409350   203.850    77.650   130.510    0     119.860519      -0.210240
      5.00      0.00      12.000000       0.075162       0.075162        17      16.0      17.0       0.409350   314.590    41.740    14.260    0     119.844429      -0.210810
      5.00      5.00       7.332100       0.053527       0.053527        17      16.0      17.0       0.409350   319.010    47.100    25.550    0     119.828346      -0.211370
      5.00     10.00       2.664200       0.044035       0.044035        17      16.0      17.0       0.409350   204.460    44.970   144.090    0     119.812263      -0.211940
     10.00    -15.00      26.003710       0.080340       0.080340        17      16.0      17.0       0.409350    45.800    82.130  -109.530    1     119.891121      -0.163920
     10.00    -10.00      21.335800       0.104765       0.104765        17      16.0      17.0       0.409350    35.940    88.420  -130.000    0     119.875038      -0.164490
     10.00     -5.00      16.667900       0.086833       0.086833        17      16.0      17.0       0.409350   212.650    80.630   143.260    0     119.858948      -0.165050
     10.00      0.00      12.000000       0.071800       0.071800        17      16.0      17.0       0.409350   315.430    59.550    15.520    0     119.842873      -0.165620
     10.00      5.00       7.332100       0.059066       0.059066        17      16.0      17.0       0.409350   315.430    70.530    25.600    0     119.826782      -0.166180
     10.00     10.00       2.664200       0.060003       0.060003        17      16.0      17.0       0.409350   320.330    75.370    51.450    0     119.810692      -0.166750
     15.00    -15.00      26.003710       0.079420       0.079420        17      16.0      17.0       0.409350    51.740    77.400  -113.490    1     119.889549      -0.118730
     15.00    -10.00      21.335800       0.099037       0.099037        17      16.0      17.0       0.409350   309.030    47.530    -7.320    1     119.873466      -0.119300
     15.00     -5.00      16.667900       0.091398       0.091398        17      16.0      17.0       0.409350   313.720    72.490     9.430    0     119.857384      -0.119860
     15.00      0.00      12.000000       0.086790       0.086790        17      16.0      17.0       0.409350   316.130    82.090    22.420    0     119.841301      -0.120430
     15.00      5.00       7.332100       0.083233       0.083233        17      16.0      17.0       0.409350   134.410    88.990   -32.300    0     119.825218      -0.120990
     15.00     10.00       2.664200       0.083089       0.083089        17      16.0      17.0       0.409350   319.170    84.610    45.830    0     119.809128      -0.121560
     20.00    -15.00      26.003710       0.073384       0.073384        17      16.0      17.0       0.409350    58.360    75.200  -115.280    1     119.887978      -0.073540
     20.00    -10.00      21.335800       0.096847       0.096847        17      16.0      17.0       0.409350   315.160    60.830    -3.700    0     119.871902      -0.074100
     20.00     -5.00      16.667900       0.108509       0.108509        17      16.0      17.0       0.409350   135.820    86.740   -16.890    0     119.855812      -0.074670
     20.00      0.00      12.000000       0.108812       0.108812        17      16.0      17.0       0.409350   136.110    82.560   -26.560    0     119.839737      -0.075240
     20.00      5.00       7.332100       0.109965       0.109965        17      16.0      17.0       0.409350   135.360    80.450   -32.680    0     119.823647      -0.075800
     20.00     10.00       2.664200       0.106433       0.106433        17      16.0      17.0       0.409350   138.220    87.810   -39.340    0     119.807564      -0.076370
     25.00    -15.00      26.003710       0.066547       0.066547        17      16.0      17.0       0.409350    70.940    70.820  -111.260    1     119.886414      -0.028350
     25.00    -10.00      21.335800       0.102461       0.102461        17      16.0      17.0       0.409350   132.490    81.230   -30.170    1     119.870331      -0.028910
     25.00     -5.00      16.667900       0.129059       0.129059        17      16.0      17.0       0.409350   136.180    74.450   -23.840    0     119.854240      -0.029480
     25.00      0.00      12.000000       0.132617       0.132617        17      16.0      17.0       0.409350   136.530    75.080   -28.210    0     119.838173      -0.030050
     25.00      5.00       7.332100       0.128226       0.128226        17      16.0      17.0       0.409350   137.260    77.640   -30.510    0     119.822083      -0.030610
     25.00     10.00       2.664200       0.124386       0.124386        17      16.0      17.0       0.409350   138.190    82.820   -34.160    0     119.806000      -0.031180
     30.00    -15.00      26.003710       0.056581       0.056581        17      16.0      17.0       0.409350    82.620    66.200  -110.980    1     119.884850       0.016840
     30.00    -10.00      21.335800       0.104442       0.104442        17      16.0      17.0       0.409350   134.190    72.980   -35.700    0     119.868759       0.016280
     30.00     -5.00      16.667900       0.141415       0.141415        17      16.0      17.0       0.409350   136.700    65.330   -26.060    0     119.852669       0.015710
     30.00      0.00      12.000000       0.148316       0.148316        17      16.0      17.0       0.409350   136.780    68.250   -26.390    0     119.836601       0.015150
     30.00      5.00       7.332100       0.138893       0.138893        17      16.0      17.0       0.409350   138.410    74.310   -26.550    0     119.820518       0.014580
     30.00     10.00       2.664200       0.132448       0.132448        17      16.0      17.0       0.409350   138.600    78.980   -29.190    0     119.804428       0.014020
     35.00    -15.00      26.003710       0.049905       0.049905        17      16.0      17.0       0.409350   337.700    66.300     1.740    0     119.883278       0.062030
     35.00    -10.00      21.335800       0.103368       0.103368        17      16.0      17.0       0.409350   135.550    65.670   -42.170    0     119.867188       0.061470
     35.00     -5.00      16.667900       0.144289       0.144289        17      16.0      17.0       0.409350   136.670    58.980   -29.670    0     119.851097       0.060900
     35.00      0.00      12.000000       0.153413       0.153413        17      16.0      17.0       0.409350   137.090    60.690   -23.710    0     119.835037       0.060340
     35.00      5.00       7.332100       0.139321       0.139321        17      16.0      17.0       0.409350   139.090    66.670   -22.510    0     119.818947       0.059770
     35.00     10.00       2.664200       0.127613       0.127613        17      16.0      17.0       0.409350   139.480    75.610   -23.860    0     119.802856       0.059210
     40.00    -15.00      26.003710       0.045869       0.045869        17      16.0      17.0       0.409350   346.900    74.260     6.680    0     119.881706       0.107230
     40.00    -10.00      21.335800       0.088333       0.088333        17      16.0      17.0       0.409350   144.090    62.230   -38.300    0     119.865623       0.106660
     40.00     -5.00      16.667900       0.129104       0.129104        17      16.0      17.0       0.409350   136.560    55.400   -34.400    0     119.849533       0.106090
     40.00      0.00      12.000000       0.147277       0.147277        17      16.0      17.0       0.409350   135.450    55.400   -25.660    0     119.833473       0.105530
     40.00      5.00       7.332100       0.130925       0.130925        17      16.0      17.0       0.409350   139.010    60.070   -21.330    0     119.817390       0.104960
     40.00     10.00       2.664200       0.109808       0.109808        17      16.0      17.0       0.409350   140.460    72.930   -19.290    0     119.801300       0.104400
     45.00    -15.00      26.003710       0.040280       0.040280        17      16.0      17.0       0.409350   173.240    89.510    -7.100    0     119.880142       0.152420
     45.00    -10.00      21.335800       0.065876       0.065876        17      16.0      17.0       0.409350   156.170    59.730   -31.450    0     119.864052       0.151850
     45.00     -5.00      16.667900       0.092204       0.092204        17      16.0      17.0       0.409350   131.940    53.030   -46.750    1     119.847961       0.151280
     45.00      0.00      12.000000       0.124136       0.124136        17      16.0      17.0       0.409350   132.880    52.180   -27.790    1     119.831909       0.150720
     45.00      5.00       7.332100       0.104956       0.104956        17      16.0      17.0       0.409350   138.830    52.400   -17.270    0     119.815819       0.150150
     45.00     10.00       2.664200       0.080902       0.080902        17      16.0      17.0       0.409350   141.240    68.750   -15.050    0     119.799728       0.149590
     50.00    -15.00      26.003710       0.031446       0.031446        17      16.0      17.0       0.409350   174.100    65.010   -16.120    0     119.878571       0.197610
     50.00    -10.00      21.335800       0.035341       0.035341        17      16.0      17.0       0.409350   177.590    66.410   -17.420    0     119.862480       0.197040
     50.00     -5.00      16.667900       0.048414       0.048414        17      16.0      17.0       0.409350   118.760    52.960   -69.220    1     119.846390       0.196470
     50.00      0.00      12.000000       0.083857       0.083857        17      16.0      17.0       0.409350   128.470    51.720   -33.780    1     119.830338       0.195910
     50.00      5.00       7.332100       0.065736       0.065736        17      16.0      17.0       0.409350   138.440    42.270   -12.200    0     119.814247       0.195340
     50.00     10.00       2.664200       0.045024       0.045024        17      16.0      17.0       0.409350   141.850    58.980   -10.670    0     119.798172       0.194780
