      xloc      yloc          depth         ave SR         max SR         #     start       end     max SR all       str       dip      rake flag
   -185.00    -15.00      26.003710       0.000000       0.000000         8       7.0       8.0       0.409350   180.000    45.000    90.000    0     119.952240      -1.926360
   -185.00    -10.00      21.335800       0.000000       0.000000         8       7.0       8.0       0.409350   180.000    45.000    90.000    0     119.936150      -1.926930
   -185.00     -5.00      16.667900       0.000000       0.000000         8       7.0       8.0       0.409350   180.000    45.000    90.000    0     119.920059      -1.927490
   -185.00      0.00      12.000000       0.000000       0.000000         8       7.0       8.0       0.409350   180.000    45.000    90.000    0     119.903961      -1.928060
   -185.00      5.00       7.332100       0.000000       0.000000         8       7.0       8.0       0.409350   180.000    45.000    90.000    0     119.887871      -1.928620
   -185.00     10.00       2.664200       0.000000       0.000000         8       7.0       8.0       0.409350   180.000    45.000    90.000    0     119.871780      -1.929190
   -180.00    -15.00      26.003710       0.000000       0.000000         8       7.0       8.0       0.409350   180.000    45.000    90.000    0     119.950684      -1.881170
   -180.00    -10.00      21.335800       0.000000       0.000000         8       7.0       8.0       0.409350   180.000    45.000    90.000    0     119.934578      -1.881740
   -180.00     -5.00      16.667900       0.000000       0.000000         8       7.0       8.0       0.409350   180.000    45.000    90.000    0     119.918488      -1.882300
   -180.00      0.00      12.000000       0.000000       0.000000         8       7.0       8.0       0.409350   180.000    45.000    90.000    0     119.902397      -1.882870
   -180.00      5.00       7.332100       0.000000       0.000000         8       7.0       8.0       0.409350   180.000    45.000    90.000    0     119.886299      -1.883430
   -180.00     10.00       2.664200       0.000000       0.000000         8       7.0       8.0       0.409350   180.000    45.000    90.000    0     119.870209      -1.884000
   -175.00    -15.00      26.003710       0.000000       0.000000         8       7.0       8.0       0.409350   180.000    45.000    90.000    0     119.949112      -1.835980
   -175.00    -10.00      21.335800       0.000000       0.000000         8       7.0       8.0       0.409350   180.000    45.000    90.000    0     119.933006      -1.836550
   -175.00     -5.00      16.667900       0.000000       0.000000         8       7.0       8.0       0.409350   180.000    45.000    90.000    0     119.916924      -1.837110
   -175.00      0.00      12.000000       0.000000       0.000000         8       7.0       8.0       0.409350   180.000    45.000    90.000    0     119.900833      -1.837680
   -175.00      5.00       7.332100       0.000000       0.000000         8       7.0       8.0       0.409350   180.000    45.000    90.000    0     119.884743      -1.838240
   -175.00     10.00       2.664200       0.000000       0.000000         8       7.0       8.0       0.409350   180.000    45.000    90.000    0     119.868637      -1.838810
   -170.00    -15.00      26.003710       0.000000       0.000000         8       7.0       8.0       0.409350   180.000    45.000    90.000    0     119.947540      -1.790790
   -170.00    -10.00      21.335800       0.000000       0.000000         8       7.0       8.0       0.409350   180.000    45.000    90.000    0     119.931450      -1.791360
   -170.00     -5.00      16.667900       0.000000       0.000000         8       7.0       8.0       0.409350   180.000    45.000    90.000    0     119.915352      -1.791920
   -170.00      0.00      12.000000       0.000000       0.000000         8       7.0       8.0       0.409350   180.000    45.000    90.000    0     119.899261      -1.792490
   -170.00      5.00       7.332100       0.000000       0.000000         8       7.0       8.0       0.409350   180.000    45.000    90.000    0     119.883171      -1.793050
   -170.00     10.00       2.664200       0.000000       0.000000         8       7.0       8.0       0.409350   180.000    45.000    90.000    0     119.867081      -1.793620
   -165.00    -15.00      26.003710       0.000000       0.000000         8       7.0       8.0       0.409350   180.000    45.000    90.000    0     119.945969      -1.745600
   -165.00    -10.00      21.335800       0.000000       0.000000         8       7.0       8.0       0.409350   180.000    45.000    90.000    0     119.929878      -1.746170
   -165.00     -5.00      16.667900       0.000000       0.000000         8       7.0       8.0       0.409350   180.000    45.000    90.000    0     119.913788      -1.746730
   -165.00      0.00      12.000000       0.000000       0.000000         8       7.0       8.0       0.409350   180.000    45.000    90.000    0     119.897690      -1.747300
   -165.00      5.00       7.332100       0.000000       0.000000         8       7.0       8.0       0.409350   180.000    45.000    90.000    0     119.881599      -1.747860
   -165.00     10.00       2.664200       0.000000       0.000000         8       7.0       8.0       0.409350   180.000    45.000    90.000    0     119.865509      -1.748430
   -160.00    -15.00      26.003710       0.000000       0.000000         8       7.0       8.0       0.409350   180.000    45.000    90.000    0     119.944397      -1.700410
   -160.00    -10.00      21.335800       0.000000       0.000000         8       7.0       8.0       0.409350   180.000    45.000    90.000    0     119.928307      -1.700980
   -160.00     -5.00      16.667900       0.000000       0.000000         8       7.0       8.0       0.409350   180.000    45.000    90.000    0     119.912216      -1.701540
   -160.00      0.00      12.000000       0.000000       0.000000         8       7.0       8.0       0.409350   180.000    45.000    90.000    0     119.896133      -1.702110
   -160.00      5.00       7.332100       0.000000       0.000000         8       7.0       8.0       0.409350   180.000    45.000    90.000    0     119.880028      -1.702670
   -160.00     10.00       2.664200       0.000000       0.000000         8       7.0       8.0       0.409350   180.000    45.000    90.000    0     119.863937      -1.703240
   -155.00    -15.00      26.003710       0.000000       0.000000         8       7.0       8.0       0.409350   180.000    45.000    90.000    0     119.942841      -1.655220
   -155.00    -10.00      21.335800       0.000000       0.000000         8       7.0       8.0       0.409350   180.000    45.000    90.000    0     119.926743      -1.655790
   -155.00     -5.00      16.667900       0.000000       0.000000         8       7.0       8.0       0.409350   180.000    45.000    90.000    0     119.910652      -1.656350
   -155.00      0.00      12.000000       0.000000       0.000000         8       7.0       8.0       0.409350   180.000    45.000    90.000    0     119.894562      -1.656920
   -155.00      5.00       7.332100       0.000000       0.000000         8       7.0       8.0       0.409350   180.000    45.000    90.000    0     119.878471      -1.657480
   -155.00     10.00       2.664200       0.000000       0.000000         8       7.0       8.0       0.409350   180.000    45.000    90.000    0     119.862373      -1.658050
   -150.00    -15.00      26.003710       0.000000       0.000000         8       7.0       8.0       0.409350   180.000    45.000    90.000    0     119.941269      -1.610030
   -150.00    -10.00      21.335800       0.000000       0.000000         8       7.0       8.0       0.409350   180.000    45.000    90.000    0     119.925179      -1.610590
   -150.00     -5.00      16.667900       0.000000       0.000000         8       7.0       8.0       0.409350   180.000    45.000    90.000    0     119.909081      -1.611160
   -150.00      0.00      12.000000       0.000000       0.000000         8       7.0       8.0       0.409350   180.000    45.000    90.000    0     119.892990      -1.611730
   -150.00      5.00       7.332100       0.000000       0.000000         8       7.0       8.0       0.409350   180.000    45.000    90.000    0     119.876900      -1.612290
   -150.00     10.00       2.664200       0.000000       0.000000         8       7.0       8.0       0.409350   180.000    45.000    90.000    0     119.860809      -1.612860
   -145.00    -15.00      26.003710       0.000000       0.000000         8       7.0       8.0       0.409350   180.000    45.000    90.000    0     119.939697      -1.564840
   -145.00    -10.00      21.335800       0.000000       0.000000         8       7.0       8.0       0.409350   180.000    45.000    90.000    0     119.923607      -1.565400
   -145.00     -5.00      16.667900       0.000000       0.000000         8       7.0       8.0       0.409350   180.000    45.000    90.000    0     119.907516      -1.565970
   -145.00      0.00      12.000000       0.000000       0.000000         8       7.0       8.0       0.409350   180.000    45.000    90.000    0     119.891418      -1.566530
   -145.00      5.00       7.332100       0.000000       0.000000         8       7.0       8.0       0.409350   180.000    45.000    90.000    0     119.875328      -1.567100
   -145.00     10.00       2.664200       0.000000       0.000000         8       7.0       8.0       0.409350   180.000    45.000    90.000    0     119.859238      -1.567660
   -140.00    -15.00      26.003710       0.000000       0.000000         8       7.0       8.0       0.409350   180.000    45.000    90.000    0     119.938133      -1.519650
   -140.00    -10.00      21.335800       0.000000       0.000000         8       7.0       8.0       0.409350   180.000    45.000    90.000    0     119.922043      -1.520210
   -140.00     -5.00      16.667900       0.000000       0.000000         8       7.0       8.0       0.409350   180.000    45.000    90.000    0     119.905952      -1.520780
   -140.00      0.00      12.000000       0.000000       0.000000         8       7.0       8.0       0.409350   180.000    45.000    90.000    0     119.889862      -1.521340
   -140.00      5.00       7.332100       0.000000       0.000000         8       7.0       8.0       0.409350   180.000    45.000    90.000    0     119.873772      -1.521910
   -140.00     10.00       2.664200       0.000000       0.000000         8       7.0       8.0       0.409350   180.000    45.000    90.000    0     119.857681      -1.522470
   -135.00    -15.00      26.003710       0.000000       0.000000         8       7.0       8.0       0.409350   180.000    45.000    90.000    0     119.936562      -1.474460
   -135.00    -10.00      21.335800       0.000000       0.000000         8       7.0       8.0       0.409350   180.000    45.000    90.000    0     119.920471      -1.475020
   -135.00     -5.00      16.667900       0.000000       0.000000         8       7.0       8.0       0.409350   180.000    45.000    90.000    0     119.904381      -1.475590
   -135.00      0.00      12.000000       0.000000       0.000000         8       7.0       8.0       0.409350   180.000    45.000    90.000    0     119.888290      -1.476150
   -135.00      5.00       7.332100       0.000000       0.000000         8       7.0       8.0       0.409350   180.000    45.000    90.000    0     119.872200      -1.476720
   -135.00     10.00       2.664200       0.000000       0.000000         8       7.0       8.0       0.409350   180.000    45.000    90.000    0     119.856110      -1.477280
   -130.00    -15.00      26.003710       0.000000       0.000000         8       7.0       8.0       0.409350   180.000    45.000    90.000    0     119.934998      -1.429270
   -130.00    -10.00      21.335800       0.000000       0.000000         8       7.0       8.0       0.409350   180.000    45.000    90.000    0     119.918907      -1.429830
   -130.00     -5.00      16.667900       0.000000       0.000000         8       7.0       8.0       0.409350   180.000    45.000    90.000    0     119.902809      -1.430400
   -130.00      0.00      12.000000       0.000000       0.000000         8       7.0       8.0       0.409350   180.000    45.000    90.000    0     119.886719      -1.430960
   -130.00      5.00       7.332100       0.000000       0.000000         8       7.0       8.0       0.409350   180.000    45.000    90.000    0     119.870628      -1.431530
   -130.00     10.00       2.664200       0.000000       0.000000         8       7.0       8.0       0.409350   180.000    45.000    90.000    0     119.854538      -1.432090
   -125.00    -15.00      26.003710       0.000000       0.000000         8       7.0       8.0       0.409350   180.000    45.000    90.000    0     119.933434      -1.384080
   -125.00    -10.00      21.335800       0.000000       0.000000         8       7.0       8.0       0.409350   180.000    45.000    90.000    0     119.917343      -1.384640
   -125.00     -5.00      16.667900       0.000000       0.000000         8       7.0       8.0       0.409350   180.000    45.000    90.000    0     119.901253      -1.385210
   -125.00      0.00      12.000000       0.000000       0.000000         8       7.0       8.0       0.409350   180.000    45.000    90.000    0     119.885162      -1.385770
   -125.00      5.00       7.332100       0.000000       0.000000         8       7.0       8.0       0.409350   180.000    45.000    90.000    0     119.869072      -1.386340
   -125.00     10.00       2.664200       0.000000       0.000000         8       7.0       8.0       0.409350   180.000    45.000    90.000    0     119.852982      -1.386900
   -120.00    -15.00      26.003710       0.000000       0.000000         8       7.0       8.0       0.409350   180.000    45.000    90.000    0     119.931862      -1.338890
   -120.00    -10.00      21.335800       0.000000       0.000000         8       7.0       8.0       0.409350   180.000    45.000    90.000    0     119.915771      -1.339450
   -120.00     -5.00      16.667900       0.000000       0.000000         8       7.0       8.0       0.409350   180.000    45.000    90.000    0     119.899681      -1.340020
   -120.00      0.00      12.000000       0.000000       0.000000         8       7.0       8.0       0.409350   180.000    45.000    90.000    0     119.883591      -1.340580
   -120.00      5.00       7.332100       0.000000       0.000000         8       7.0       8.0       0.409350   180.000    45.000    90.000    0     119.867500      -1.341150
   -120.00     10.00       2.664200       0.000000       0.000000         8       7.0       8.0       0.409350   180.000    45.000    90.000    0     119.851410      -1.341710
   -115.00    -15.00      26.003710       0.000000       0.000000         8       7.0       8.0       0.409350   180.000    45.000    90.000    0     119.930290      -1.293690
   -115.00    -10.00      21.335800       0.000000       0.000000         8       7.0       8.0       0.409350   180.000    45.000    90.000    0     119.914200      -1.294260
   -115.00     -5.00      16.667900       0.000000       0.000000         8       7.0       8.0       0.409350   180.000    45.000    90.000    0     119.898109      -1.294830
   -115.00      0.00      12.000000       0.000000       0.000000         8       7.0       8.0       0.409350   180.000    45.000    90.000    0     119.882019      -1.295390
   -115.00      5.00       7.332100       0.000000       0.000000         8       7.0       8.0       0.409350   180.000    45.000    90.000    0     119.865929      -1.295960
   -115.00     10.00       2.664200       0.000000       0.000000         8       7.0       8.0       0.409350   180.000    45.000    90.000    0     119.849838      -1.296520
   -110.00    -15.00      26.003710       0.000000       0.000000         8       7.0       8.0       0.409350   180.000    45.000    90.000    0     119.928726      -1.248500
   -110.00    -10.00      21.335800       0.000000       0.000000         8       7.0       8.0       0.409350   180.000    45.000    90.000    0     119.912643      -1.249070
   -110.00     -5.00      16.667900       0.000000       0.000000         8       7.0       8.0       0.409350   180.000    45.000    90.000    0     119.896553      -1.249630
   -110.00      0.00      12.000000       0.000000       0.000000         8       7.0       8.0       0.409350   180.000    45.000    90.000    0     119.880463      -1.250200
   -110.00      5.00       7.332100       0.000000       0.000000         8       7.0       8.0       0.409350   180.000    45.000    90.000    0     119.864372      -1.250760
   -110.00     10.00       2.664200       0.000000       0.000000         8       7.0       8.0       0.409350   180.000    45.000    90.000    0     119.848282      -1.251330
   -105.00    -15.00      26.003710       0.000000       0.000000         8       7.0       8.0       0.409350   180.000    45.000    90.000    0     119.927162      -1.203310
   -105.00    -10.00      21.335800       0.000000       0.000000         8       7.0       8.0       0.409350   180.000    45.000    90.000    0     119.911072      -1.203880
   -105.00     -5.00      16.667900       0.000000       0.000000         8       7.0       8.0       0.409350   180.000    45.000    90.000    0     119.894981      -1.204440
   -105.00      0.00      12.000000       0.000000       0.000000         8       7.0       8.0       0.409350   180.000    45.000    90.000    0     119.878891      -1.205010
   -105.00      5.00       7.332100       0.000000       0.000000         8       7.0       8.0       0.409350   180.000    45.000    90.000    0     119.862801      -1.205570
   -105.00     10.00       2.664200       0.000000       0.000000         8       7.0       8.0       0.409350   180.000    45.000    90.000    0     119.846710      -1.206140
   -100.00    -15.00      26.003710       0.000000       0.000000         8       7.0       8.0       0.409350   180.000    45.000    90.000    0     119.925591      -1.158120
   -100.00    -10.00      21.335800       0.000000       0.000000         8       7.0       8.0       0.409350   180.000    45.000    90.000    0     119.909500      -1.158690
   -100.00     -5.00      16.667900       0.000000       0.000000         8       7.0       8.0       0.409350   180.000    45.000    90.000    0     119.893410      -1.159250
   -100.00      0.00      12.000000       0.000000       0.000000         8       7.0       8.0       0.409350   180.000    45.000    90.000    0     119.877319      -1.159820
   -100.00      5.00       7.332100       0.000000       0.000000         8       7.0       8.0       0.409350   180.000    45.000    90.000    0     119.861229      -1.160380
   -100.00     10.00       2.664200       0.000000       0.000000         8       7.0       8.0       0.409350   180.000    45.000    90.000    0     119.845207      -1.160950
    -95.00    -15.00      26.003710       0.000000       0.000000         8       7.0       8.0       0.409350   180.000    45.000    90.000    0     119.924026      -1.112930
    -95.00    -10.00      21.335800       0.000000       0.000000         8       7.0       8.0       0.409350   180.000    45.000    90.000    0     119.907944      -1.113500
    -95.00     -5.00      16.667900       0.000000       0.000000         8       7.0       8.0       0.409350   180.000    45.000    90.000    0     119.891853      -1.114060
    -95.00      0.00      12.000000       0.000000       0.000000         8       7.0       8.0       0.409350   180.000    45.000    90.000    0     119.875763      -1.114630
    -95.00      5.00       7.332100       0.000000       0.000000         8       7.0       8.0       0.409350   180.000    45.000    90.000    0     119.859673      -1.115190
    -95.00     10.00       2.664200       0.000000       0.000000         8       7.0       8.0       0.409350   180.000    45.000    90.000    0     119.843643      -1.115760
    -90.00    -15.00      26.003710       0.000000       0.000000         8       7.0       8.0       0.409350   180.000    45.000    90.000    0     119.922462      -1.067740
    -90.00    -10.00      21.335800       0.000000       0.000000         8       7.0       8.0       0.409350   180.000    45.000    90.000    0     119.906372      -1.068310
    -90.00     -5.00      16.667900       0.000000       0.000000         8       7.0       8.0       0.409350   180.000    45.000    90.000    0     119.890282      -1.068870
    -90.00      0.00      12.000000       0.000000       0.000000         8       7.0       8.0       0.409350   180.000    45.000    90.000    0     119.874191      -1.069440
    -90.00      5.00       7.332100       0.000000       0.000000         8       7.0       8.0       0.409350   180.000    45.000    90.000    0     119.858101      -1.070000
    -90.00     10.00       2.664200       0.000000       0.000000         8       7.0       8.0       0.409350   180.000    45.000    90.000    0     119.842072      -1.070570
    -85.00    -15.00      26.003710       0.000000       0.000000         8       7.0       8.0       0.409350   180.000    45.000    90.000    0     119.920891      -1.022550
    -85.00    -10.00      21.335800       0.000000       0.000000         8       7.0       8.0       0.409350   180.000    45.000    90.000    0     119.904800      -1.023120
    -85.00     -5.00      16.667900       0.000000       0.000000         8       7.0       8.0       0.409350   180.000    45.000    90.000    0     119.888710      -1.023680
    -85.00      0.00      12.000000       0.000000       0.000000         8       7.0       8.0       0.409350   180.000    45.000    90.000    0     119.872620      -1.024250
    -85.00      5.00       7.332100       0.000000       0.000000         8       7.0       8.0       0.409350   180.000    45.000    90.000    0     119.856537      -1.024810
    -85.00     10.00       2.664200       0.000000       0.000000         8       7.0       8.0       0.409350   180.000    45.000    90.000    0     119.840500      -1.025380
    -80.00    -15.00      26.003710       0.000000       0.000000         8       7.0       8.0       0.409350   180.000    45.000    90.000    0     119.919319      -0.977360
    -80.00    -10.00      21.335800       0.000000       0.000000         8       7.0       8.0       0.409350   180.000    45.000    90.000    0     119.903236      -0.977920
    -80.00     -5.00      16.667900       0.000000       0.000000         8       7.0       8.0       0.409350   180.000    45.000    90.000    0     119.887154      -0.978490
    -80.00      0.00      12.000000       0.000000       0.000000         8       7.0       8.0       0.409350   180.000    45.000    90.000    0     119.871063      -0.979050
    -80.00      5.00       7.332100       0.000000       0.000000         8       7.0       8.0       0.409350   180.000    45.000    90.000    0     119.854973      -0.979620
    -80.00     10.00       2.664200       0.000000       0.000000         8       7.0       8.0       0.409350   180.000    45.000    90.000    0     119.838928      -0.980190
    -75.00    -15.00      26.003710       0.000000       0.000000         8       7.0       8.0       0.409350   180.000    45.000    90.000    0     119.917763      -0.932170
    -75.00    -10.00      21.335800       0.000000       0.000000         8       7.0       8.0       0.409350   180.000    45.000    90.000    0     119.901672      -0.932730
    -75.00     -5.00      16.667900       0.000000       0.000000         8       7.0       8.0       0.409350   180.000    45.000    90.000    0     119.885582      -0.933300
    -75.00      0.00      12.000000       0.000000       0.000000         8       7.0       8.0       0.409350   180.000    45.000    90.000    0     119.869492      -0.933860
    -75.00      5.00       7.332100       0.000000       0.000000         8       7.0       8.0       0.409350   180.000    45.000    90.000    0     119.853401      -0.934430
    -75.00     10.00       2.664200       0.000000       0.000000         8       7.0       8.0       0.409350   180.000    45.000    90.000    0     119.837357      -0.934990
    -70.00    -15.00      26.003710       0.000000       0.000000         8       7.0       8.0       0.409350   180.000    45.000    90.000    0     119.916191      -0.886980
    -70.00    -10.00      21.335800       0.000000       0.000000         8       7.0       8.0       0.409350   180.000    45.000    90.000    0     119.900101      -0.887540
    -70.00     -5.00      16.667900       0.000000       0.000000         8       7.0       8.0       0.409350   180.000    45.000    90.000    0     119.884010      -0.888110
    -70.00      0.00      12.000000       0.000000       0.000000         8       7.0       8.0       0.409350   180.000    45.000    90.000    0     119.867928      -0.888670
    -70.00      5.00       7.332100       0.000000       0.000000         8       7.0       8.0       0.409350   180.000    45.000    90.000    0     119.851837      -0.889240
    -70.00     10.00       2.664200       0.000000       0.000000         8       7.0       8.0       0.409350   180.000    45.000    90.000    0     119.835793      -0.889800
    -65.00    -15.00      26.003710       0.000000       0.000000         8       7.0       8.0       0.409350   180.000    45.000    90.000    0     119.914619      -0.841790
    -65.00    -10.00      21.335800       0.000000       0.000000         8       7.0       8.0       0.409350   180.000    45.000    90.000    0     119.898537      -0.842350
    -65.00     -5.00      16.667900       0.000000       0.000000         8       7.0       8.0       0.409350   180.000    45.000    90.000    0     119.882446      -0.842920
    -65.00      0.00      12.000000       0.000000       0.000000         8       7.0       8.0       0.409350   180.000    45.000    90.000    0     119.866364      -0.843480
    -65.00      5.00       7.332100       0.000000       0.000000         8       7.0       8.0       0.409350   180.000    45.000    90.000    0     119.850273      -0.844050
    -65.00     10.00       2.664200       0.000000       0.000000         8       7.0       8.0       0.409350   180.000    45.000    90.000    0     119.834221      -0.844610
    -60.00    -15.00      26.003710       0.000000       0.000000         8       7.0       8.0       0.409350   180.000    45.000    90.000    0     119.913063      -0.796600
    -60.00    -10.00      21.335800       0.000000       0.000000         8       7.0       8.0       0.409350   180.000    45.000    90.000    0     119.896973      -0.797160
    -60.00     -5.00      16.667900       0.000000       0.000000         8       7.0       8.0       0.409350   180.000    45.000    90.000    0     119.880882      -0.797730
    -60.00      0.00      12.000000       0.000000       0.000000         8       7.0       8.0       0.409350   180.000    45.000    90.000    0     119.864792      -0.798290
    -60.00      5.00       7.332100       0.000000       0.000000         8       7.0       8.0       0.409350   180.000    45.000    90.000    0     119.848701      -0.798860
    -60.00     10.00       2.664200       0.000000       0.000000         8       7.0       8.0       0.409350   180.000    45.000    90.000    0     119.832657      -0.799420
    -55.00    -15.00      26.003710       0.000000       0.000000         8       7.0       8.0       0.409350   180.000    45.000    90.000    0     119.911491      -0.751410
    -55.00    -10.00      21.335800       0.000000       0.000000         8       7.0       8.0       0.409350   180.000    45.000    90.000    0     119.895401      -0.751970
    -55.00     -5.00      16.667900       0.000000       0.000000         8       7.0       8.0       0.409350   180.000    45.000    90.000    0     119.879311      -0.752540
    -55.00      0.00      12.000000       0.000000       0.000000         8       7.0       8.0       0.409350   180.000    45.000    90.000    0     119.863228      -0.753100
    -55.00      5.00       7.332100       0.000000       0.000000         8       7.0       8.0       0.409350   180.000    45.000    90.000    0     119.847137      -0.753670
    -55.00     10.00       2.664200       0.000000       0.000000         8       7.0       8.0       0.409350   180.000    45.000    90.000    0     119.831093      -0.754230
    -50.00    -15.00      26.003710       0.008036       0.008036         8       7.0       8.0       0.409350   118.070    77.280   -70.270    1     119.909920      -0.706210
    -50.00    -10.00      21.335800       0.012537       0.012537         8       7.0       8.0       0.409350   319.830    35.850   -38.840    0     119.893837      -0.706780
    -50.00     -5.00      16.667900       0.024673       0.024673         8       7.0       8.0       0.409350   322.370    57.770   -46.570    0     119.877747      -0.707340
    -50.00      0.00      12.000000       0.015125       0.015125         8       7.0       8.0       0.409350   329.180    61.190   -36.500    0     119.861656      -0.707910
    -50.00      5.00       7.332100       0.021576       0.021576         8       7.0       8.0       0.409350   108.710    66.470   -88.200    1     119.845612      -0.708470
    -50.00     10.00       2.664200       0.018733       0.018733         8       7.0       8.0       0.409350    97.530    64.420  -102.850    1     119.829521      -0.709040
    -45.00    -15.00      26.003710       0.049452       0.049452         8       7.0       8.0       0.409350    67.850    30.150    51.170    1     119.908363      -0.661020
    -45.00    -10.00      21.335800       0.068373       0.068373         8       7.0       8.0       0.409350   139.140    72.650   -63.660    0     119.892273      -0.661590
    -45.00     -5.00      16.667900       0.091677       0.091677         8       7.0       8.0       0.409350   315.960    35.420   -53.550    0     119.876183      -0.662150
    -45.00      0.00      12.000000       0.114833       0.114833         8       7.0       8.0       0.409350   323.390    57.880   -40.450    0     119.860092      -0.662720
    -45.00      5.00       7.332100       0.105432       0.105432         8       7.0       8.0       0.409350   322.670    45.800   -35.280    0     119.844040      -0.663280
    -45.00     10.00       2.664200       0.086176       0.086176         8       7.0       8.0       0.409350   327.550    40.780   -31.130    0     119.827950      -0.663850
    -40.00    -15.00      26.003710       0.075920       0.075920         8       7.0       8.0       0.409350    14.730    51.190    39.400    0     119.906792      -0.615830
    -40.00    -10.00      21.335800       0.079654       0.079654         8       7.0       8.0       0.409350   352.200    85.160    44.350    0     119.890701      -0.616400
    -40.00     -5.00      16.667900       0.091090       0.091090         8       7.0       8.0       0.409350   346.880    41.700   -18.830    0     119.874619      -0.616960
    -40.00      0.00      12.000000       0.113404       0.113404         8       7.0       8.0       0.409350   334.140    53.660   -32.070    0     119.858528      -0.617530
    -40.00      5.00       7.332100       0.132473       0.132473         8       7.0       8.0       0.409350   330.360    45.350   -30.370    0     119.842468      -0.618090
    -40.00     10.00       2.664200       0.119052       0.119052         8       7.0       8.0       0.409350   336.370    45.120   -25.090    0     119.826378      -0.618660
    -35.00    -15.00      26.003710       0.091452       0.091452         8       7.0       8.0       0.409350    11.520    51.330    32.420    0     119.905220      -0.570640
    -35.00    -10.00      21.335800       0.102145       0.102145         8       7.0       8.0       0.409350     3.910    69.920    29.210    0     119.889137      -0.571210
    -35.00     -5.00      16.667900       0.110360       0.110360         8       7.0       8.0       0.409350     1.970    60.860     7.830    0     119.873047      -0.571770
    -35.00      0.00      12.000000       0.125712       0.125712         8       7.0       8.0       0.409350   349.140    55.520   -18.770    0     119.856956      -0.572340
    -35.00      5.00       7.332100       0.146209       0.146209         8       7.0       8.0       0.409350   344.860    50.740   -20.090    0     119.840897      -0.572900
    -35.00     10.00       2.664200       0.141754       0.141754         8       7.0       8.0       0.409350   348.500    53.330   -15.650    0     119.824806      -0.573470
    -30.00    -15.00      26.003710       0.097921       0.097921         8       7.0       8.0       0.409350     9.840    53.590    27.660    0     119.903664      -0.525450
    -30.00    -10.00      21.335800       0.126296       0.126296         8       7.0       8.0       0.409350     6.420    66.480    23.460    0     119.887573      -0.526020
    -30.00     -5.00      16.667900       0.147288       0.147288         8       7.0       8.0       0.409350     4.830    66.560    12.560    0     119.871483      -0.526580
    -30.00      0.00      12.000000       0.159622       0.159622         8       7.0       8.0       0.409350   357.900    62.130    -3.960    0     119.855400      -0.527150
    -30.00      5.00       7.332100       0.184179       0.184179         8       7.0       8.0       0.409350   354.460    56.340    -8.510    0     119.839333      -0.527710
    -30.00     10.00       2.664200       0.183756       0.183756         8       7.0       8.0       0.409350   355.510    58.760    -7.120    0     119.823242      -0.528280
    -25.00    -15.00      26.003710       0.098182       0.098182         8       7.0       8.0       0.409350     6.220    60.820    24.240    0     119.902092      -0.480260
    -25.00    -10.00      21.335800       0.146211       0.146211         8       7.0       8.0       0.409350     4.670    69.230    18.070    0     119.886002      -0.480820
    -25.00     -5.00      16.667900       0.186438       0.186438         8       7.0       8.0       0.409350     4.350    68.880    11.170    0     119.869919      -0.481390
    -25.00      0.00      12.000000       0.210021       0.210021         8       7.0       8.0       0.409350     0.040    65.050     1.450    0     119.853828      -0.481950
    -25.00      5.00       7.332100       0.234067       0.234067         8       7.0       8.0       0.409350   358.160    61.800    -2.050    0     119.837761      -0.482520
    -25.00     10.00       2.664200       0.238135       0.238135         8       7.0       8.0       0.409350   357.810    61.590    -3.550    0     119.821671      -0.483090
    -20.00    -15.00      26.003710       0.100728       0.100728         8       7.0       8.0       0.409350     3.910    67.930    21.850    0     119.900528      -0.435070
    -20.00    -10.00      21.335800       0.169865       0.169865         8       7.0       8.0       0.409350     3.200    71.770    15.040    0     119.884438      -0.435630
    -20.00     -5.00      16.667900       0.222259       0.222259         8       7.0       8.0       0.409350     2.600    72.660     9.710    0     119.868347      -0.436200
    -20.00      0.00      12.000000       0.262644       0.262644         8       7.0       8.0       0.409350     0.100    68.290     3.220    0     119.852257      -0.436760
    -20.00      5.00       7.332100       0.285999       0.285999         8       7.0       8.0       0.409350   359.390    65.290     1.470    0     119.836189      -0.437330
    -20.00     10.00       2.664200       0.290714       0.290714         8       7.0       8.0       0.409350   358.370    64.290    -2.380    0     119.820099      -0.437900
    -15.00    -15.00      26.003710       0.108945       0.108945         8       7.0       8.0       0.409350     3.490    70.720    21.710    0     119.898956      -0.389880
    -15.00    -10.00      21.335800       0.195125       0.195125         8       7.0       8.0       0.409350     3.250    71.440    14.750    0     119.882874      -0.390440
    -15.00     -5.00      16.667900       0.251505       0.251505         8       7.0       8.0       0.409350     1.320    75.270     8.230    0     119.866791      -0.391010
    -15.00      0.00      12.000000       0.307343       0.307343         8       7.0       8.0       0.409350   359.360    70.800     3.160    0     119.850700      -0.391570
    -15.00      5.00       7.332100       0.331562       0.331562         8       7.0       8.0       0.409350   358.920    67.920     1.090    0     119.834618      -0.392140
    -15.00     10.00       2.664200       0.337424       0.337424         8       7.0       8.0       0.409350   357.970    66.750    -3.080    0     119.818527      -0.392700
    -10.00    -15.00      26.003710       0.119228       0.119228         8       7.0       8.0       0.409350     2.660    75.090    22.390    0     119.897392      -0.344690
    -10.00    -10.00      21.335800       0.213775       0.213775         8       7.0       8.0       0.409350     3.560    73.060    15.230    0     119.881310      -0.345250
    -10.00     -5.00      16.667900       0.276590       0.276590         8       7.0       8.0       0.409350     0.720    76.070     7.930    0     119.865219      -0.345820
    -10.00      0.00      12.000000       0.338938       0.338938         8       7.0       8.0       0.409350   358.820    72.570     2.390    0     119.849129      -0.346380
    -10.00      5.00       7.332100       0.368984       0.368984         8       7.0       8.0       0.409350   358.310    69.120    -0.270    0     119.833054      -0.346950
    -10.00     10.00       2.664200       0.375874       0.375874         8       7.0       8.0       0.409350   357.450    68.530    -4.300    0     119.816963      -0.347510
     -5.00    -15.00      26.003710       0.130501       0.130501         8       7.0       8.0       0.409350     2.480    76.330    21.630    0     119.895828      -0.299500
     -5.00    -10.00      21.335800       0.225247       0.225247         8       7.0       8.0       0.409350     3.500    74.710    14.770    0     119.879738      -0.300060
     -5.00     -5.00      16.667900       0.296647       0.296647         8       7.0       8.0       0.409350     0.600    76.780     8.520    0     119.863647      -0.300630
     -5.00      0.00      12.000000       0.356895       0.356895         8       7.0       8.0       0.409350   358.820    74.830     2.830    0     119.847572      -0.301190
     -5.00      5.00       7.332100       0.389544       0.389544         8       7.0       8.0       0.409350   358.130    71.470    -1.300    0     119.831482      -0.301760
     -5.00     10.00       2.664200       0.399674       0.399674         8       7.0       8.0       0.409350   357.150    70.870    -5.520    0     119.815399      -0.302320
      0.00    -15.00      26.003710       0.138884       0.138884         8       7.0       8.0       0.409350     3.780    75.800    18.600    0     119.894257      -0.254300
      0.00    -10.00      21.335800       0.229529       0.229529         8       7.0       8.0       0.409350     2.880    75.990    12.010    0     119.878166      -0.254870
      0.00     -5.00      16.667900       0.306370       0.306370         8       7.0       8.0       0.409350     0.570    76.550     7.890    0     119.862091      -0.255430
      0.00      0.00      12.000000       0.360769       0.360769         8       7.0       8.0       0.409350   358.620    75.700     1.720    0     119.846001      -0.256000
      0.00      5.00       7.332100       0.391925       0.391925         8       7.0       8.0       0.409350   358.040    75.230    -2.920    0     119.829910      -0.256570
      0.00     10.00       2.664200       0.408626       0.408626         8       7.0       8.0       0.409350   356.730    73.220    -7.370    0     119.813828      -0.257130
      5.00    -15.00      26.003710       0.140580       0.140580         8       7.0       8.0       0.409350     3.580    74.710    12.640    0     119.892693      -0.209110
      5.00    -10.00      21.335800       0.228318       0.228318         8       7.0       8.0       0.409350     2.390    75.320     7.850    0     119.876602      -0.209680
      5.00     -5.00      16.667900       0.303996       0.303996         8       7.0       8.0       0.409350     0.480    74.560     6.210    0     119.860519      -0.210240
      5.00      0.00      12.000000       0.351403       0.351403         8       7.0       8.0       0.409350   358.060    75.900     0.030    0     119.844429      -0.210810
      5.00      5.00       7.332100       0.384134       0.384134         8       7.0       8.0       0.409350   357.550    77.190    -4.960    0     119.828346      -0.211370
      5.00     10.00       2.664200       0.402741       0.402741         8       7.0       8.0       0.409350   356.140    74.810    -9.520    0     119.812263      -0.211940
     10.00    -15.00      26.003710       0.134643       0.134643         8       7.0       8.0       0.409350     3.920    72.110     6.150    0     119.891121      -0.163920
     10.00    -10.00      21.335800       0.223595       0.223595         8       7.0       8.0       0.409350     2.600    73.020     4.150    0     119.875038      -0.164490
     10.00     -5.00      16.667900       0.288677       0.288677         8       7.0       8.0       0.409350     0.210    73.270     3.240    0     119.858948      -0.165050
     10.00      0.00      12.000000       0.329500       0.329500         8       7.0       8.0       0.409350   357.570    76.550    -1.290    0     119.842873      -0.165620
     10.00      5.00       7.332100       0.362905       0.362905         8       7.0       8.0       0.409350   356.420    76.810    -7.040    0     119.826782      -0.166180
     10.00     10.00       2.664200       0.379532       0.379532         8       7.0       8.0       0.409350   355.240    75.990   -11.970    0     119.810692      -0.166750
     15.00    -15.00      26.003710       0.120351       0.120351         8       7.0       8.0       0.409350     2.400    70.980    -2.200    0     119.889549      -0.118730
     15.00    -10.00      21.335800       0.210251       0.210251         8       7.0       8.0       0.409350     1.490    69.990    -1.630    0     119.873466      -0.119300
     15.00     -5.00      16.667900       0.262259       0.262259         8       7.0       8.0       0.409350   359.370    70.870    -1.350    0     119.857384      -0.119860
     15.00      0.00      12.000000       0.294291       0.294291         8       7.0       8.0       0.409350   356.790    77.160    -2.830    0     119.841301      -0.120430
     15.00      5.00       7.332100       0.323994       0.323994         8       7.0       8.0       0.409350   355.040    76.880    -9.520    0     119.825218      -0.120990
     15.00     10.00       2.664200       0.339693       0.339693         8       7.0       8.0       0.409350   353.840    76.420   -14.520    0     119.809128      -0.121560
     20.00    -15.00      26.003710       0.099556       0.099556         8       7.0       8.0       0.409350     2.290    70.950    -9.620    0     119.887978      -0.073540
     20.00    -10.00      21.335800       0.183516       0.183516         8       7.0       8.0       0.409350     0.070    66.880    -8.100    0     119.871902      -0.074100
     20.00     -5.00      16.667900       0.224168       0.224168         8       7.0       8.0       0.409350   357.450    68.330    -7.070    0     119.855812      -0.074670
     20.00      0.00      12.000000       0.247850       0.247850         8       7.0       8.0       0.409350   355.090    75.220    -5.960    0     119.839737      -0.075240
     20.00      5.00       7.332100       0.270663       0.270663         8       7.0       8.0       0.409350   352.430    75.560   -12.390    0     119.823647      -0.075800
     20.00     10.00       2.664200       0.286618       0.286618         8       7.0       8.0       0.409350   351.260    74.870   -17.570    0     119.807564      -0.076370
     25.00    -15.00      26.003710       0.076086       0.076086         8       7.0       8.0       0.409350     2.160    71.690   -18.930    0     119.886414      -0.028350
     25.00    -10.00      21.335800       0.146404       0.146404         8       7.0       8.0       0.409350   358.110    62.250   -14.150    0     119.870331      -0.028910
     25.00     -5.00      16.667900       0.176040       0.176040         8       7.0       8.0       0.409350   354.830    66.450   -13.430    0     119.854240      -0.029480
     25.00      0.00      12.000000       0.191386       0.191386         8       7.0       8.0       0.409350   352.140    72.130   -10.810    0     119.838173      -0.030050
     25.00      5.00       7.332100       0.210219       0.210219         8       7.0       8.0       0.409350   347.000    70.420   -18.900    0     119.822083      -0.030610
     25.00     10.00       2.664200       0.226455       0.226455         8       7.0       8.0       0.409350   346.090    70.050   -23.180    0     119.806000      -0.031180
     30.00    -15.00      26.003710       0.052727       0.052727         8       7.0       8.0       0.409350     8.770    79.730   -32.210    0     119.884850       0.016840
     30.00    -10.00      21.335800       0.097663       0.097663         8       7.0       8.0       0.409350   354.640    57.900   -20.520    0     119.868759       0.016280
     30.00     -5.00      16.667900       0.120963       0.120963         8       7.0       8.0       0.409350   350.040    61.530   -21.110    0     119.852669       0.015710
     30.00      0.00      12.000000       0.142912       0.142912         8       7.0       8.0       0.409350   338.190    53.370   -35.110    0     119.836601       0.015150
     30.00      5.00       7.332100       0.160579       0.160579         8       7.0       8.0       0.409350   331.020    53.540   -41.540    0     119.820518       0.014580
     30.00     10.00       2.664200       0.172366       0.172366         8       7.0       8.0       0.409350   334.810    57.990   -35.690    0     119.804428       0.014020
     35.00    -15.00      26.003710       0.033892       0.033892         8       7.0       8.0       0.409350   221.020    83.000    69.350    0     119.883278       0.062030
     35.00    -10.00      21.335800       0.053543       0.053543         8       7.0       8.0       0.409350   339.350    25.010    -7.600    0     119.867188       0.061470
     35.00     -5.00      16.667900       0.063931       0.063931         8       7.0       8.0       0.409350   343.550    56.190   -30.230    0     119.851097       0.060900
     35.00      0.00      12.000000       0.104219       0.104219         8       7.0       8.0       0.409350   316.310    43.280   -56.820    0     119.835037       0.060340
     35.00      5.00       7.332100       0.130777       0.130777         8       7.0       8.0       0.409350    95.230    54.700  -110.460    1     119.818947       0.059770
     35.00     10.00       2.664200       0.133993       0.133993         8       7.0       8.0       0.409350   316.790    43.860   -52.110    0     119.802856       0.059210
     40.00    -15.00      26.003710       0.021162       0.021162         8       7.0       8.0       0.409350   171.340    42.080   155.780    0     119.881706       0.107230
     40.00    -10.00      21.335800       0.022590       0.022590         8       7.0       8.0       0.409350   173.750    20.250   167.720    0     119.865623       0.106660
     40.00     -5.00      16.667900       0.023227       0.023227         8       7.0       8.0       0.409350   351.820    36.880    -4.420    0     119.849533       0.106090
     40.00      0.00      12.000000       0.079032       0.079032         8       7.0       8.0       0.409350    78.180    62.360  -110.000    1     119.833473       0.105530
     40.00      5.00       7.332100       0.100812       0.100812         8       7.0       8.0       0.409350    93.250    59.080   -98.240    1     119.817390       0.104960
     40.00     10.00       2.664200       0.098235       0.098235         8       7.0       8.0       0.409350    88.840    61.470  -106.100    1     119.801300       0.104400
     45.00    -15.00      26.003710       0.025463       0.025463         8       7.0       8.0       0.409350    86.680    26.900   -54.630    1     119.880142       0.152420
     45.00    -10.00      21.335800       0.034345       0.034345         8       7.0       8.0       0.409350    88.580    81.460    84.710    1     119.864052       0.151850
     45.00     -5.00      16.667900       0.035165       0.035165         8       7.0       8.0       0.409350    94.800    50.910   109.180    1     119.847961       0.151280
     45.00      0.00      12.000000       0.060248       0.060248         8       7.0       8.0       0.409350    54.420    73.920   -98.480    1     119.831909       0.150720
     45.00      5.00       7.332100       0.061507       0.061507         8       7.0       8.0       0.409350    86.010    65.450   -97.680    1     119.815819       0.150150
     45.00     10.00       2.664200       0.056127       0.056127         8       7.0       8.0       0.409350    84.050    70.770   -99.750    1     119.799728       0.149590
     50.00    -15.00      26.003710       0.029356       0.029356         8       7.0       8.0       0.409350    82.090    67.120    83.190    1     119.878571       0.197610
     50.00    -10.00      21.335800       0.009429       0.009429         8       7.0       8.0       0.409350   315.080    89.790   114.640    0     119.862480       0.197040
     50.00     -5.00      16.667900       0.015277       0.015277         8       7.0       8.0       0.409350   103.540    70.990   111.300    1     119.846390       0.196470
     50.00      0.00      12.000000       0.010720       0.010720         8       7.0       8.0       0.409350    57.270    84.040   -88.980    1     119.830338       0.195910
     50.00      5.00       7.332100       0.006281       0.006281         8       7.0       8.0       0.409350   164.090    26.120   147.560    0     119.814247       0.195340
     50.00     10.00       2.664200       0.006148       0.006148         8       7.0       8.0       0.409350   162.490     6.140   154.770    0     119.798172       0.194780
