 Time, Strike loc, Ave. slip-rate along dip, Max slip-rate along dip
   0.00000000      -170.000000       0.00000000       0.00000000    
   1.00000000      -170.000000       0.00000000       0.00000000    
   2.00000000      -170.000000       0.00000000       0.00000000    
   3.00000000      -170.000000       0.00000000       0.00000000    
   4.00000000      -170.000000       0.00000000       0.00000000    
   5.00000000      -170.000000       0.00000000       0.00000000    
   6.00000000      -170.000000       0.00000000       0.00000000    
   7.00000000      -170.000000       0.00000000       0.00000000    
   8.00000000      -170.000000       0.00000000       0.00000000    
   9.00000000      -170.000000       0.00000000       0.00000000    
   10.0000000      -170.000000       0.00000000       0.00000000    
   11.0000000      -170.000000       0.00000000       0.00000000    
   12.0000000      -170.000000       0.00000000       0.00000000    
   13.0000000      -170.000000       0.00000000       0.00000000    
   14.0000000      -170.000000       0.00000000       0.00000000    
   15.0000000      -170.000000       0.00000000       0.00000000    
   16.0000000      -170.000000       0.00000000       0.00000000    
   17.0000000      -170.000000       0.00000000       0.00000000    
   18.0000000      -170.000000       0.00000000       0.00000000    
   19.0000000      -170.000000       0.00000000       0.00000000    
   20.0000000      -170.000000       0.00000000       0.00000000    
   21.0000000      -170.000000       0.00000000       0.00000000    
   22.0000000      -170.000000       0.00000000       0.00000000    
   23.0000000      -170.000000       0.00000000       0.00000000    
   24.0000000      -170.000000       0.00000000       0.00000000    
   25.0000000      -170.000000       0.00000000       0.00000000    
   26.0000000      -170.000000       0.00000000       0.00000000    
   27.0000000      -170.000000       0.00000000       0.00000000    
   28.0000000      -170.000000       0.00000000       0.00000000    
   29.0000000      -170.000000       0.00000000       0.00000000    
   30.0000000      -170.000000       0.00000000       0.00000000    
   31.0000000      -170.000000       0.00000000       0.00000000    
   32.0000000      -170.000000       0.00000000       0.00000000    
   33.0000000      -170.000000       0.00000000       0.00000000    
   34.0000000      -170.000000       0.00000000       0.00000000    
   35.0000000      -170.000000       0.00000000       0.00000000    
   36.0000000      -170.000000       0.00000000       0.00000000    
   37.0000000      -170.000000       0.00000000       0.00000000    
   38.0000000      -170.000000       0.00000000       0.00000000    
   39.0000000      -170.000000       0.00000000       0.00000000    
   0.00000000      -160.000000       0.00000000       0.00000000    
   1.00000000      -160.000000       0.00000000       0.00000000    
   2.00000000      -160.000000       0.00000000       0.00000000    
   3.00000000      -160.000000       0.00000000       0.00000000    
   4.00000000      -160.000000       0.00000000       0.00000000    
   5.00000000      -160.000000       0.00000000       0.00000000    
   6.00000000      -160.000000       0.00000000       0.00000000    
   7.00000000      -160.000000       0.00000000       0.00000000    
   8.00000000      -160.000000       0.00000000       0.00000000    
   9.00000000      -160.000000       0.00000000       0.00000000    
   10.0000000      -160.000000       0.00000000       0.00000000    
   11.0000000      -160.000000       0.00000000       0.00000000    
   12.0000000      -160.000000       0.00000000       0.00000000    
   13.0000000      -160.000000       0.00000000       0.00000000    
   14.0000000      -160.000000       0.00000000       0.00000000    
   15.0000000      -160.000000       0.00000000       0.00000000    
   16.0000000      -160.000000       0.00000000       0.00000000    
   17.0000000      -160.000000       0.00000000       0.00000000    
   18.0000000      -160.000000       0.00000000       0.00000000    
   19.0000000      -160.000000       0.00000000       0.00000000    
   20.0000000      -160.000000       0.00000000       0.00000000    
   21.0000000      -160.000000       0.00000000       0.00000000    
   22.0000000      -160.000000       0.00000000       0.00000000    
   23.0000000      -160.000000       0.00000000       0.00000000    
   24.0000000      -160.000000       0.00000000       0.00000000    
   25.0000000      -160.000000       0.00000000       0.00000000    
   26.0000000      -160.000000       0.00000000       0.00000000    
   27.0000000      -160.000000       0.00000000       0.00000000    
   28.0000000      -160.000000       0.00000000       0.00000000    
   29.0000000      -160.000000       0.00000000       0.00000000    
   30.0000000      -160.000000       0.00000000       0.00000000    
   31.0000000      -160.000000       0.00000000       0.00000000    
   32.0000000      -160.000000       0.00000000       0.00000000    
   33.0000000      -160.000000       0.00000000       0.00000000    
   34.0000000      -160.000000       0.00000000       0.00000000    
   35.0000000      -160.000000       0.00000000       0.00000000    
   36.0000000      -160.000000       0.00000000       0.00000000    
   37.0000000      -160.000000       0.00000000       0.00000000    
   38.0000000      -160.000000       0.00000000       0.00000000    
   39.0000000      -160.000000       0.00000000       0.00000000    
   0.00000000      -150.000000       0.00000000       0.00000000    
   1.00000000      -150.000000       0.00000000       0.00000000    
   2.00000000      -150.000000       0.00000000       0.00000000    
   3.00000000      -150.000000       0.00000000       0.00000000    
   4.00000000      -150.000000       0.00000000       0.00000000    
   5.00000000      -150.000000       0.00000000       0.00000000    
   6.00000000      -150.000000       0.00000000       0.00000000    
   7.00000000      -150.000000       0.00000000       0.00000000    
   8.00000000      -150.000000       0.00000000       0.00000000    
   9.00000000      -150.000000       0.00000000       0.00000000    
   10.0000000      -150.000000       0.00000000       0.00000000    
   11.0000000      -150.000000       0.00000000       0.00000000    
   12.0000000      -150.000000       0.00000000       0.00000000    
   13.0000000      -150.000000       0.00000000       0.00000000    
   14.0000000      -150.000000       0.00000000       0.00000000    
   15.0000000      -150.000000       0.00000000       0.00000000    
   16.0000000      -150.000000       0.00000000       0.00000000    
   17.0000000      -150.000000       0.00000000       0.00000000    
   18.0000000      -150.000000       0.00000000       0.00000000    
   19.0000000      -150.000000       0.00000000       0.00000000    
   20.0000000      -150.000000       0.00000000       0.00000000    
   21.0000000      -150.000000       0.00000000       0.00000000    
   22.0000000      -150.000000       0.00000000       0.00000000    
   23.0000000      -150.000000       0.00000000       0.00000000    
   24.0000000      -150.000000       0.00000000       0.00000000    
   25.0000000      -150.000000       0.00000000       0.00000000    
   26.0000000      -150.000000       0.00000000       0.00000000    
   27.0000000      -150.000000       0.00000000       0.00000000    
   28.0000000      -150.000000       0.00000000       0.00000000    
   29.0000000      -150.000000       0.00000000       0.00000000    
   30.0000000      -150.000000       0.00000000       0.00000000    
   31.0000000      -150.000000       0.00000000       0.00000000    
   32.0000000      -150.000000       0.00000000       0.00000000    
   33.0000000      -150.000000       0.00000000       0.00000000    
   34.0000000      -150.000000       0.00000000       0.00000000    
   35.0000000      -150.000000       0.00000000       0.00000000    
   36.0000000      -150.000000       0.00000000       0.00000000    
   37.0000000      -150.000000       0.00000000       0.00000000    
   38.0000000      -150.000000       0.00000000       0.00000000    
   39.0000000      -150.000000       0.00000000       0.00000000    
   0.00000000      -140.000000       0.00000000       0.00000000    
   1.00000000      -140.000000       0.00000000       0.00000000    
   2.00000000      -140.000000       0.00000000       0.00000000    
   3.00000000      -140.000000       0.00000000       0.00000000    
   4.00000000      -140.000000       0.00000000       0.00000000    
   5.00000000      -140.000000       0.00000000       0.00000000    
   6.00000000      -140.000000       0.00000000       0.00000000    
   7.00000000      -140.000000       0.00000000       0.00000000    
   8.00000000      -140.000000       0.00000000       0.00000000    
   9.00000000      -140.000000       0.00000000       0.00000000    
   10.0000000      -140.000000       0.00000000       0.00000000    
   11.0000000      -140.000000       0.00000000       0.00000000    
   12.0000000      -140.000000       0.00000000       0.00000000    
   13.0000000      -140.000000       0.00000000       0.00000000    
   14.0000000      -140.000000       0.00000000       0.00000000    
   15.0000000      -140.000000       0.00000000       0.00000000    
   16.0000000      -140.000000       0.00000000       0.00000000    
   17.0000000      -140.000000       0.00000000       0.00000000    
   18.0000000      -140.000000       0.00000000       0.00000000    
   19.0000000      -140.000000       0.00000000       0.00000000    
   20.0000000      -140.000000       0.00000000       0.00000000    
   21.0000000      -140.000000       0.00000000       0.00000000    
   22.0000000      -140.000000       0.00000000       0.00000000    
   23.0000000      -140.000000       0.00000000       0.00000000    
   24.0000000      -140.000000       0.00000000       0.00000000    
   25.0000000      -140.000000       0.00000000       0.00000000    
   26.0000000      -140.000000       0.00000000       0.00000000    
   27.0000000      -140.000000       0.00000000       0.00000000    
   28.0000000      -140.000000       0.00000000       0.00000000    
   29.0000000      -140.000000       0.00000000       0.00000000    
   30.0000000      -140.000000       0.00000000       0.00000000    
   31.0000000      -140.000000       0.00000000       0.00000000    
   32.0000000      -140.000000       0.00000000       0.00000000    
   33.0000000      -140.000000       0.00000000       0.00000000    
   34.0000000      -140.000000       0.00000000       0.00000000    
   35.0000000      -140.000000       0.00000000       0.00000000    
   36.0000000      -140.000000       0.00000000       0.00000000    
   37.0000000      -140.000000       0.00000000       0.00000000    
   38.0000000      -140.000000       0.00000000       0.00000000    
   39.0000000      -140.000000       0.00000000       0.00000000    
   0.00000000      -130.000000       0.00000000       0.00000000    
   1.00000000      -130.000000       0.00000000       0.00000000    
   2.00000000      -130.000000       0.00000000       0.00000000    
   3.00000000      -130.000000       0.00000000       0.00000000    
   4.00000000      -130.000000       0.00000000       0.00000000    
   5.00000000      -130.000000       0.00000000       0.00000000    
   6.00000000      -130.000000       0.00000000       0.00000000    
   7.00000000      -130.000000       0.00000000       0.00000000    
   8.00000000      -130.000000       0.00000000       0.00000000    
   9.00000000      -130.000000       0.00000000       0.00000000    
   10.0000000      -130.000000       0.00000000       0.00000000    
   11.0000000      -130.000000       0.00000000       0.00000000    
   12.0000000      -130.000000       0.00000000       0.00000000    
   13.0000000      -130.000000       0.00000000       0.00000000    
   14.0000000      -130.000000       0.00000000       0.00000000    
   15.0000000      -130.000000       0.00000000       0.00000000    
   16.0000000      -130.000000       0.00000000       0.00000000    
   17.0000000      -130.000000       0.00000000       0.00000000    
   18.0000000      -130.000000       0.00000000       0.00000000    
   19.0000000      -130.000000       0.00000000       0.00000000    
   20.0000000      -130.000000       5.00500016E-03   5.00500016E-03
   21.0000000      -130.000000       1.41049996E-02   1.41049996E-02
   22.0000000      -130.000000       2.32050028E-02   2.32050009E-02
   23.0000000      -130.000000       2.73000002E-02   2.73000002E-02
   24.0000000      -130.000000       2.73000002E-02   2.73000002E-02
   25.0000000      -130.000000       2.73000002E-02   2.73000002E-02
   26.0000000      -130.000000       2.73000002E-02   2.73000002E-02
   27.0000000      -130.000000       2.73000002E-02   2.73000002E-02
   28.0000000      -130.000000       2.73000002E-02   2.73000002E-02
   29.0000000      -130.000000       2.73000002E-02   2.73000002E-02
   30.0000000      -130.000000       2.73000002E-02   2.73000002E-02
   31.0000000      -130.000000       2.73000002E-02   2.73000002E-02
   32.0000000      -130.000000       2.73000002E-02   2.73000002E-02
   33.0000000      -130.000000       2.73000002E-02   2.73000002E-02
   34.0000000      -130.000000       2.73000002E-02   2.73000002E-02
   35.0000000      -130.000000       2.73000002E-02   2.73000002E-02
   36.0000000      -130.000000       2.73000002E-02   2.73000002E-02
   37.0000000      -130.000000       2.73000002E-02   2.73000002E-02
   38.0000000      -130.000000       2.22950000E-02   2.22950000E-02
   39.0000000      -130.000000       1.31949997E-02   1.31949997E-02
   0.00000000      -120.000000       0.00000000       0.00000000    
   1.00000000      -120.000000       0.00000000       0.00000000    
   2.00000000      -120.000000       0.00000000       0.00000000    
   3.00000000      -120.000000       0.00000000       0.00000000    
   4.00000000      -120.000000       0.00000000       0.00000000    
   5.00000000      -120.000000       0.00000000       0.00000000    
   6.00000000      -120.000000       0.00000000       0.00000000    
   7.00000000      -120.000000       0.00000000       0.00000000    
   8.00000000      -120.000000       0.00000000       0.00000000    
   9.00000000      -120.000000       0.00000000       0.00000000    
   10.0000000      -120.000000       0.00000000       0.00000000    
   11.0000000      -120.000000       0.00000000       0.00000000    
   12.0000000      -120.000000       0.00000000       0.00000000    
   13.0000000      -120.000000       0.00000000       0.00000000    
   14.0000000      -120.000000       0.00000000       0.00000000    
   15.0000000      -120.000000       0.00000000       0.00000000    
   16.0000000      -120.000000       0.00000000       0.00000000    
   17.0000000      -120.000000       0.00000000       0.00000000    
   18.0000000      -120.000000       5.00500016E-03   5.00500016E-03
   19.0000000      -120.000000       1.41049996E-02   1.41049996E-02
   20.0000000      -120.000000       2.32050028E-02   2.32050009E-02
   21.0000000      -120.000000       3.23049985E-02   3.23049985E-02
   22.0000000      -120.000000       4.14049998E-02   4.14049998E-02
   23.0000000      -120.000000       5.04500009E-02   5.04500009E-02
   24.0000000      -120.000000       5.95050007E-02   5.95050007E-02
   25.0000000      -120.000000       6.36000037E-02   6.36000037E-02
   26.0000000      -120.000000       6.36000037E-02   6.36000037E-02
   27.0000000      -120.000000       6.36000037E-02   6.36000037E-02
   28.0000000      -120.000000       6.36000037E-02   6.36000037E-02
   29.0000000      -120.000000       6.36000037E-02   6.36000037E-02
   30.0000000      -120.000000       6.36000037E-02   6.36000037E-02
   31.0000000      -120.000000       6.36000037E-02   6.36000037E-02
   32.0000000      -120.000000       5.85950017E-02   5.85950017E-02
   33.0000000      -120.000000       4.95500006E-02   4.95500006E-02
   34.0000000      -120.000000       4.04950008E-02   4.04950008E-02
   35.0000000      -120.000000       3.13949995E-02   3.13949995E-02
   36.0000000      -120.000000       2.22950000E-02   2.22950000E-02
   37.0000000      -120.000000       1.31949997E-02   1.31949997E-02
   38.0000000      -120.000000       4.09500021E-03   4.09500021E-03
   39.0000000      -120.000000       0.00000000       0.00000000    
   0.00000000      -110.000000       0.00000000       0.00000000    
   1.00000000      -110.000000       0.00000000       0.00000000    
   2.00000000      -110.000000       0.00000000       0.00000000    
   3.00000000      -110.000000       0.00000000       0.00000000    
   4.00000000      -110.000000       0.00000000       0.00000000    
   5.00000000      -110.000000       0.00000000       0.00000000    
   6.00000000      -110.000000       0.00000000       0.00000000    
   7.00000000      -110.000000       0.00000000       0.00000000    
   8.00000000      -110.000000       0.00000000       0.00000000    
   9.00000000      -110.000000       0.00000000       0.00000000    
   10.0000000      -110.000000       0.00000000       0.00000000    
   11.0000000      -110.000000       0.00000000       0.00000000    
   12.0000000      -110.000000       0.00000000       0.00000000    
   13.0000000      -110.000000       0.00000000       0.00000000    
   14.0000000      -110.000000       0.00000000       0.00000000    
   15.0000000      -110.000000       0.00000000       0.00000000    
   16.0000000      -110.000000       5.00500016E-03   5.00500016E-03
   17.0000000      -110.000000       1.41049996E-02   1.41049996E-02
   18.0000000      -110.000000       2.32050028E-02   2.32050009E-02
   19.0000000      -110.000000       3.23049985E-02   3.23049985E-02
   20.0000000      -110.000000       4.14049998E-02   4.14049998E-02
   21.0000000      -110.000000       5.04500009E-02   5.04500009E-02
   22.0000000      -110.000000       5.95050007E-02   5.95050007E-02
   23.0000000      -110.000000       6.52683377E-02   6.86049983E-02
   24.0000000      -110.000000       6.83016703E-02   7.77050033E-02
   25.0000000      -110.000000       7.13350028E-02   8.68050009E-02
   26.0000000      -110.000000       7.27000013E-02   9.08999965E-02
   27.0000000      -110.000000       7.10316673E-02   8.58950019E-02
   28.0000000      -110.000000       6.79983348E-02   7.67949969E-02
   29.0000000      -110.000000       6.49650022E-02   6.76949993E-02
   30.0000000      -110.000000       5.85950017E-02   5.85950017E-02
   31.0000000      -110.000000       4.95500006E-02   4.95500006E-02
   32.0000000      -110.000000       4.04950008E-02   4.04950008E-02
   33.0000000      -110.000000       3.13949995E-02   3.13949995E-02
   34.0000000      -110.000000       2.22950000E-02   2.22950000E-02
   35.0000000      -110.000000       1.31949997E-02   1.31949997E-02
   36.0000000      -110.000000       4.09500021E-03   4.09500021E-03
   37.0000000      -110.000000       0.00000000       0.00000000    
   38.0000000      -110.000000       0.00000000       0.00000000    
   39.0000000      -110.000000       0.00000000       0.00000000    
   0.00000000      -100.000000       0.00000000       0.00000000    
   1.00000000      -100.000000       0.00000000       0.00000000    
   2.00000000      -100.000000       0.00000000       0.00000000    
   3.00000000      -100.000000       0.00000000       0.00000000    
   4.00000000      -100.000000       0.00000000       0.00000000    
   5.00000000      -100.000000       0.00000000       0.00000000    
   6.00000000      -100.000000       0.00000000       0.00000000    
   7.00000000      -100.000000       0.00000000       0.00000000    
   8.00000000      -100.000000       0.00000000       0.00000000    
   9.00000000      -100.000000       0.00000000       0.00000000    
   10.0000000      -100.000000       0.00000000       0.00000000    
   11.0000000      -100.000000       0.00000000       0.00000000    
   12.0000000      -100.000000       0.00000000       0.00000000    
   13.0000000      -100.000000       0.00000000       0.00000000    
   14.0000000      -100.000000       0.00000000       0.00000000    
   15.0000000      -100.000000       5.00500016E-03   5.00500016E-03
   16.0000000      -100.000000       1.41049996E-02   1.41049996E-02
   17.0000000      -100.000000       2.32050028E-02   2.32050009E-02
   18.0000000      -100.000000       3.23049985E-02   3.23049985E-02
   19.0000000      -100.000000       4.14049998E-02   4.14049998E-02
   20.0000000      -100.000000       5.04500009E-02   5.04500009E-02
   21.0000000      -100.000000       5.95050007E-02   5.95050007E-02
   22.0000000      -100.000000       6.36000037E-02   6.36000037E-02
   23.0000000      -100.000000       6.36000037E-02   6.36000037E-02
   24.0000000      -100.000000       6.36000037E-02   6.36000037E-02
   25.0000000      -100.000000       6.36000037E-02   6.36000037E-02
   26.0000000      -100.000000       6.36000037E-02   6.36000037E-02
   27.0000000      -100.000000       6.36000037E-02   6.36000037E-02
   28.0000000      -100.000000       6.36000037E-02   6.36000037E-02
   29.0000000      -100.000000       5.85950017E-02   5.85950017E-02
   30.0000000      -100.000000       4.95500006E-02   4.95500006E-02
   31.0000000      -100.000000       4.04950008E-02   4.04950008E-02
   32.0000000      -100.000000       3.13949995E-02   3.13949995E-02
   33.0000000      -100.000000       2.22950000E-02   2.22950000E-02
   34.0000000      -100.000000       1.31949997E-02   1.31949997E-02
   35.0000000      -100.000000       4.09500021E-03   4.09500021E-03
   36.0000000      -100.000000       0.00000000       0.00000000    
   37.0000000      -100.000000       0.00000000       0.00000000    
   38.0000000      -100.000000       0.00000000       0.00000000    
   39.0000000      -100.000000       0.00000000       0.00000000    
   0.00000000      -90.0000000       0.00000000       0.00000000    
   1.00000000      -90.0000000       0.00000000       0.00000000    
   2.00000000      -90.0000000       0.00000000       0.00000000    
   3.00000000      -90.0000000       0.00000000       0.00000000    
   4.00000000      -90.0000000       0.00000000       0.00000000    
   5.00000000      -90.0000000       0.00000000       0.00000000    
   6.00000000      -90.0000000       0.00000000       0.00000000    
   7.00000000      -90.0000000       0.00000000       0.00000000    
   8.00000000      -90.0000000       0.00000000       0.00000000    
   9.00000000      -90.0000000       0.00000000       0.00000000    
   10.0000000      -90.0000000       0.00000000       0.00000000    
   11.0000000      -90.0000000       0.00000000       0.00000000    
   12.0000000      -90.0000000       0.00000000       0.00000000    
   13.0000000      -90.0000000       5.00500016E-03   5.00500016E-03
   14.0000000      -90.0000000       1.41049996E-02   1.41049996E-02
   15.0000000      -90.0000000       2.32050028E-02   2.32050009E-02
   16.0000000      -90.0000000       2.73000002E-02   2.73000002E-02
   17.0000000      -90.0000000       2.73000002E-02   2.73000002E-02
   18.0000000      -90.0000000       2.73000002E-02   2.73000002E-02
   19.0000000      -90.0000000       2.73000002E-02   2.73000002E-02
   20.0000000      -90.0000000       2.73000002E-02   2.73000002E-02
   21.0000000      -90.0000000       2.73000002E-02   2.73000002E-02
   22.0000000      -90.0000000       2.73000002E-02   2.73000002E-02
   23.0000000      -90.0000000       2.73000002E-02   2.73000002E-02
   24.0000000      -90.0000000       2.73000002E-02   2.73000002E-02
   25.0000000      -90.0000000       2.73000002E-02   2.73000002E-02
   26.0000000      -90.0000000       2.73000002E-02   2.73000002E-02
   27.0000000      -90.0000000       2.73000002E-02   2.73000002E-02
   28.0000000      -90.0000000       2.73000002E-02   2.73000002E-02
   29.0000000      -90.0000000       2.73000002E-02   2.73000002E-02
   30.0000000      -90.0000000       2.73000002E-02   2.73000002E-02
   31.0000000      -90.0000000       2.22950000E-02   2.22950000E-02
   32.0000000      -90.0000000       1.31949997E-02   1.31949997E-02
   33.0000000      -90.0000000       4.09500021E-03   4.09500021E-03
   34.0000000      -90.0000000       0.00000000       0.00000000    
   35.0000000      -90.0000000       0.00000000       0.00000000    
   36.0000000      -90.0000000       0.00000000       0.00000000    
   37.0000000      -90.0000000       0.00000000       0.00000000    
   38.0000000      -90.0000000       0.00000000       0.00000000    
   39.0000000      -90.0000000       0.00000000       0.00000000    
   0.00000000      -80.0000000       0.00000000       0.00000000    
   1.00000000      -80.0000000       0.00000000       0.00000000    
   2.00000000      -80.0000000       0.00000000       0.00000000    
   3.00000000      -80.0000000       0.00000000       0.00000000    
   4.00000000      -80.0000000       0.00000000       0.00000000    
   5.00000000      -80.0000000       0.00000000       0.00000000    
   6.00000000      -80.0000000       0.00000000       0.00000000    
   7.00000000      -80.0000000       0.00000000       0.00000000    
   8.00000000      -80.0000000       0.00000000       0.00000000    
   9.00000000      -80.0000000       0.00000000       0.00000000    
   10.0000000      -80.0000000       0.00000000       0.00000000    
   11.0000000      -80.0000000       0.00000000       0.00000000    
   12.0000000      -80.0000000       0.00000000       0.00000000    
   13.0000000      -80.0000000       0.00000000       0.00000000    
   14.0000000      -80.0000000       0.00000000       0.00000000    
   15.0000000      -80.0000000       0.00000000       0.00000000    
   16.0000000      -80.0000000       0.00000000       0.00000000    
   17.0000000      -80.0000000       0.00000000       0.00000000    
   18.0000000      -80.0000000       0.00000000       0.00000000    
   19.0000000      -80.0000000       0.00000000       0.00000000    
   20.0000000      -80.0000000       0.00000000       0.00000000    
   21.0000000      -80.0000000       0.00000000       0.00000000    
   22.0000000      -80.0000000       0.00000000       0.00000000    
   23.0000000      -80.0000000       0.00000000       0.00000000    
   24.0000000      -80.0000000       0.00000000       0.00000000    
   25.0000000      -80.0000000       0.00000000       0.00000000    
   26.0000000      -80.0000000       0.00000000       0.00000000    
   27.0000000      -80.0000000       0.00000000       0.00000000    
   28.0000000      -80.0000000       0.00000000       0.00000000    
   29.0000000      -80.0000000       0.00000000       0.00000000    
   30.0000000      -80.0000000       0.00000000       0.00000000    
   31.0000000      -80.0000000       0.00000000       0.00000000    
   32.0000000      -80.0000000       0.00000000       0.00000000    
   33.0000000      -80.0000000       0.00000000       0.00000000    
   34.0000000      -80.0000000       0.00000000       0.00000000    
   35.0000000      -80.0000000       0.00000000       0.00000000    
   36.0000000      -80.0000000       0.00000000       0.00000000    
   37.0000000      -80.0000000       0.00000000       0.00000000    
   38.0000000      -80.0000000       0.00000000       0.00000000    
   39.0000000      -80.0000000       0.00000000       0.00000000    
   0.00000000      -70.0000000       0.00000000       0.00000000    
   1.00000000      -70.0000000       0.00000000       0.00000000    
   2.00000000      -70.0000000       0.00000000       0.00000000    
   3.00000000      -70.0000000       0.00000000       0.00000000    
   4.00000000      -70.0000000       0.00000000       0.00000000    
   5.00000000      -70.0000000       0.00000000       0.00000000    
   6.00000000      -70.0000000       0.00000000       0.00000000    
   7.00000000      -70.0000000       0.00000000       0.00000000    
   8.00000000      -70.0000000       0.00000000       0.00000000    
   9.00000000      -70.0000000       0.00000000       0.00000000    
   10.0000000      -70.0000000       0.00000000       0.00000000    
   11.0000000      -70.0000000       0.00000000       0.00000000    
   12.0000000      -70.0000000       0.00000000       0.00000000    
   13.0000000      -70.0000000       0.00000000       0.00000000    
   14.0000000      -70.0000000       0.00000000       0.00000000    
   15.0000000      -70.0000000       0.00000000       0.00000000    
   16.0000000      -70.0000000       0.00000000       0.00000000    
   17.0000000      -70.0000000       0.00000000       0.00000000    
   18.0000000      -70.0000000       0.00000000       0.00000000    
   19.0000000      -70.0000000       0.00000000       0.00000000    
   20.0000000      -70.0000000       0.00000000       0.00000000    
   21.0000000      -70.0000000       0.00000000       0.00000000    
   22.0000000      -70.0000000       0.00000000       0.00000000    
   23.0000000      -70.0000000       0.00000000       0.00000000    
   24.0000000      -70.0000000       0.00000000       0.00000000    
   25.0000000      -70.0000000       0.00000000       0.00000000    
   26.0000000      -70.0000000       0.00000000       0.00000000    
   27.0000000      -70.0000000       0.00000000       0.00000000    
   28.0000000      -70.0000000       0.00000000       0.00000000    
   29.0000000      -70.0000000       0.00000000       0.00000000    
   30.0000000      -70.0000000       0.00000000       0.00000000    
   31.0000000      -70.0000000       0.00000000       0.00000000    
   32.0000000      -70.0000000       0.00000000       0.00000000    
   33.0000000      -70.0000000       0.00000000       0.00000000    
   34.0000000      -70.0000000       0.00000000       0.00000000    
   35.0000000      -70.0000000       0.00000000       0.00000000    
   36.0000000      -70.0000000       0.00000000       0.00000000    
   37.0000000      -70.0000000       0.00000000       0.00000000    
   38.0000000      -70.0000000       0.00000000       0.00000000    
   39.0000000      -70.0000000       0.00000000       0.00000000    
   0.00000000      -60.0000000       0.00000000       0.00000000    
   1.00000000      -60.0000000       0.00000000       0.00000000    
   2.00000000      -60.0000000       0.00000000       0.00000000    
   3.00000000      -60.0000000       0.00000000       0.00000000    
   4.00000000      -60.0000000       0.00000000       0.00000000    
   5.00000000      -60.0000000       0.00000000       0.00000000    
   6.00000000      -60.0000000       0.00000000       0.00000000    
   7.00000000      -60.0000000       0.00000000       0.00000000    
   8.00000000      -60.0000000       0.00000000       0.00000000    
   9.00000000      -60.0000000       0.00000000       0.00000000    
   10.0000000      -60.0000000       0.00000000       0.00000000    
   11.0000000      -60.0000000       0.00000000       0.00000000    
   12.0000000      -60.0000000       0.00000000       0.00000000    
   13.0000000      -60.0000000       0.00000000       0.00000000    
   14.0000000      -60.0000000       0.00000000       0.00000000    
   15.0000000      -60.0000000       0.00000000       0.00000000    
   16.0000000      -60.0000000       0.00000000       0.00000000    
   17.0000000      -60.0000000       0.00000000       0.00000000    
   18.0000000      -60.0000000       0.00000000       0.00000000    
   19.0000000      -60.0000000       0.00000000       0.00000000    
   20.0000000      -60.0000000       0.00000000       0.00000000    
   21.0000000      -60.0000000       0.00000000       0.00000000    
   22.0000000      -60.0000000       0.00000000       0.00000000    
   23.0000000      -60.0000000       0.00000000       0.00000000    
   24.0000000      -60.0000000       0.00000000       0.00000000    
   25.0000000      -60.0000000       0.00000000       0.00000000    
   26.0000000      -60.0000000       0.00000000       0.00000000    
   27.0000000      -60.0000000       0.00000000       0.00000000    
   28.0000000      -60.0000000       0.00000000       0.00000000    
   29.0000000      -60.0000000       0.00000000       0.00000000    
   30.0000000      -60.0000000       0.00000000       0.00000000    
   31.0000000      -60.0000000       0.00000000       0.00000000    
   32.0000000      -60.0000000       0.00000000       0.00000000    
   33.0000000      -60.0000000       0.00000000       0.00000000    
   34.0000000      -60.0000000       0.00000000       0.00000000    
   35.0000000      -60.0000000       0.00000000       0.00000000    
   36.0000000      -60.0000000       0.00000000       0.00000000    
   37.0000000      -60.0000000       0.00000000       0.00000000    
   38.0000000      -60.0000000       0.00000000       0.00000000    
   39.0000000      -60.0000000       0.00000000       0.00000000    
   0.00000000      -50.0000000       0.00000000       0.00000000    
   1.00000000      -50.0000000       0.00000000       0.00000000    
   2.00000000      -50.0000000       0.00000000       0.00000000    
   3.00000000      -50.0000000       0.00000000       0.00000000    
   4.00000000      -50.0000000       0.00000000       0.00000000    
   5.00000000      -50.0000000       0.00000000       0.00000000    
   6.00000000      -50.0000000       0.00000000       0.00000000    
   7.00000000      -50.0000000       0.00000000       0.00000000    
   8.00000000      -50.0000000       0.00000000       0.00000000    
   9.00000000      -50.0000000       0.00000000       0.00000000    
   10.0000000      -50.0000000       0.00000000       0.00000000    
   11.0000000      -50.0000000       0.00000000       0.00000000    
   12.0000000      -50.0000000       0.00000000       0.00000000    
   13.0000000      -50.0000000       0.00000000       0.00000000    
   14.0000000      -50.0000000       0.00000000       0.00000000    
   15.0000000      -50.0000000       0.00000000       0.00000000    
   16.0000000      -50.0000000       0.00000000       0.00000000    
   17.0000000      -50.0000000       0.00000000       0.00000000    
   18.0000000      -50.0000000       0.00000000       0.00000000    
   19.0000000      -50.0000000       0.00000000       0.00000000    
   20.0000000      -50.0000000       0.00000000       0.00000000    
   21.0000000      -50.0000000       0.00000000       0.00000000    
   22.0000000      -50.0000000       0.00000000       0.00000000    
   23.0000000      -50.0000000       0.00000000       0.00000000    
   24.0000000      -50.0000000       0.00000000       0.00000000    
   25.0000000      -50.0000000       0.00000000       0.00000000    
   26.0000000      -50.0000000       0.00000000       0.00000000    
   27.0000000      -50.0000000       0.00000000       0.00000000    
   28.0000000      -50.0000000       0.00000000       0.00000000    
   29.0000000      -50.0000000       0.00000000       0.00000000    
   30.0000000      -50.0000000       0.00000000       0.00000000    
   31.0000000      -50.0000000       0.00000000       0.00000000    
   32.0000000      -50.0000000       0.00000000       0.00000000    
   33.0000000      -50.0000000       0.00000000       0.00000000    
   34.0000000      -50.0000000       0.00000000       0.00000000    
   35.0000000      -50.0000000       0.00000000       0.00000000    
   36.0000000      -50.0000000       0.00000000       0.00000000    
   37.0000000      -50.0000000       0.00000000       0.00000000    
   38.0000000      -50.0000000       0.00000000       0.00000000    
   39.0000000      -50.0000000       0.00000000       0.00000000    
   0.00000000      -40.0000000       0.00000000       0.00000000    
   1.00000000      -40.0000000       0.00000000       0.00000000    
   2.00000000      -40.0000000       0.00000000       0.00000000    
   3.00000000      -40.0000000       0.00000000       0.00000000    
   4.00000000      -40.0000000       0.00000000       0.00000000    
   5.00000000      -40.0000000       0.00000000       0.00000000    
   6.00000000      -40.0000000       0.00000000       0.00000000    
   7.00000000      -40.0000000       0.00000000       0.00000000    
   8.00000000      -40.0000000       0.00000000       0.00000000    
   9.00000000      -40.0000000       0.00000000       0.00000000    
   10.0000000      -40.0000000       0.00000000       0.00000000    
   11.0000000      -40.0000000       0.00000000       0.00000000    
   12.0000000      -40.0000000       0.00000000       0.00000000    
   13.0000000      -40.0000000       0.00000000       0.00000000    
   14.0000000      -40.0000000       0.00000000       0.00000000    
   15.0000000      -40.0000000       0.00000000       0.00000000    
   16.0000000      -40.0000000       0.00000000       0.00000000    
   17.0000000      -40.0000000       0.00000000       0.00000000    
   18.0000000      -40.0000000       0.00000000       0.00000000    
   19.0000000      -40.0000000       0.00000000       0.00000000    
   20.0000000      -40.0000000       0.00000000       0.00000000    
   21.0000000      -40.0000000       0.00000000       0.00000000    
   22.0000000      -40.0000000       0.00000000       0.00000000    
   23.0000000      -40.0000000       0.00000000       0.00000000    
   24.0000000      -40.0000000       0.00000000       0.00000000    
   25.0000000      -40.0000000       0.00000000       0.00000000    
   26.0000000      -40.0000000       0.00000000       0.00000000    
   27.0000000      -40.0000000       0.00000000       0.00000000    
   28.0000000      -40.0000000       0.00000000       0.00000000    
   29.0000000      -40.0000000       0.00000000       0.00000000    
   30.0000000      -40.0000000       0.00000000       0.00000000    
   31.0000000      -40.0000000       0.00000000       0.00000000    
   32.0000000      -40.0000000       0.00000000       0.00000000    
   33.0000000      -40.0000000       0.00000000       0.00000000    
   34.0000000      -40.0000000       0.00000000       0.00000000    
   35.0000000      -40.0000000       0.00000000       0.00000000    
   36.0000000      -40.0000000       0.00000000       0.00000000    
   37.0000000      -40.0000000       0.00000000       0.00000000    
   38.0000000      -40.0000000       0.00000000       0.00000000    
   39.0000000      -40.0000000       0.00000000       0.00000000    
   0.00000000      -30.0000000       0.00000000       0.00000000    
   1.00000000      -30.0000000       0.00000000       0.00000000    
   2.00000000      -30.0000000       0.00000000       0.00000000    
   3.00000000      -30.0000000       0.00000000       0.00000000    
   4.00000000      -30.0000000       0.00000000       0.00000000    
   5.00000000      -30.0000000       0.00000000       0.00000000    
   6.00000000      -30.0000000       0.00000000       0.00000000    
   7.00000000      -30.0000000       0.00000000       0.00000000    
   8.00000000      -30.0000000       0.00000000       0.00000000    
   9.00000000      -30.0000000       0.00000000       0.00000000    
   10.0000000      -30.0000000       0.00000000       0.00000000    
   11.0000000      -30.0000000       0.00000000       0.00000000    
   12.0000000      -30.0000000       0.00000000       0.00000000    
   13.0000000      -30.0000000       0.00000000       0.00000000    
   14.0000000      -30.0000000       0.00000000       0.00000000    
   15.0000000      -30.0000000       0.00000000       0.00000000    
   16.0000000      -30.0000000       0.00000000       0.00000000    
   17.0000000      -30.0000000       0.00000000       0.00000000    
   18.0000000      -30.0000000       0.00000000       0.00000000    
   19.0000000      -30.0000000       0.00000000       0.00000000    
   20.0000000      -30.0000000       0.00000000       0.00000000    
   21.0000000      -30.0000000       0.00000000       0.00000000    
   22.0000000      -30.0000000       0.00000000       0.00000000    
   23.0000000      -30.0000000       0.00000000       0.00000000    
   24.0000000      -30.0000000       0.00000000       0.00000000    
   25.0000000      -30.0000000       0.00000000       0.00000000    
   26.0000000      -30.0000000       0.00000000       0.00000000    
   27.0000000      -30.0000000       0.00000000       0.00000000    
   28.0000000      -30.0000000       0.00000000       0.00000000    
   29.0000000      -30.0000000       0.00000000       0.00000000    
   30.0000000      -30.0000000       0.00000000       0.00000000    
   31.0000000      -30.0000000       0.00000000       0.00000000    
   32.0000000      -30.0000000       0.00000000       0.00000000    
   33.0000000      -30.0000000       0.00000000       0.00000000    
   34.0000000      -30.0000000       0.00000000       0.00000000    
   35.0000000      -30.0000000       0.00000000       0.00000000    
   36.0000000      -30.0000000       0.00000000       0.00000000    
   37.0000000      -30.0000000       0.00000000       0.00000000    
   38.0000000      -30.0000000       0.00000000       0.00000000    
   39.0000000      -30.0000000       0.00000000       0.00000000    
   0.00000000      -20.0000000       0.00000000       0.00000000    
   1.00000000      -20.0000000       5.00500016E-03   5.00500016E-03
   2.00000000      -20.0000000       1.41049996E-02   1.41049996E-02
   3.00000000      -20.0000000       2.32050028E-02   2.32050009E-02
   4.00000000      -20.0000000       2.73000002E-02   2.73000002E-02
   5.00000000      -20.0000000       2.73000002E-02   2.73000002E-02
   6.00000000      -20.0000000       2.73000002E-02   2.73000002E-02
   7.00000000      -20.0000000       2.73000002E-02   2.73000002E-02
   8.00000000      -20.0000000       2.73000002E-02   2.73000002E-02
   9.00000000      -20.0000000       2.73000002E-02   2.73000002E-02
   10.0000000      -20.0000000       2.73000002E-02   2.73000002E-02
   11.0000000      -20.0000000       2.73000002E-02   2.73000002E-02
   12.0000000      -20.0000000       2.73000002E-02   2.73000002E-02
   13.0000000      -20.0000000       2.73000002E-02   2.73000002E-02
   14.0000000      -20.0000000       2.73000002E-02   2.73000002E-02
   15.0000000      -20.0000000       2.73000002E-02   2.73000002E-02
   16.0000000      -20.0000000       2.73000002E-02   2.73000002E-02
   17.0000000      -20.0000000       2.73000002E-02   2.73000002E-02
   18.0000000      -20.0000000       2.73000002E-02   2.73000002E-02
   19.0000000      -20.0000000       2.22950000E-02   2.22950000E-02
   20.0000000      -20.0000000       1.31949997E-02   1.31949997E-02
   21.0000000      -20.0000000       4.09500021E-03   4.09500021E-03
   22.0000000      -20.0000000       0.00000000       0.00000000    
   23.0000000      -20.0000000       0.00000000       0.00000000    
   24.0000000      -20.0000000       0.00000000       0.00000000    
   25.0000000      -20.0000000       0.00000000       0.00000000    
   26.0000000      -20.0000000       0.00000000       0.00000000    
   27.0000000      -20.0000000       0.00000000       0.00000000    
   28.0000000      -20.0000000       0.00000000       0.00000000    
   29.0000000      -20.0000000       0.00000000       0.00000000    
   30.0000000      -20.0000000       0.00000000       0.00000000    
   31.0000000      -20.0000000       0.00000000       0.00000000    
   32.0000000      -20.0000000       0.00000000       0.00000000    
   33.0000000      -20.0000000       0.00000000       0.00000000    
   34.0000000      -20.0000000       0.00000000       0.00000000    
   35.0000000      -20.0000000       0.00000000       0.00000000    
   36.0000000      -20.0000000       0.00000000       0.00000000    
   37.0000000      -20.0000000       0.00000000       0.00000000    
   38.0000000      -20.0000000       0.00000000       0.00000000    
   39.0000000      -20.0000000       0.00000000       0.00000000    
   0.00000000      -10.0000000       5.00500016E-03   5.00500016E-03
   1.00000000      -10.0000000       1.41049996E-02   1.41049996E-02
   2.00000000      -10.0000000       2.32050028E-02   2.32050009E-02
   3.00000000      -10.0000000       3.23049985E-02   3.23049985E-02
   4.00000000      -10.0000000       4.14049998E-02   4.14049998E-02
   5.00000000      -10.0000000       5.04500009E-02   5.04500009E-02
   6.00000000      -10.0000000       5.95050007E-02   5.95050007E-02
   7.00000000      -10.0000000       6.36000037E-02   6.36000037E-02
   8.00000000      -10.0000000       6.36000037E-02   6.36000037E-02
   9.00000000      -10.0000000       6.36000037E-02   6.36000037E-02
   10.0000000      -10.0000000       6.36000037E-02   6.36000037E-02
   11.0000000      -10.0000000       6.36000037E-02   6.36000037E-02
   12.0000000      -10.0000000       6.36000037E-02   6.36000037E-02
   13.0000000      -10.0000000       6.36000037E-02   6.36000037E-02
   14.0000000      -10.0000000       5.85950017E-02   5.85950017E-02
   15.0000000      -10.0000000       4.95500006E-02   4.95500006E-02
   16.0000000      -10.0000000       4.04950008E-02   4.04950008E-02
   17.0000000      -10.0000000       3.13949995E-02   3.13949995E-02
   18.0000000      -10.0000000       2.22950000E-02   2.22950000E-02
   19.0000000      -10.0000000       1.31949997E-02   1.31949997E-02
   20.0000000      -10.0000000       4.09500021E-03   4.09500021E-03
   21.0000000      -10.0000000       0.00000000       0.00000000    
   22.0000000      -10.0000000       0.00000000       0.00000000    
   23.0000000      -10.0000000       0.00000000       0.00000000    
   24.0000000      -10.0000000       0.00000000       0.00000000    
   25.0000000      -10.0000000       0.00000000       0.00000000    
   26.0000000      -10.0000000       0.00000000       0.00000000    
   27.0000000      -10.0000000       0.00000000       0.00000000    
   28.0000000      -10.0000000       0.00000000       0.00000000    
   29.0000000      -10.0000000       0.00000000       0.00000000    
   30.0000000      -10.0000000       0.00000000       0.00000000    
   31.0000000      -10.0000000       0.00000000       0.00000000    
   32.0000000      -10.0000000       0.00000000       0.00000000    
   33.0000000      -10.0000000       0.00000000       0.00000000    
   34.0000000      -10.0000000       0.00000000       0.00000000    
   35.0000000      -10.0000000       0.00000000       0.00000000    
   36.0000000      -10.0000000       0.00000000       0.00000000    
   37.0000000      -10.0000000       0.00000000       0.00000000    
   38.0000000      -10.0000000       0.00000000       0.00000000    
   39.0000000      -10.0000000       0.00000000       0.00000000    
   0.00000000       0.00000000       5.00500016E-03   5.00500016E-03
   1.00000000       0.00000000       1.41049996E-02   1.41049996E-02
   2.00000000       0.00000000       2.32050028E-02   2.32050009E-02
   3.00000000       0.00000000       3.23049985E-02   3.23049985E-02
   4.00000000       0.00000000       4.14049998E-02   4.14049998E-02
   5.00000000       0.00000000       5.04500009E-02   5.04500009E-02
   6.00000000       0.00000000       5.95050007E-02   5.95050007E-02
   7.00000000       0.00000000       6.52683377E-02   6.86049983E-02
   8.00000000       0.00000000       6.83016703E-02   7.77050033E-02
   9.00000000       0.00000000       7.13350028E-02   8.68050009E-02
   10.0000000       0.00000000       7.27000013E-02   9.08999965E-02
   11.0000000       0.00000000       7.10316673E-02   8.58950019E-02
   12.0000000       0.00000000       6.79983348E-02   7.67949969E-02
   13.0000000       0.00000000       6.49650022E-02   6.76949993E-02
   14.0000000       0.00000000       5.85950017E-02   5.85950017E-02
   15.0000000       0.00000000       4.95500006E-02   4.95500006E-02
   16.0000000       0.00000000       4.04950008E-02   4.04950008E-02
   17.0000000       0.00000000       3.13949995E-02   3.13949995E-02
   18.0000000       0.00000000       2.22950000E-02   2.22950000E-02
   19.0000000       0.00000000       1.31949997E-02   1.31949997E-02
   20.0000000       0.00000000       4.09500021E-03   4.09500021E-03
   21.0000000       0.00000000       0.00000000       0.00000000    
   22.0000000       0.00000000       0.00000000       0.00000000    
   23.0000000       0.00000000       0.00000000       0.00000000    
   24.0000000       0.00000000       0.00000000       0.00000000    
   25.0000000       0.00000000       0.00000000       0.00000000    
   26.0000000       0.00000000       0.00000000       0.00000000    
   27.0000000       0.00000000       0.00000000       0.00000000    
   28.0000000       0.00000000       0.00000000       0.00000000    
   29.0000000       0.00000000       0.00000000       0.00000000    
   30.0000000       0.00000000       0.00000000       0.00000000    
   31.0000000       0.00000000       0.00000000       0.00000000    
   32.0000000       0.00000000       0.00000000       0.00000000    
   33.0000000       0.00000000       0.00000000       0.00000000    
   34.0000000       0.00000000       0.00000000       0.00000000    
   35.0000000       0.00000000       0.00000000       0.00000000    
   36.0000000       0.00000000       0.00000000       0.00000000    
   37.0000000       0.00000000       0.00000000       0.00000000    
   38.0000000       0.00000000       0.00000000       0.00000000    
   39.0000000       0.00000000       0.00000000       0.00000000    
   0.00000000       10.0000000       5.00500016E-03   5.00500016E-03
   1.00000000       10.0000000       1.41049996E-02   1.41049996E-02
   2.00000000       10.0000000       2.32050028E-02   2.32050009E-02
   3.00000000       10.0000000       3.23049985E-02   3.23049985E-02
   4.00000000       10.0000000       4.14049998E-02   4.14049998E-02
   5.00000000       10.0000000       5.04500009E-02   5.04500009E-02
   6.00000000       10.0000000       5.95050007E-02   5.95050007E-02
   7.00000000       10.0000000       6.36000037E-02   6.36000037E-02
   8.00000000       10.0000000       6.36000037E-02   6.36000037E-02
   9.00000000       10.0000000       6.36000037E-02   6.36000037E-02
   10.0000000       10.0000000       6.36000037E-02   6.36000037E-02
   11.0000000       10.0000000       6.36000037E-02   6.36000037E-02
   12.0000000       10.0000000       6.36000037E-02   6.36000037E-02
   13.0000000       10.0000000       6.36000037E-02   6.36000037E-02
   14.0000000       10.0000000       5.85950017E-02   5.85950017E-02
   15.0000000       10.0000000       4.95500006E-02   4.95500006E-02
   16.0000000       10.0000000       4.04950008E-02   4.04950008E-02
   17.0000000       10.0000000       3.13949995E-02   3.13949995E-02
   18.0000000       10.0000000       2.22950000E-02   2.22950000E-02
   19.0000000       10.0000000       1.31949997E-02   1.31949997E-02
   20.0000000       10.0000000       4.09500021E-03   4.09500021E-03
   21.0000000       10.0000000       0.00000000       0.00000000    
   22.0000000       10.0000000       0.00000000       0.00000000    
   23.0000000       10.0000000       0.00000000       0.00000000    
   24.0000000       10.0000000       0.00000000       0.00000000    
   25.0000000       10.0000000       0.00000000       0.00000000    
   26.0000000       10.0000000       0.00000000       0.00000000    
   27.0000000       10.0000000       0.00000000       0.00000000    
   28.0000000       10.0000000       0.00000000       0.00000000    
   29.0000000       10.0000000       0.00000000       0.00000000    
   30.0000000       10.0000000       0.00000000       0.00000000    
   31.0000000       10.0000000       0.00000000       0.00000000    
   32.0000000       10.0000000       0.00000000       0.00000000    
   33.0000000       10.0000000       0.00000000       0.00000000    
   34.0000000       10.0000000       0.00000000       0.00000000    
   35.0000000       10.0000000       0.00000000       0.00000000    
   36.0000000       10.0000000       0.00000000       0.00000000    
   37.0000000       10.0000000       0.00000000       0.00000000    
   38.0000000       10.0000000       0.00000000       0.00000000    
   39.0000000       10.0000000       0.00000000       0.00000000    
   0.00000000       20.0000000       0.00000000       0.00000000    
   1.00000000       20.0000000       5.00500016E-03   5.00500016E-03
   2.00000000       20.0000000       1.41049996E-02   1.41049996E-02
   3.00000000       20.0000000       2.32050028E-02   2.32050009E-02
   4.00000000       20.0000000       2.73000002E-02   2.73000002E-02
   5.00000000       20.0000000       2.73000002E-02   2.73000002E-02
   6.00000000       20.0000000       2.73000002E-02   2.73000002E-02
   7.00000000       20.0000000       2.73000002E-02   2.73000002E-02
   8.00000000       20.0000000       2.73000002E-02   2.73000002E-02
   9.00000000       20.0000000       2.73000002E-02   2.73000002E-02
   10.0000000       20.0000000       2.73000002E-02   2.73000002E-02
   11.0000000       20.0000000       2.73000002E-02   2.73000002E-02
   12.0000000       20.0000000       2.73000002E-02   2.73000002E-02
   13.0000000       20.0000000       2.73000002E-02   2.73000002E-02
   14.0000000       20.0000000       2.73000002E-02   2.73000002E-02
   15.0000000       20.0000000       2.73000002E-02   2.73000002E-02
   16.0000000       20.0000000       2.73000002E-02   2.73000002E-02
   17.0000000       20.0000000       2.73000002E-02   2.73000002E-02
   18.0000000       20.0000000       2.73000002E-02   2.73000002E-02
   19.0000000       20.0000000       2.22950000E-02   2.22950000E-02
   20.0000000       20.0000000       1.31949997E-02   1.31949997E-02
   21.0000000       20.0000000       4.09500021E-03   4.09500021E-03
   22.0000000       20.0000000       0.00000000       0.00000000    
   23.0000000       20.0000000       0.00000000       0.00000000    
   24.0000000       20.0000000       0.00000000       0.00000000    
   25.0000000       20.0000000       0.00000000       0.00000000    
   26.0000000       20.0000000       0.00000000       0.00000000    
   27.0000000       20.0000000       0.00000000       0.00000000    
   28.0000000       20.0000000       0.00000000       0.00000000    
   29.0000000       20.0000000       0.00000000       0.00000000    
   30.0000000       20.0000000       0.00000000       0.00000000    
   31.0000000       20.0000000       0.00000000       0.00000000    
   32.0000000       20.0000000       0.00000000       0.00000000    
   33.0000000       20.0000000       0.00000000       0.00000000    
   34.0000000       20.0000000       0.00000000       0.00000000    
   35.0000000       20.0000000       0.00000000       0.00000000    
   36.0000000       20.0000000       0.00000000       0.00000000    
   37.0000000       20.0000000       0.00000000       0.00000000    
   38.0000000       20.0000000       0.00000000       0.00000000    
   39.0000000       20.0000000       0.00000000       0.00000000    
   0.00000000       30.0000000       0.00000000       0.00000000    
   1.00000000       30.0000000       0.00000000       0.00000000    
   2.00000000       30.0000000       0.00000000       0.00000000    
   3.00000000       30.0000000       0.00000000       0.00000000    
   4.00000000       30.0000000       0.00000000       0.00000000    
   5.00000000       30.0000000       0.00000000       0.00000000    
   6.00000000       30.0000000       0.00000000       0.00000000    
   7.00000000       30.0000000       0.00000000       0.00000000    
   8.00000000       30.0000000       0.00000000       0.00000000    
   9.00000000       30.0000000       0.00000000       0.00000000    
   10.0000000       30.0000000       0.00000000       0.00000000    
   11.0000000       30.0000000       0.00000000       0.00000000    
   12.0000000       30.0000000       0.00000000       0.00000000    
   13.0000000       30.0000000       0.00000000       0.00000000    
   14.0000000       30.0000000       0.00000000       0.00000000    
   15.0000000       30.0000000       0.00000000       0.00000000    
   16.0000000       30.0000000       0.00000000       0.00000000    
   17.0000000       30.0000000       0.00000000       0.00000000    
   18.0000000       30.0000000       0.00000000       0.00000000    
   19.0000000       30.0000000       0.00000000       0.00000000    
   20.0000000       30.0000000       0.00000000       0.00000000    
   21.0000000       30.0000000       0.00000000       0.00000000    
   22.0000000       30.0000000       0.00000000       0.00000000    
   23.0000000       30.0000000       0.00000000       0.00000000    
   24.0000000       30.0000000       0.00000000       0.00000000    
   25.0000000       30.0000000       0.00000000       0.00000000    
   26.0000000       30.0000000       0.00000000       0.00000000    
   27.0000000       30.0000000       0.00000000       0.00000000    
   28.0000000       30.0000000       0.00000000       0.00000000    
   29.0000000       30.0000000       0.00000000       0.00000000    
   30.0000000       30.0000000       0.00000000       0.00000000    
   31.0000000       30.0000000       0.00000000       0.00000000    
   32.0000000       30.0000000       0.00000000       0.00000000    
   33.0000000       30.0000000       0.00000000       0.00000000    
   34.0000000       30.0000000       0.00000000       0.00000000    
   35.0000000       30.0000000       0.00000000       0.00000000    
   36.0000000       30.0000000       0.00000000       0.00000000    
   37.0000000       30.0000000       0.00000000       0.00000000    
   38.0000000       30.0000000       0.00000000       0.00000000    
   39.0000000       30.0000000       0.00000000       0.00000000    
   0.00000000       40.0000000       0.00000000       0.00000000    
   1.00000000       40.0000000       0.00000000       0.00000000    
   2.00000000       40.0000000       0.00000000       0.00000000    
   3.00000000       40.0000000       0.00000000       0.00000000    
   4.00000000       40.0000000       0.00000000       0.00000000    
   5.00000000       40.0000000       0.00000000       0.00000000    
   6.00000000       40.0000000       0.00000000       0.00000000    
   7.00000000       40.0000000       0.00000000       0.00000000    
   8.00000000       40.0000000       0.00000000       0.00000000    
   9.00000000       40.0000000       0.00000000       0.00000000    
   10.0000000       40.0000000       0.00000000       0.00000000    
   11.0000000       40.0000000       0.00000000       0.00000000    
   12.0000000       40.0000000       0.00000000       0.00000000    
   13.0000000       40.0000000       0.00000000       0.00000000    
   14.0000000       40.0000000       0.00000000       0.00000000    
   15.0000000       40.0000000       0.00000000       0.00000000    
   16.0000000       40.0000000       0.00000000       0.00000000    
   17.0000000       40.0000000       0.00000000       0.00000000    
   18.0000000       40.0000000       0.00000000       0.00000000    
   19.0000000       40.0000000       0.00000000       0.00000000    
   20.0000000       40.0000000       0.00000000       0.00000000    
   21.0000000       40.0000000       0.00000000       0.00000000    
   22.0000000       40.0000000       0.00000000       0.00000000    
   23.0000000       40.0000000       0.00000000       0.00000000    
   24.0000000       40.0000000       0.00000000       0.00000000    
   25.0000000       40.0000000       0.00000000       0.00000000    
   26.0000000       40.0000000       0.00000000       0.00000000    
   27.0000000       40.0000000       0.00000000       0.00000000    
   28.0000000       40.0000000       0.00000000       0.00000000    
   29.0000000       40.0000000       0.00000000       0.00000000    
   30.0000000       40.0000000       0.00000000       0.00000000    
   31.0000000       40.0000000       0.00000000       0.00000000    
   32.0000000       40.0000000       0.00000000       0.00000000    
   33.0000000       40.0000000       0.00000000       0.00000000    
   34.0000000       40.0000000       0.00000000       0.00000000    
   35.0000000       40.0000000       0.00000000       0.00000000    
   36.0000000       40.0000000       0.00000000       0.00000000    
   37.0000000       40.0000000       0.00000000       0.00000000    
   38.0000000       40.0000000       0.00000000       0.00000000    
   39.0000000       40.0000000       0.00000000       0.00000000    
   0.00000000       50.0000000       0.00000000       0.00000000    
   1.00000000       50.0000000       0.00000000       0.00000000    
   2.00000000       50.0000000       0.00000000       0.00000000    
   3.00000000       50.0000000       0.00000000       0.00000000    
   4.00000000       50.0000000       0.00000000       0.00000000    
   5.00000000       50.0000000       0.00000000       0.00000000    
   6.00000000       50.0000000       0.00000000       0.00000000    
   7.00000000       50.0000000       0.00000000       0.00000000    
   8.00000000       50.0000000       0.00000000       0.00000000    
   9.00000000       50.0000000       0.00000000       0.00000000    
   10.0000000       50.0000000       0.00000000       0.00000000    
   11.0000000       50.0000000       0.00000000       0.00000000    
   12.0000000       50.0000000       0.00000000       0.00000000    
   13.0000000       50.0000000       0.00000000       0.00000000    
   14.0000000       50.0000000       0.00000000       0.00000000    
   15.0000000       50.0000000       0.00000000       0.00000000    
   16.0000000       50.0000000       0.00000000       0.00000000    
   17.0000000       50.0000000       0.00000000       0.00000000    
   18.0000000       50.0000000       0.00000000       0.00000000    
   19.0000000       50.0000000       0.00000000       0.00000000    
   20.0000000       50.0000000       0.00000000       0.00000000    
   21.0000000       50.0000000       0.00000000       0.00000000    
   22.0000000       50.0000000       0.00000000       0.00000000    
   23.0000000       50.0000000       0.00000000       0.00000000    
   24.0000000       50.0000000       0.00000000       0.00000000    
   25.0000000       50.0000000       0.00000000       0.00000000    
   26.0000000       50.0000000       0.00000000       0.00000000    
   27.0000000       50.0000000       0.00000000       0.00000000    
   28.0000000       50.0000000       0.00000000       0.00000000    
   29.0000000       50.0000000       0.00000000       0.00000000    
   30.0000000       50.0000000       0.00000000       0.00000000    
   31.0000000       50.0000000       0.00000000       0.00000000    
   32.0000000       50.0000000       0.00000000       0.00000000    
   33.0000000       50.0000000       0.00000000       0.00000000    
   34.0000000       50.0000000       0.00000000       0.00000000    
   35.0000000       50.0000000       0.00000000       0.00000000    
   36.0000000       50.0000000       0.00000000       0.00000000    
   37.0000000       50.0000000       0.00000000       0.00000000    
   38.0000000       50.0000000       0.00000000       0.00000000    
   39.0000000       50.0000000       0.00000000       0.00000000    
