 Strike loc, Ave. slip along dip, Max slip along dip
  -170.000000       0.00000000       0.00000000    
  -160.000000       0.00000000       0.00000000    
  -150.000000       0.00000000       0.00000000    
  -140.000000       0.00000000       0.00000000    
  -130.000000      0.490900010      0.490900010    
  -120.000000      0.890899956      0.890900016    
  -110.000000      0.927266657       1.00000000    
  -100.000000      0.890899956      0.890900016    
  -90.0000000      0.490900010      0.490900010    
  -80.0000000       0.00000000       0.00000000    
  -70.0000000       0.00000000       0.00000000    
  -60.0000000       0.00000000       0.00000000    
  -50.0000000       0.00000000       0.00000000    
  -40.0000000       0.00000000       0.00000000    
  -30.0000000       0.00000000       0.00000000    
  -20.0000000      0.490900010      0.490900010    
  -10.0000000      0.890899956      0.890900016    
   0.00000000      0.927266657       1.00000000    
   10.0000000      0.890899956      0.890900016    
   20.0000000      0.490900010      0.490900010    
   30.0000000       0.00000000       0.00000000    
   40.0000000       0.00000000       0.00000000    
   50.0000000       0.00000000       0.00000000    
