      xloc      yloc          depth         ave SR         max SR         #     start       end     max SR all       str       dip      rake flag
   -170.00    -10.00      21.335800       0.000000       0.000000        27      26.0      27.0       0.090900   180.000    45.000    90.000    0     119.931450      -1.791360
   -170.00      0.00      12.000000       0.000000       0.000000        27      26.0      27.0       0.090900   180.000    45.000    90.000    0     119.899261      -1.792490
   -170.00     10.00       2.664200       0.000000       0.000000        27      26.0      27.0       0.090900   180.000    45.000    90.000    0     119.867081      -1.793620
   -160.00    -10.00      21.335800       0.000000       0.000000        27      26.0      27.0       0.090900   180.000    45.000    90.000    0     119.928307      -1.700980
   -160.00      0.00      12.000000       0.000000       0.000000        27      26.0      27.0       0.090900   180.000    45.000    90.000    0     119.896133      -1.702110
   -160.00     10.00       2.664200       0.000000       0.000000        27      26.0      27.0       0.090900   180.000    45.000    90.000    0     119.863937      -1.703240
   -150.00    -10.00      21.335800       0.000000       0.000000        27      26.0      27.0       0.090900   180.000    45.000    90.000    0     119.925179      -1.610590
   -150.00      0.00      12.000000       0.000000       0.000000        27      26.0      27.0       0.090900   180.000    45.000    90.000    0     119.892990      -1.611730
   -150.00     10.00       2.664200       0.000000       0.000000        27      26.0      27.0       0.090900   180.000    45.000    90.000    0     119.860809      -1.612860
   -140.00    -10.00      21.335800       0.000000       0.000000        27      26.0      27.0       0.090900   180.000    45.000    90.000    0     119.922043      -1.520210
   -140.00      0.00      12.000000       0.000000       0.000000        27      26.0      27.0       0.090900   180.000    45.000    90.000    0     119.889862      -1.521340
   -140.00     10.00       2.664200       0.000000       0.000000        27      26.0      27.0       0.090900   180.000    45.000    90.000    0     119.857681      -1.522470
   -130.00    -10.00      21.335800       0.027300       0.027300        27      26.0      27.0       0.090900   315.000    90.000     0.000    0     119.918907      -1.429830
   -130.00      0.00      12.000000       0.027300       0.027300        27      26.0      27.0       0.090900   315.000    90.000     0.000    0     119.886719      -1.430960
   -130.00     10.00       2.664200       0.027300       0.027300        27      26.0      27.0       0.090900   315.000    90.000     0.000    0     119.854538      -1.432090
   -120.00    -10.00      21.335800       0.063600       0.063600        27      26.0      27.0       0.090900   315.000    90.000     0.000    0     119.915771      -1.339450
   -120.00      0.00      12.000000       0.063600       0.063600        27      26.0      27.0       0.090900   315.000    90.000     0.000    0     119.883591      -1.340580
   -120.00     10.00       2.664200       0.063600       0.063600        27      26.0      27.0       0.090900   315.000    90.000     0.000    0     119.851410      -1.341710
   -110.00    -10.00      21.335800       0.063600       0.063600        27      26.0      27.0       0.090900   315.000    90.000     0.000    0     119.912643      -1.249070
   -110.00      0.00      12.000000       0.090900       0.090900        27      26.0      27.0       0.090900   315.000    90.000     0.000    0     119.880463      -1.250200
   -110.00     10.00       2.664200       0.063600       0.063600        27      26.0      27.0       0.090900   315.000    90.000     0.000    0     119.848282      -1.251330
   -100.00    -10.00      21.335800       0.063600       0.063600        27      26.0      27.0       0.090900   315.000    90.000     0.000    0     119.909500      -1.158690
   -100.00      0.00      12.000000       0.063600       0.063600        27      26.0      27.0       0.090900   315.000    90.000     0.000    0     119.877319      -1.159820
   -100.00     10.00       2.664200       0.063600       0.063600        27      26.0      27.0       0.090900   315.000    90.000     0.000    0     119.845207      -1.160950
    -90.00    -10.00      21.335800       0.027300       0.027300        27      26.0      27.0       0.090900   315.000    90.000     0.000    0     119.906372      -1.068310
    -90.00      0.00      12.000000       0.027300       0.027300        27      26.0      27.0       0.090900   315.000    90.000     0.000    0     119.874191      -1.069440
    -90.00     10.00       2.664200       0.027300       0.027300        27      26.0      27.0       0.090900   315.000    90.000     0.000    0     119.842072      -1.070570
    -80.00    -10.00      21.335800       0.000000       0.000000        27      26.0      27.0       0.090900   180.000    45.000    90.000    0     119.903236      -0.977920
    -80.00      0.00      12.000000       0.000000       0.000000        27      26.0      27.0       0.090900   180.000    45.000    90.000    0     119.871063      -0.979050
    -80.00     10.00       2.664200       0.000000       0.000000        27      26.0      27.0       0.090900   180.000    45.000    90.000    0     119.838928      -0.980190
    -70.00    -10.00      21.335800       0.000000       0.000000        27      26.0      27.0       0.090900   180.000    45.000    90.000    0     119.900101      -0.887540
    -70.00      0.00      12.000000       0.000000       0.000000        27      26.0      27.0       0.090900   180.000    45.000    90.000    0     119.867928      -0.888670
    -70.00     10.00       2.664200       0.000000       0.000000        27      26.0      27.0       0.090900   180.000    45.000    90.000    0     119.835793      -0.889800
    -60.00    -10.00      21.335800       0.000000       0.000000        27      26.0      27.0       0.090900   180.000    45.000    90.000    0     119.896973      -0.797160
    -60.00      0.00      12.000000       0.000000       0.000000        27      26.0      27.0       0.090900   180.000    45.000    90.000    0     119.864792      -0.798290
    -60.00     10.00       2.664200       0.000000       0.000000        27      26.0      27.0       0.090900   180.000    45.000    90.000    0     119.832657      -0.799420
    -50.00    -10.00      21.335800       0.000000       0.000000        27      26.0      27.0       0.090900   180.000    45.000    90.000    0     119.893837      -0.706780
    -50.00      0.00      12.000000       0.000000       0.000000        27      26.0      27.0       0.090900   180.000    45.000    90.000    0     119.861656      -0.707910
    -50.00     10.00       2.664200       0.000000       0.000000        27      26.0      27.0       0.090900   180.000    45.000    90.000    0     119.829521      -0.709040
    -40.00    -10.00      21.335800       0.000000       0.000000        27      26.0      27.0       0.090900   180.000    45.000    90.000    0     119.890701      -0.616400
    -40.00      0.00      12.000000       0.000000       0.000000        27      26.0      27.0       0.090900   180.000    45.000    90.000    0     119.858528      -0.617530
    -40.00     10.00       2.664200       0.000000       0.000000        27      26.0      27.0       0.090900   180.000    45.000    90.000    0     119.826378      -0.618660
    -30.00    -10.00      21.335800       0.000000       0.000000        27      26.0      27.0       0.090900   180.000    45.000    90.000    0     119.887573      -0.526020
    -30.00      0.00      12.000000       0.000000       0.000000        27      26.0      27.0       0.090900   180.000    45.000    90.000    0     119.855400      -0.527150
    -30.00     10.00       2.664200       0.000000       0.000000        27      26.0      27.0       0.090900   180.000    45.000    90.000    0     119.823242      -0.528280
    -20.00    -10.00      21.335800       0.000000       0.000000        27      26.0      27.0       0.090900   180.000    45.000    90.000    0     119.884438      -0.435630
    -20.00      0.00      12.000000       0.000000       0.000000        27      26.0      27.0       0.090900   180.000    45.000    90.000    0     119.852257      -0.436760
    -20.00     10.00       2.664200       0.000000       0.000000        27      26.0      27.0       0.090900   180.000    45.000    90.000    0     119.820099      -0.437900
    -10.00    -10.00      21.335800       0.000000       0.000000        27      26.0      27.0       0.090900   180.000    45.000    90.000    0     119.881310      -0.345250
    -10.00      0.00      12.000000       0.000000       0.000000        27      26.0      27.0       0.090900   180.000    45.000    90.000    0     119.849129      -0.346380
    -10.00     10.00       2.664200       0.000000       0.000000        27      26.0      27.0       0.090900   180.000    45.000    90.000    0     119.816963      -0.347510
      0.00    -10.00      21.335800       0.000000       0.000000        27      26.0      27.0       0.090900   180.000    45.000    90.000    0     119.878166      -0.254870
      0.00      0.00      12.000000       0.000000       0.000000        27      26.0      27.0       0.090900   180.000    45.000    90.000    0     119.846001      -0.256000
      0.00     10.00       2.664200       0.000000       0.000000        27      26.0      27.0       0.090900   180.000    45.000    90.000    0     119.813828      -0.257130
     10.00    -10.00      21.335800       0.000000       0.000000        27      26.0      27.0       0.090900   180.000    45.000    90.000    0     119.875038      -0.164490
     10.00      0.00      12.000000       0.000000       0.000000        27      26.0      27.0       0.090900   180.000    45.000    90.000    0     119.842873      -0.165620
     10.00     10.00       2.664200       0.000000       0.000000        27      26.0      27.0       0.090900   180.000    45.000    90.000    0     119.810692      -0.166750
     20.00    -10.00      21.335800       0.000000       0.000000        27      26.0      27.0       0.090900   180.000    45.000    90.000    0     119.871902      -0.074100
     20.00      0.00      12.000000       0.000000       0.000000        27      26.0      27.0       0.090900   180.000    45.000    90.000    0     119.839737      -0.075240
     20.00     10.00       2.664200       0.000000       0.000000        27      26.0      27.0       0.090900   180.000    45.000    90.000    0     119.807564      -0.076370
     30.00    -10.00      21.335800       0.000000       0.000000        27      26.0      27.0       0.090900   180.000    45.000    90.000    0     119.868759       0.016280
     30.00      0.00      12.000000       0.000000       0.000000        27      26.0      27.0       0.090900   180.000    45.000    90.000    0     119.836601       0.015150
     30.00     10.00       2.664200       0.000000       0.000000        27      26.0      27.0       0.090900   180.000    45.000    90.000    0     119.804428       0.014020
     40.00    -10.00      21.335800       0.000000       0.000000        27      26.0      27.0       0.090900   180.000    45.000    90.000    0     119.865623       0.106660
     40.00      0.00      12.000000       0.000000       0.000000        27      26.0      27.0       0.090900   180.000    45.000    90.000    0     119.833473       0.105530
     40.00     10.00       2.664200       0.000000       0.000000        27      26.0      27.0       0.090900   180.000    45.000    90.000    0     119.801300       0.104400
     50.00    -10.00      21.335800       0.000000       0.000000        27      26.0      27.0       0.090900   180.000    45.000    90.000    0     119.862480       0.197040
     50.00      0.00      12.000000       0.000000       0.000000        27      26.0      27.0       0.090900   180.000    45.000    90.000    0     119.830338       0.195910
     50.00     10.00       2.664200       0.000000       0.000000        27      26.0      27.0       0.090900   180.000    45.000    90.000    0     119.798172       0.194780
