   No     Tinit     Trise        D0           lonR           latR             dR         L         W    strike       dip      rake         x         y
    1     37.00      0.00     0.504     119.952240      -1.926360      26.003710      5.00      5.00   357.184    90.000     0.000   -185.00    -15.00
    2     37.00      0.00     0.887     119.950684      -1.881170      26.003710      5.00      5.00   359.031    90.000     0.000   -180.00    -15.00
    3     35.00      0.00     1.333     119.949112      -1.835980      26.003710      5.00      5.00     1.488    90.000     0.000   -175.00    -15.00
    4     35.00      0.00     1.425     119.947540      -1.790790      26.003710      5.00      5.00     1.342    90.000     0.000   -170.00    -15.00
    5     34.00      0.00     1.296     119.945969      -1.745600      26.003710      5.00      5.00     3.203    90.000     0.000   -165.00    -15.00
    6     33.00      0.00     1.162     119.944397      -1.700410      26.003710      5.00      5.00     2.745    90.000     0.000   -160.00    -15.00
    7     33.00      0.00     0.983     119.942841      -1.655220      26.003710      5.00      5.00     1.888    90.000     0.000   -155.00    -15.00
    8     30.00      0.00     0.804     119.941269      -1.610030      26.003710      5.00      5.00   357.387    90.000     0.000   -150.00    -15.00
    9     29.00      0.00     0.589     119.939697      -1.564840      26.003710      5.00      5.00     4.039    90.000     0.000   -145.00    -15.00
   10     28.00      0.00     0.421     119.938133      -1.519650      26.003710      5.00      5.00     8.791    90.000     0.000   -140.00    -15.00
   11     27.00      0.00     0.271     119.936562      -1.474460      26.003710      5.00      5.00   321.339    90.000   180.000   -135.00    -15.00
   12     33.00      0.00     0.978     119.934998      -1.429270      26.003710      5.00      5.00   183.505    90.000   180.000   -130.00    -15.00
   13     26.00      0.00     1.943     119.933434      -1.384080      26.003710      5.00      5.00   190.716    90.000   180.000   -125.00    -15.00
   14     26.00      0.00     2.137     119.931862      -1.338890      26.003710      5.00      5.00   190.513    90.000   180.000   -120.00    -15.00
   15     26.00      0.00     2.148     119.930290      -1.293690      26.003710      5.00      5.00   191.177    90.000   180.000   -115.00    -15.00
   16     23.00      0.00     2.146     119.928726      -1.248500      26.003710      5.00      5.00   194.293    90.000   180.000   -110.00    -15.00
   17     23.00      0.00     1.213     119.927162      -1.203310      26.003710      5.00      5.00   195.887    90.000   180.000   -105.00    -15.00
   18     20.00      0.00     0.365     119.925591      -1.158120      26.003710      5.00      5.00   202.162    90.000   180.000   -100.00    -15.00
   19     19.00      0.00     0.125     119.924026      -1.112930      26.003710      5.00      5.00   208.988    90.000   180.000    -95.00    -15.00
   20     18.00      0.00     0.282     119.922462      -1.067740      26.003710      5.00      5.00   317.719    90.000     0.000    -90.00    -15.00
   21     17.00      0.00     0.467     119.920891      -1.022550      26.003710      5.00      5.00   316.276    90.000     0.000    -85.00    -15.00
   22     16.00      0.00     0.661     119.919319      -0.977360      26.003710      5.00      5.00   221.345    90.000   180.000    -80.00    -15.00
   23     15.00      0.00     0.923     119.917763      -0.932170      26.003710      5.00      5.00   315.348    90.000     0.000    -75.00    -15.00
   24     14.00      0.00     0.670     119.916191      -0.886980      26.003710      5.00      5.00   323.790    90.000     0.000    -70.00    -15.00
   25     13.00      0.00     0.952     119.914619      -0.841790      26.003710      5.00      5.00   348.610    90.000     0.000    -65.00    -15.00
   26     12.00      0.00     1.128     119.913063      -0.796600      26.003710      5.00      5.00   347.155    90.000     0.000    -60.00    -15.00
   27     13.00      0.00     1.241     119.911491      -0.751410      26.003710      5.00      5.00   356.512    90.000     0.000    -55.00    -15.00
   28     11.00      0.00     1.197     119.909920      -0.706210      26.003710      5.00      5.00   359.006    90.000     0.000    -50.00    -15.00
   29     10.00      0.00     0.993     119.908363      -0.661020      26.003710      5.00      5.00   344.965    90.000     0.000    -45.00    -15.00
   30      8.00      0.00     1.565     119.906792      -0.615830      26.003710      5.00      5.00   325.950    90.000     0.000    -40.00    -15.00
   31      7.00      0.00     2.355     119.905220      -0.570640      26.003710      5.00      5.00   329.810    90.000     0.000    -35.00    -15.00
   32      7.00      0.00     2.622     119.903664      -0.525450      26.003710      5.00      5.00   336.709    90.000     0.000    -30.00    -15.00
   33      6.00      0.00     2.586     119.902092      -0.480260      26.003710      5.00      5.00   338.570    90.000     0.000    -25.00    -15.00
   34      5.00      0.00     2.552     119.900528      -0.435070      26.003710      5.00      5.00   333.217    90.000     0.000    -20.00    -15.00
   35      4.00      0.00     2.542     119.898956      -0.389880      26.003710      5.00      5.00   331.210    90.000     0.000    -15.00    -15.00
   36      3.00      0.00     1.991     119.897392      -0.344690      26.003710      5.00      5.00   330.427    90.000     0.000    -10.00    -15.00
   37      4.00      0.00     1.590     119.895828      -0.299500      26.003710      5.00      5.00   335.925    90.000     0.000     -5.00    -15.00
   38      5.00      0.00     1.353     119.894257      -0.254300      26.003710      5.00      5.00   343.370    90.000     0.000      0.00    -15.00
   39      5.00      0.00     1.069     119.892693      -0.209110      26.003710      5.00      5.00   353.173    90.000     0.000      5.00    -15.00
   40      8.00      0.00     1.324     119.891121      -0.163920      26.003710      5.00      5.00     6.005    90.000     0.000     10.00    -15.00
   41      5.00      0.00     2.254     119.889549      -0.118730      26.003710      5.00      5.00    15.945    90.000     0.000     15.00    -15.00
   42      5.00      0.00     3.196     119.887978      -0.073540      26.003710      5.00      5.00    20.997    90.000     0.000     20.00    -15.00
   43      6.00      0.00     2.819     119.886414      -0.028350      26.003710      5.00      5.00    26.109    90.000     0.000     25.00    -15.00
   44      6.00      0.00     2.464     119.884850       0.016840      26.003710      5.00      5.00    25.110    90.000     0.000     30.00    -15.00
   45      8.00      0.00     2.188     119.883278       0.062030      26.003710      5.00      5.00    15.490    90.000     0.000     35.00    -15.00
   46      9.00      0.00     2.201     119.881706       0.107230      26.003710      5.00      5.00     6.172    90.000     0.000     40.00    -15.00
   47     11.00      0.00     2.070     119.880142       0.152420      26.003710      5.00      5.00     5.218    90.000     0.000     45.00    -15.00
   48     14.00      0.00     1.838     119.878571       0.197610      26.003710      5.00      5.00     8.754    90.000     0.000     50.00    -15.00
   49     37.00      0.00     0.477     119.936150      -1.926930      21.335800      5.00      5.00   350.672    90.000     0.000   -185.00    -10.00
   50     37.00      0.00     0.632     119.934578      -1.881740      21.335800      5.00      5.00     3.273    90.000     0.000   -180.00    -10.00
   51     35.00      0.00     0.819     119.933006      -1.836550      21.335800      5.00      5.00     6.316    90.000     0.000   -175.00    -10.00
   52     35.00      0.00     1.275     119.931450      -1.791360      21.335800      5.00      5.00    11.014    90.000     0.000   -170.00    -10.00
   53     34.00      0.00     1.747     119.929878      -1.746170      21.335800      5.00      5.00     6.279    90.000     0.000   -165.00    -10.00
   54     33.00      0.00     1.883     119.928307      -1.700980      21.335800      5.00      5.00     0.170    90.000     0.000   -160.00    -10.00
   55     32.00      0.00     1.947     119.926743      -1.655790      21.335800      5.00      5.00   359.270    90.000     0.000   -155.00    -10.00
   56     32.00      0.00     1.779     119.925179      -1.610590      21.335800      5.00      5.00   358.220    90.000     0.000   -150.00    -10.00
   57     29.00      0.00     1.389     119.923607      -1.565400      21.335800      5.00      5.00   358.765    90.000     0.000   -145.00    -10.00
   58     28.00      0.00     0.800     119.922043      -1.520210      21.335800      5.00      5.00   353.253    90.000     0.000   -140.00    -10.00
   59     28.00      0.00     0.168     119.920471      -1.475020      21.335800      5.00      5.00   213.719    90.000   180.000   -135.00    -10.00
   60     28.00      0.00     1.423     119.918907      -1.429830      21.335800      5.00      5.00   189.458    90.000   180.000   -130.00    -10.00
   61     25.00      0.00     2.606     119.917343      -1.384640      21.335800      5.00      5.00   190.405    90.000   180.000   -125.00    -10.00
   62     24.00      0.00     3.219     119.915771      -1.339450      21.335800      5.00      5.00   193.891    90.000   180.000   -120.00    -10.00
   63     24.00      0.00     3.231     119.914200      -1.294260      21.335800      5.00      5.00   196.711    90.000   180.000   -115.00    -10.00
   64     22.00      0.00     2.898     119.912643      -1.249070      21.335800      5.00      5.00   200.334    90.000   180.000   -110.00    -10.00
   65     22.00      0.00     1.843     119.911072      -1.203880      21.335800      5.00      5.00   204.254    90.000   180.000   -105.00    -10.00
   66     22.00      0.00     0.882     119.909500      -1.158690      21.335800      5.00      5.00   211.963    90.000   180.000   -100.00    -10.00
   67     19.00      0.00     0.238     119.907944      -1.113500      21.335800      5.00      5.00    40.413    90.000     0.000    -95.00    -10.00
   68     18.00      0.00     0.644     119.906372      -1.068310      21.335800      5.00      5.00    34.217    90.000     0.000    -90.00    -10.00
   69     18.00      0.00     0.625     119.904800      -1.023120      21.335800      5.00      5.00    18.745    90.000     0.000    -85.00    -10.00
   70     17.00      0.00     0.688     119.903236      -0.977920      21.335800      5.00      5.00   340.628    90.000     0.000    -80.00    -10.00
   71     15.00      0.00     1.222     119.901672      -0.932730      21.335800      5.00      5.00   335.297    90.000     0.000    -75.00    -10.00
   72     14.00      0.00     1.505     119.900101      -0.887540      21.335800      5.00      5.00   352.167    90.000     0.000    -70.00    -10.00
   73     13.00      0.00     2.072     119.898537      -0.842350      21.335800      5.00      5.00   357.755    90.000     0.000    -65.00    -10.00
   74     12.00      0.00     2.172     119.896973      -0.797160      21.335800      5.00      5.00   355.788    90.000     0.000    -60.00    -10.00
   75     15.00      0.00     2.047     119.895401      -0.751970      21.335800      5.00      5.00   358.867    90.000     0.000    -55.00    -10.00
   76     10.00      0.00     2.136     119.893837      -0.706780      21.335800      5.00      5.00   351.642    90.000     0.000    -50.00    -10.00
   77      9.00      0.00     1.948     119.892273      -0.661590      21.335800      5.00      5.00   340.148    90.000     0.000    -45.00    -10.00
   78      8.00      0.00     2.086     119.890701      -0.616400      21.335800      5.00      5.00   335.229    90.000     0.000    -40.00    -10.00
   79      8.00      0.00     2.374     119.889137      -0.571210      21.335800      5.00      5.00   335.980    90.000     0.000    -35.00    -10.00
   80      7.00      0.00     2.992     119.887573      -0.526020      21.335800      5.00      5.00   340.504    90.000     0.000    -30.00    -10.00
   81      6.00      0.00     3.412     119.886002      -0.480820      21.335800      5.00      5.00   340.589    90.000     0.000    -25.00    -10.00
   82      5.00      0.00     3.383     119.884438      -0.435630      21.335800      5.00      5.00   336.018    90.000     0.000    -20.00    -10.00
   83      4.00      0.00     3.067     119.882874      -0.390440      21.335800      5.00      5.00   333.271    90.000     0.000    -15.00    -10.00
   84      3.00      1.00     2.659     119.881310      -0.345250      21.335800      5.00      5.00   332.107    90.000     0.000    -10.00    -10.00
   85      3.00      2.00     2.463     119.879738      -0.300060      21.335800      5.00      5.00   332.685    90.000     0.000     -5.00    -10.00
   86      4.00      2.00     1.965     119.878166      -0.254870      21.335800      5.00      5.00   346.751    90.000     0.000      0.00    -10.00
   87     10.00      2.00     2.218     119.876602      -0.209680      21.335800      5.00      5.00     6.220    90.000     0.000      5.00    -10.00
   88      8.00      2.00     2.943     119.875038      -0.164490      21.335800      5.00      5.00    13.763    90.000     0.000     10.00    -10.00
   89      4.00      0.00     3.893     119.873466      -0.119300      21.335800      5.00      5.00    18.063    90.000     0.000     15.00    -10.00
   90      4.00      1.00     4.345     119.871902      -0.074100      21.335800      5.00      5.00    23.093    90.000     0.000     20.00    -10.00
   91      6.00      2.00     3.724     119.870331      -0.028910      21.335800      5.00      5.00    28.689    90.000     0.000     25.00    -10.00
   92      6.00      0.00     3.472     119.868759       0.016280      21.335800      5.00      5.00    26.411    90.000     0.000     30.00    -10.00
   93      8.00      0.00     3.179     119.867188       0.061470      21.335800      5.00      5.00    15.771    90.000     0.000     35.00    -10.00
   94     12.00      0.00     2.659     119.865623       0.106660      21.335800      5.00      5.00     9.618    90.000     0.000     40.00    -10.00
   95     10.00      0.00     2.648     119.864052       0.151850      21.335800      5.00      5.00    12.784    90.000     0.000     45.00    -10.00
   96     11.00      0.00     2.149     119.862480       0.197040      21.335800      5.00      5.00    15.608    90.000     0.000     50.00    -10.00
   97     37.00      0.00     0.090     119.920059      -1.927490      16.667900      5.00      5.00   342.031    90.000     0.000   -185.00     -5.00
   98     37.00      0.00     0.400     119.918488      -1.882300      16.667900      5.00      5.00    42.757    90.000     0.000   -180.00     -5.00
   99     35.00      0.00     0.603     119.916924      -1.837110      16.667900      5.00      5.00   316.265    90.000   180.000   -175.00     -5.00
  100     34.00      0.00     0.847     119.915352      -1.791920      16.667900      5.00      5.00    24.784    90.000     0.000   -170.00     -5.00
  101     33.00      0.00     1.483     119.913788      -1.746730      16.667900      5.00      5.00     6.644    90.000     0.000   -165.00     -5.00
  102     33.00      0.00     2.100     119.912216      -1.701540      16.667900      5.00      5.00   358.963    90.000     0.000   -160.00     -5.00
  103     32.00      0.00     2.455     119.910652      -1.656350      16.667900      5.00      5.00   356.490    90.000     0.000   -155.00     -5.00
  104     32.00      0.00     2.340     119.909081      -1.611160      16.667900      5.00      5.00   356.848    90.000     0.000   -150.00     -5.00
  105     29.00      0.00     1.920     119.907516      -1.565970      16.667900      5.00      5.00   359.200    90.000     0.000   -145.00     -5.00
  106     29.00      0.00     1.259     119.905952      -1.520780      16.667900      5.00      5.00   355.207    90.000     0.000   -140.00     -5.00
  107     29.00      0.00     0.370     119.904381      -1.475590      16.667900      5.00      5.00   332.426    90.000     0.000   -135.00     -5.00
  108     26.00      0.00     0.720     119.902809      -1.430400      16.667900      5.00      5.00   199.117    90.000   180.000   -130.00     -5.00
  109     26.00      0.00     1.614     119.901253      -1.385210      16.667900      5.00      5.00   194.391    90.000   180.000   -125.00     -5.00
  110     26.00      0.00     2.395     119.899681      -1.340020      16.667900      5.00      5.00   200.818    90.000   180.000   -120.00     -5.00
  111     24.00      0.00     2.707     119.898109      -1.294830      16.667900      5.00      5.00   206.818    90.000   180.000   -115.00     -5.00
  112     23.00      0.00     2.476     119.896553      -1.249630      16.667900      5.00      5.00   213.053    90.000   180.000   -110.00     -5.00
  113     21.00      0.00     1.834     119.894981      -1.204440      16.667900      5.00      5.00   215.503    90.000   180.000   -105.00     -5.00
  114     20.00      0.00     0.551     119.893410      -1.159250      16.667900      5.00      5.00   215.013    90.000   180.000   -100.00     -5.00
  115     20.00      0.00     0.298     119.891853      -1.114060      16.667900      5.00      5.00    25.977    90.000     0.000    -95.00     -5.00
  116     21.00      0.00     1.073     119.890282      -1.068870      16.667900      5.00      5.00    31.413    90.000     0.000    -90.00     -5.00
  117     17.00      0.00     1.174     119.888710      -1.023680      16.667900      5.00      5.00    16.213    90.000     0.000    -85.00     -5.00
  118     16.00      0.00     1.440     119.887154      -0.978490      16.667900      5.00      5.00   353.766    90.000     0.000    -80.00     -5.00
  119     16.00      0.00     2.434     119.885582      -0.933300      16.667900      5.00      5.00   357.181    90.000     0.000    -75.00     -5.00
  120     14.00      0.00     3.123     119.884010      -0.888110      16.667900      5.00      5.00     0.973    90.000     0.000    -70.00     -5.00
  121     16.00      0.00     3.389     119.882446      -0.842920      16.667900      5.00      5.00     0.148    90.000     0.000    -65.00     -5.00
  122     13.00      0.00     3.312     119.880882      -0.797730      16.667900      5.00      5.00   359.407    90.000     0.000    -60.00     -5.00
  123     11.00      0.00     2.950     119.879311      -0.752540      16.667900      5.00      5.00   355.214    90.000     0.000    -55.00     -5.00
  124     10.00      0.00     2.728     119.877747      -0.707340      16.667900      5.00      5.00   348.521    90.000     0.000    -50.00     -5.00
  125     10.00      0.00     2.545     119.876183      -0.662150      16.667900      5.00      5.00   344.912    90.000     0.000    -45.00     -5.00
  126      9.00      0.00     2.176     119.874619      -0.616960      16.667900      5.00      5.00   343.649    90.000     0.000    -40.00     -5.00
  127      8.00      0.00     1.643     119.873047      -0.571770      16.667900      5.00      5.00   343.807    90.000     0.000    -35.00     -5.00
  128      7.00      0.00     1.973     119.871483      -0.526580      16.667900      5.00      5.00   343.575    90.000     0.000    -30.00     -5.00
  129      5.00      0.00     2.600     119.869919      -0.481390      16.667900      5.00      5.00   343.695    90.000     0.000    -25.00     -5.00
  130      5.00      0.00     2.502     119.868347      -0.436200      16.667900      5.00      5.00   342.616    90.000     0.000    -20.00     -5.00
  131      5.00      0.00     2.323     119.866791      -0.391010      16.667900      5.00      5.00   341.104    90.000     0.000    -15.00     -5.00
  132      5.00      0.00     2.285     119.865219      -0.345820      16.667900      5.00      5.00   342.755    90.000     0.000    -10.00     -5.00
  133      2.00      1.00     2.143     119.863647      -0.300630      16.667900      5.00      5.00   347.906    90.000     0.000     -5.00     -5.00
  134      6.00      3.00     2.865     119.862091      -0.255430      16.667900      5.00      5.00     3.365    90.000     0.000      0.00     -5.00
  135      2.00      3.00     4.093     119.860519      -0.210240      16.667900      5.00      5.00    12.460    90.000     0.000      5.00     -5.00
  136      2.00      3.00     4.660     119.858948      -0.165050      16.667900      5.00      5.00    17.123    90.000     0.000     10.00     -5.00
  137      5.00      3.00     4.901     119.857384      -0.119860      16.667900      5.00      5.00    19.875    90.000     0.000     15.00     -5.00
  138      5.00      2.00     4.544     119.855812      -0.074670      16.667900      5.00      5.00    25.812    90.000     0.000     20.00     -5.00
  139      6.00      0.00     3.866     119.854240      -0.029480      16.667900      5.00      5.00    31.207    90.000     0.000     25.00     -5.00
  140      6.00      0.00     3.266     119.852669       0.015710      16.667900      5.00      5.00    26.539    90.000     0.000     30.00     -5.00
  141      9.00      0.00     2.547     119.851097       0.060900      16.667900      5.00      5.00    17.193    90.000     0.000     35.00     -5.00
  142     12.00      0.00     2.534     119.849533       0.106090      16.667900      5.00      5.00    12.703    90.000     0.000     40.00     -5.00
  143      9.00      0.00     1.729     119.847961       0.151280      16.667900      5.00      5.00    10.924    90.000     0.000     45.00     -5.00
  144     10.00      0.00     1.496     119.846390       0.196470      16.667900      5.00      5.00    22.346    90.000     0.000     50.00     -5.00
  145     37.00      0.00     0.194     119.903961      -1.928060      12.000000      5.00      5.00   185.125    90.000   180.000   -185.00      0.00
  146     36.00      0.00     0.738     119.902397      -1.882870      12.000000      5.00      5.00   339.047    90.000   180.000   -180.00      0.00
  147     35.00      0.00     1.146     119.900833      -1.837680      12.000000      5.00      5.00   332.437    90.000   180.000   -175.00      0.00
  148     34.00      0.00     0.913     119.899261      -1.792490      12.000000      5.00      5.00   319.167    90.000   180.000   -170.00      0.00
  149     33.00      0.00     0.981     119.897690      -1.747300      12.000000      5.00      5.00     8.314    90.000     0.000   -165.00      0.00
  150     32.00      0.00     1.939     119.896133      -1.702110      12.000000      5.00      5.00   352.537    90.000     0.000   -160.00      0.00
  151     32.00      0.00     2.533     119.894562      -1.656920      12.000000      5.00      5.00   348.532    90.000     0.000   -155.00      0.00
  152     31.00      0.00     2.594     119.892990      -1.611730      12.000000      5.00      5.00   352.282    90.000     0.000   -150.00      0.00
  153     30.00      0.00     2.251     119.891418      -1.566530      12.000000      5.00      5.00   357.870    90.000     0.000   -145.00      0.00
  154     30.00      0.00     1.661     119.889862      -1.521340      12.000000      5.00      5.00   356.782    90.000     0.000   -140.00      0.00
  155     30.00      0.00     1.109     119.888290      -1.476150      12.000000      5.00      5.00   353.810    90.000     0.000   -135.00      0.00
  156     27.00      0.00     0.611     119.886719      -1.430960      12.000000      5.00      5.00   347.517    90.000     0.000   -130.00      0.00
  157     25.00      0.00     0.796     119.885162      -1.385770      12.000000      5.00      5.00   313.560    90.000     0.000   -125.00      0.00
  158     24.00      0.00     1.803     119.883591      -1.340580      12.000000      5.00      5.00   221.519    90.000   180.000   -120.00      0.00
  159     23.00      0.00     2.682     119.882019      -1.295390      12.000000      5.00      5.00   315.230    90.000     0.000   -115.00      0.00
  160     24.00      0.00     2.373     119.880463      -1.250200      12.000000      5.00      5.00   320.109    90.000     0.000   -110.00      0.00
  161     21.00      0.00     1.225     119.878891      -1.205010      12.000000      5.00      5.00   318.846    90.000     0.000   -105.00      0.00
  162     21.00      0.00     0.207     119.877319      -1.159820      12.000000      5.00      5.00    30.888    90.000     0.000   -100.00      0.00
  163     21.00      0.00     1.327     119.875763      -1.114630      12.000000      5.00      5.00    38.445    90.000     0.000    -95.00      0.00
  164     18.00      0.00     2.062     119.874191      -1.069440      12.000000      5.00      5.00    31.357    90.000     0.000    -90.00      0.00
  165     18.00      0.00     2.283     119.872620      -1.024250      12.000000      5.00      5.00    19.613    90.000     0.000    -85.00      0.00
  166     17.00      0.00     2.795     119.871063      -0.979050      12.000000      5.00      5.00     7.658    90.000     0.000    -80.00      0.00
  167     16.00      0.00     3.828     119.869492      -0.933860      12.000000      5.00      5.00     5.608    90.000     0.000    -75.00      0.00
  168     15.00      1.00     4.498     119.867928      -0.888670      12.000000      5.00      5.00     5.679    90.000     0.000    -70.00      0.00
  169     14.00      3.00     4.646     119.866364      -0.843480      12.000000      5.00      5.00     5.737    90.000     0.000    -65.00      0.00
  170     14.00      5.00     4.273     119.864792      -0.798290      12.000000      5.00      5.00     2.080    90.000     0.000    -60.00      0.00
  171     11.00      2.00     3.643     119.863228      -0.753100      12.000000      5.00      5.00   354.539    90.000     0.000    -55.00      0.00
  172     11.00      0.00     2.954     119.861656      -0.707910      12.000000      5.00      5.00   348.278    90.000     0.000    -50.00      0.00
  173     10.00      0.00     2.378     119.860092      -0.662720      12.000000      5.00      5.00   351.026    90.000     0.000    -45.00      0.00
  174      8.00      0.00     1.483     119.858528      -0.617530      12.000000      5.00      5.00   352.287    90.000     0.000    -40.00      0.00
  175      8.00      0.00     0.895     119.856956      -0.572340      12.000000      5.00      5.00   357.315    90.000     0.000    -35.00      0.00
  176      8.00      0.00     1.023     119.855400      -0.527150      12.000000      5.00      5.00    10.501    90.000     0.000    -30.00      0.00
  177      5.00      0.00     1.474     119.853828      -0.481950      12.000000      5.00      5.00     4.564    90.000     0.000    -25.00      0.00
  178      4.00      0.00     1.939     119.852257      -0.436760      12.000000      5.00      5.00    10.258    90.000     0.000    -20.00      0.00
  179      4.00      0.00     2.181     119.850700      -0.391570      12.000000      5.00      5.00     3.496    90.000     0.000    -15.00      0.00
  180      3.00      0.00     2.475     119.849129      -0.346380      12.000000      5.00      5.00     2.077    90.000     0.000    -10.00      0.00
  181      8.00      2.00     3.405     119.847572      -0.301190      12.000000      5.00      5.00     6.680    90.000     0.000     -5.00      0.00
  182      1.00      4.00     4.907     119.846001      -0.256000      12.000000      5.00      5.00    11.435    90.000     0.000      0.00      0.00
  183      1.00      4.00     6.292     119.844429      -0.210810      12.000000      5.00      5.00    15.273    90.000     0.000      5.00      0.00
  184      2.00      5.00     6.329     119.842873      -0.165620      12.000000      5.00      5.00    17.453    90.000     0.000     10.00      0.00
  185      5.00      4.00     5.786     119.841301      -0.120430      12.000000      5.00      5.00    20.495    90.000     0.000     15.00      0.00
  186      6.00      5.00     5.342     119.839737      -0.075240      12.000000      5.00      5.00    27.368    90.000     0.000     20.00      0.00
  187      6.00      3.00     4.288     119.838173      -0.030050      12.000000      5.00      5.00    31.099    90.000     0.000     25.00      0.00
  188      7.00      0.00     3.128     119.836601       0.015150      12.000000      5.00      5.00    29.819    90.000     0.000     30.00      0.00
  189      7.00      0.00     2.241     119.835037       0.060340      12.000000      5.00      5.00    21.848    90.000     0.000     35.00      0.00
  190      8.00      0.00     1.543     119.833473       0.105530      12.000000      5.00      5.00     7.621    90.000     0.000     40.00      0.00
  191      9.00      0.00     0.739     119.831909       0.150720      12.000000      5.00      5.00   356.910    90.000     0.000     45.00      0.00
  192     10.00      0.00     0.536     119.830338       0.195910      12.000000      5.00      5.00    17.936    90.000     0.000     50.00      0.00
  193     37.00      0.00     0.261     119.887871      -1.928620       7.332100      5.00      5.00   342.698    90.000   180.000   -185.00      5.00
  194     37.00      0.00     0.666     119.886299      -1.883430       7.332100      5.00      5.00   340.493    90.000   180.000   -180.00      5.00
  195     36.00      0.00     0.974     119.884743      -1.838240       7.332100      5.00      5.00   336.381    90.000   180.000   -175.00      5.00
  196     35.00      0.00     0.667     119.883171      -1.793050       7.332100      5.00      5.00   327.574    90.000   180.000   -170.00      5.00
  197     33.00      0.00     0.541     119.881599      -1.747860       7.332100      5.00      5.00   357.149    90.000     0.000   -165.00      5.00
  198     33.00      0.00     1.688     119.880028      -1.702670       7.332100      5.00      5.00   346.242    90.000     0.000   -160.00      5.00
  199     32.00      0.00     2.484     119.878471      -1.657480       7.332100      5.00      5.00   345.860    90.000     0.000   -155.00      5.00
  200     30.00      0.00     2.542     119.876900      -1.612290       7.332100      5.00      5.00   349.536    90.000     0.000   -150.00      5.00
  201     31.00      0.00     2.292     119.875328      -1.567100       7.332100      5.00      5.00   353.455    90.000     0.000   -145.00      5.00
  202     30.00      0.00     1.932     119.873772      -1.521910       7.332100      5.00      5.00   359.905    90.000     0.000   -140.00      5.00
  203     27.00      0.00     1.817     119.872200      -1.476720       7.332100      5.00      5.00     7.922    90.000     0.000   -135.00      5.00
  204     26.00      0.00     1.587     119.870628      -1.431530       7.332100      5.00      5.00    10.666    90.000     0.000   -130.00      5.00
  205     25.00      0.00     1.320     119.869072      -1.386340       7.332100      5.00      5.00   355.510    90.000     0.000   -125.00      5.00
  206     24.00      0.00     1.902     119.867500      -1.341150       7.332100      5.00      5.00   335.246    90.000     0.000   -120.00      5.00
  207     24.00      0.00     2.507     119.865929      -1.295960       7.332100      5.00      5.00   333.773    90.000     0.000   -115.00      5.00
  208     22.00      0.00     2.241     119.864372      -1.250760       7.332100      5.00      5.00   338.962    90.000     0.000   -110.00      5.00
  209     21.00      0.00     0.979     119.862801      -1.205570       7.332100      5.00      5.00   353.176    90.000     0.000   -105.00      5.00
  210     20.00      0.00     1.626     119.861229      -1.160380       7.332100      5.00      5.00    38.052    90.000     0.000   -100.00      5.00
  211     20.00      0.00     2.655     119.859673      -1.115190       7.332100      5.00      5.00    39.480    90.000     0.000    -95.00      5.00
  212     18.00      0.00     2.696     119.858101      -1.070000       7.332100      5.00      5.00    31.866    90.000     0.000    -90.00      5.00
  213     17.00      0.00     2.534     119.856537      -1.024810       7.332100      5.00      5.00    17.103    90.000     0.000    -85.00      5.00
  214     17.00      2.00     3.223     119.854973      -0.979620       7.332100      5.00      5.00     7.680    90.000     0.000    -80.00      5.00
  215     17.00      3.00     4.477     119.853401      -0.934430       7.332100      5.00      5.00     6.157    90.000     0.000    -75.00      5.00
  216     15.00      6.00     5.586     119.851837      -0.889240       7.332100      5.00      5.00     6.775    90.000     0.000    -70.00      5.00
  217     14.00      6.00     5.817     119.850273      -0.844050       7.332100      5.00      5.00     5.318    90.000     0.000    -65.00      5.00
  218     15.00      5.00     5.275     119.848701      -0.798860       7.332100      5.00      5.00     0.131    90.000     0.000    -60.00      5.00
  219     12.00      4.00     4.110     119.847137      -0.753670       7.332100      5.00      5.00   353.055    90.000     0.000    -55.00      5.00
  220     11.00      1.00     3.118     119.845612      -0.708470       7.332100      5.00      5.00   346.611    90.000     0.000    -50.00      5.00
  221     10.00      0.00     2.186     119.844040      -0.663280       7.332100      5.00      5.00   347.892    90.000     0.000    -45.00      5.00
  222      8.00      0.00     1.214     119.842468      -0.618090       7.332100      5.00      5.00     9.081    90.000     0.000    -40.00      5.00
  223      9.00      0.00     1.375     119.840897      -0.572900       7.332100      5.00      5.00    30.454    90.000     0.000    -35.00      5.00
  224      6.00      0.00     1.651     119.839333      -0.527710       7.332100      5.00      5.00    29.624    90.000     0.000    -30.00      5.00
  225      5.00      0.00     2.241     119.837761      -0.482520       7.332100      5.00      5.00    29.520    90.000     0.000    -25.00      5.00
  226      4.00      0.00     3.104     119.836189      -0.437330       7.332100      5.00      5.00    26.970    90.000     0.000    -20.00      5.00
  227      3.00      0.00     3.133     119.834618      -0.392140       7.332100      5.00      5.00    18.677    90.000     0.000    -15.00      5.00
  228      8.00      3.00     3.568     119.833054      -0.346950       7.332100      5.00      5.00    13.861    90.000     0.000    -10.00      5.00
  229      2.00      4.00     4.977     119.831482      -0.301760       7.332100      5.00      5.00    13.026    90.000     0.000     -5.00      5.00
  230      3.00      4.00     6.441     119.829910      -0.256570       7.332100      5.00      5.00    15.051    90.000     0.000      0.00      5.00
  231      2.00      7.00     7.793     119.828346      -0.211370       7.332100      5.00      5.00    17.563    90.000     0.000      5.00      5.00
  232      3.00      6.00     7.802     119.826782      -0.166180       7.332100      5.00      5.00    17.850    90.000     0.000     10.00      5.00
  233      4.00      6.00     6.949     119.825218      -0.120990       7.332100      5.00      5.00    20.649    90.000     0.000     15.00      5.00
  234      6.00      5.00     6.103     119.823647      -0.075800       7.332100      5.00      5.00    24.652    90.000     0.000     20.00      5.00
  235      7.00      5.00     4.924     119.822083      -0.030610       7.332100      5.00      5.00    29.466    90.000     0.000     25.00      5.00
  236      7.00      2.00     3.580     119.820518       0.014580       7.332100      5.00      5.00    32.480    90.000     0.000     30.00      5.00
  237      7.00      0.00     1.753     119.818947       0.059770       7.332100      5.00      5.00    27.343    90.000     0.000     35.00      5.00
  238      9.00      0.00     0.802     119.817390       0.104960       7.332100      5.00      5.00   347.962    90.000     0.000     40.00      5.00
  239      9.00      0.00     0.703     119.815819       0.150150       7.332100      5.00      5.00   342.014    90.000     0.000     45.00      5.00
  240     10.00      0.00     0.330     119.814247       0.195340       7.332100      5.00      5.00   221.553    90.000   180.000     50.00      5.00
  241     38.00      0.00     0.048     119.871780      -1.929190       2.664200      5.00      5.00   208.769    90.000   180.000   -185.00     10.00
  242     36.00      0.00     0.190     119.870209      -1.884000       2.664200      5.00      5.00   346.792    90.000   180.000   -180.00     10.00
  243     35.00      0.00     0.486     119.868637      -1.838810       2.664200      5.00      5.00   332.159    90.000   180.000   -175.00     10.00
  244     35.00      0.00     0.308     119.867081      -1.793620       2.664200      5.00      5.00   322.503    90.000   180.000   -170.00     10.00
  245     34.00      0.00     0.523     119.865509      -1.748430       2.664200      5.00      5.00   343.859    90.000     0.000   -165.00     10.00
  246     33.00      0.00     1.506     119.863937      -1.703240       2.664200      5.00      5.00   341.867    90.000     0.000   -160.00     10.00
  247     32.00      0.00     2.195     119.862373      -1.658050       2.664200      5.00      5.00   345.324    90.000     0.000   -155.00     10.00
  248     31.00      0.00     2.352     119.860809      -1.612860       2.664200      5.00      5.00   350.015    90.000     0.000   -150.00     10.00
  249     31.00      0.00     2.229     119.859238      -1.567660       2.664200      5.00      5.00   355.223    90.000     0.000   -145.00     10.00
  250     30.00      0.00     2.047     119.857681      -1.522470       2.664200      5.00      5.00     3.286    90.000     0.000   -140.00     10.00
  251     28.00      0.00     2.105     119.856110      -1.477280       2.664200      5.00      5.00    10.494    90.000     0.000   -135.00     10.00
  252     27.00      0.00     2.077     119.854538      -1.432090       2.664200      5.00      5.00    13.197    90.000     0.000   -130.00     10.00
  253     26.00      0.00     1.832     119.852982      -1.386900       2.664200      5.00      5.00     3.948    90.000     0.000   -125.00     10.00
  254     25.00      0.00     2.029     119.851410      -1.341710       2.664200      5.00      5.00   349.583    90.000     0.000   -120.00     10.00
  255     25.00      0.00     2.400     119.849838      -1.296520       2.664200      5.00      5.00   344.958    90.000     0.000   -115.00     10.00
  256     23.00      0.00     2.100     119.848282      -1.251330       2.664200      5.00      5.00   348.462    90.000     0.000   -110.00     10.00
  257     21.00      0.00     1.256     119.846710      -1.206140       2.664200      5.00      5.00    10.135    90.000     0.000   -105.00     10.00
  258     21.00      0.00     2.066     119.845207      -1.160950       2.664200      5.00      5.00    38.436    90.000     0.000   -100.00     10.00
  259     21.00      0.00     3.031     119.843643      -1.115760       2.664200      5.00      5.00    41.531    90.000     0.000    -95.00     10.00
  260     18.00      0.00     2.845     119.842072      -1.070570       2.664200      5.00      5.00    35.245    90.000     0.000    -90.00     10.00
  261     18.00      1.00     2.652     119.840500      -1.025380       2.664200      5.00      5.00    20.875    90.000     0.000    -85.00     10.00
  262     17.00      2.00     3.497     119.838928      -0.980190       2.664200      5.00      5.00     8.902    90.000     0.000    -80.00     10.00
  263     17.00      5.00     4.967     119.837357      -0.934990       2.664200      5.00      5.00     5.745    90.000     0.000    -75.00     10.00
  264     15.00      6.00     6.052     119.835793      -0.889800       2.664200      5.00      5.00     4.578    90.000     0.000    -70.00     10.00
  265     14.00      6.00     6.231     119.834221      -0.844610       2.664200      5.00      5.00     3.440    90.000     0.000    -65.00     10.00
  266     15.00      5.00     5.536     119.832657      -0.799420       2.664200      5.00      5.00   359.362    90.000     0.000    -60.00     10.00
  267     12.00      4.00     4.286     119.831093      -0.754230       2.664200      5.00      5.00   352.567    90.000     0.000    -55.00     10.00
  268     11.00      2.00     3.211     119.829521      -0.709040       2.664200      5.00      5.00   344.384    90.000     0.000    -50.00     10.00
  269     10.00      0.00     2.156     119.827950      -0.663850       2.664200      5.00      5.00   342.979    90.000     0.000    -45.00     10.00
  270      8.00      0.00     1.188     119.826378      -0.618660       2.664200      5.00      5.00     9.869    90.000     0.000    -40.00     10.00
  271      8.00      0.00     1.798     119.824806      -0.573470       2.664200      5.00      5.00    32.640    90.000     0.000    -35.00     10.00
  272      9.00      0.00     2.345     119.823242      -0.528280       2.664200      5.00      5.00    33.056    90.000     0.000    -30.00     10.00
  273      9.00      0.00     2.950     119.821671      -0.483090       2.664200      5.00      5.00    31.088    90.000     0.000    -25.00     10.00
  274      8.00      0.00     3.676     119.820099      -0.437900       2.664200      5.00      5.00    28.263    90.000     0.000    -20.00     10.00
  275      7.00      0.00     3.957     119.818527      -0.392700       2.664200      5.00      5.00    22.701    90.000     0.000    -15.00     10.00
  276      7.00      4.00     4.511     119.816963      -0.347510       2.664200      5.00      5.00    18.789    90.000     0.000    -10.00     10.00
  277      4.00      5.00     5.766     119.815399      -0.302320       2.664200      5.00      5.00    17.133    90.000     0.000     -5.00     10.00
  278      3.00      6.00     7.334     119.813828      -0.257130       2.664200      5.00      5.00    18.187    90.000     0.000      0.00     10.00
  279      3.00      7.00     8.474     119.812263      -0.211940       2.664200      5.00      5.00    19.463    90.000     0.000      5.00     10.00
  280      3.00      8.00     8.544     119.810692      -0.166750       2.664200      5.00      5.00    20.401    90.000     0.000     10.00     10.00
  281      4.00      6.00     7.767     119.809128      -0.121560       2.664200      5.00      5.00    21.490    90.000     0.000     15.00     10.00
  282      6.00      6.00     6.615     119.807564      -0.076370       2.664200      5.00      5.00    23.397    90.000     0.000     20.00     10.00
  283      6.00      5.00     5.449     119.806000      -0.031180       2.664200      5.00      5.00    27.147    90.000     0.000     25.00     10.00
  284      7.00      4.00     3.713     119.804428       0.014020       2.664200      5.00      5.00    29.439    90.000     0.000     30.00     10.00
  285      7.00      0.00     1.552     119.802856       0.059210       2.664200      5.00      5.00    24.381    90.000     0.000     35.00     10.00
  286      9.00      0.00     0.709     119.801300       0.104400       2.664200      5.00      5.00   344.789    90.000     0.000     40.00     10.00
  287     10.00      0.00     0.855     119.799728       0.149590       2.664200      5.00      5.00   327.875    90.000     0.000     45.00     10.00
  288     10.00      0.00     0.381     119.798172       0.194780       2.664200      5.00      5.00   314.902    90.000     0.000     50.00     10.00
