      xloc      yloc          depth         ave SR         max SR         #     start       end     max SR all       str       dip      rake flag
   -185.00    -15.00      26.003710       0.000000       0.000000        15      14.0      15.0       1.158512   358.000    69.000     0.000    0     119.952240      -1.926360
   -185.00    -10.00      21.335800       0.000000       0.000000        15      14.0      15.0       1.158512   358.000    69.000     0.000    0     119.936150      -1.926930
   -185.00     -5.00      16.667900       0.000000       0.000000        15      14.0      15.0       1.158512   358.000    69.000     0.000    0     119.920059      -1.927490
   -185.00      0.00      12.000000       0.000000       0.000000        15      14.0      15.0       1.158512   358.000    69.000     0.000    0     119.903961      -1.928060
   -185.00      5.00       7.332100       0.000000       0.000000        15      14.0      15.0       1.158512   358.000    69.000     0.000    0     119.887871      -1.928620
   -185.00     10.00       2.664200       0.000000       0.000000        15      14.0      15.0       1.158512   358.000    69.000     0.000    0     119.871780      -1.929190
   -180.00    -15.00      26.003710       0.000000       0.000000        15      14.0      15.0       1.158512   358.000    69.000     0.000    0     119.950684      -1.881170
   -180.00    -10.00      21.335800       0.000000       0.000000        15      14.0      15.0       1.158512   358.000    69.000     0.000    0     119.934578      -1.881740
   -180.00     -5.00      16.667900       0.000000       0.000000        15      14.0      15.0       1.158512   358.000    69.000     0.000    0     119.918488      -1.882300
   -180.00      0.00      12.000000       0.000000       0.000000        15      14.0      15.0       1.158512   358.000    69.000     0.000    0     119.902397      -1.882870
   -180.00      5.00       7.332100       0.000000       0.000000        15      14.0      15.0       1.158512   358.000    69.000     0.000    0     119.886299      -1.883430
   -180.00     10.00       2.664200       0.000000       0.000000        15      14.0      15.0       1.158512   358.000    69.000     0.000    0     119.870209      -1.884000
   -175.00    -15.00      26.003710       0.000000       0.000000        15      14.0      15.0       1.158512   358.000    69.000     0.000    0     119.949112      -1.835980
   -175.00    -10.00      21.335800       0.000000       0.000000        15      14.0      15.0       1.158512   358.000    69.000     0.000    0     119.933006      -1.836550
   -175.00     -5.00      16.667900       0.000000       0.000000        15      14.0      15.0       1.158512   358.000    69.000     0.000    0     119.916924      -1.837110
   -175.00      0.00      12.000000       0.000000       0.000000        15      14.0      15.0       1.158512   358.000    69.000     0.000    0     119.900833      -1.837680
   -175.00      5.00       7.332100       0.000000       0.000000        15      14.0      15.0       1.158512   358.000    69.000     0.000    0     119.884743      -1.838240
   -175.00     10.00       2.664200       0.000000       0.000000        15      14.0      15.0       1.158512   358.000    69.000     0.000    0     119.868637      -1.838810
   -170.00    -15.00      26.003710       0.000000       0.000000        15      14.0      15.0       1.158512   358.000    69.000     0.000    0     119.947540      -1.790790
   -170.00    -10.00      21.335800       0.000000       0.000000        15      14.0      15.0       1.158512   358.000    69.000     0.000    0     119.931450      -1.791360
   -170.00     -5.00      16.667900       0.000000       0.000000        15      14.0      15.0       1.158512   358.000    69.000     0.000    0     119.915352      -1.791920
   -170.00      0.00      12.000000       0.000000       0.000000        15      14.0      15.0       1.158512   358.000    69.000     0.000    0     119.899261      -1.792490
   -170.00      5.00       7.332100       0.000000       0.000000        15      14.0      15.0       1.158512   358.000    69.000     0.000    0     119.883171      -1.793050
   -170.00     10.00       2.664200       0.000000       0.000000        15      14.0      15.0       1.158512   358.000    69.000     0.000    0     119.867081      -1.793620
   -165.00    -15.00      26.003710       0.000000       0.000000        15      14.0      15.0       1.158512   358.000    69.000     0.000    0     119.945969      -1.745600
   -165.00    -10.00      21.335800       0.000000       0.000000        15      14.0      15.0       1.158512   358.000    69.000     0.000    0     119.929878      -1.746170
   -165.00     -5.00      16.667900       0.000000       0.000000        15      14.0      15.0       1.158512   358.000    69.000     0.000    0     119.913788      -1.746730
   -165.00      0.00      12.000000       0.000000       0.000000        15      14.0      15.0       1.158512   358.000    69.000     0.000    0     119.897690      -1.747300
   -165.00      5.00       7.332100       0.000000       0.000000        15      14.0      15.0       1.158512   358.000    69.000     0.000    0     119.881599      -1.747860
   -165.00     10.00       2.664200       0.000000       0.000000        15      14.0      15.0       1.158512   358.000    69.000     0.000    0     119.865509      -1.748430
   -160.00    -15.00      26.003710       0.000000       0.000000        15      14.0      15.0       1.158512   358.000    69.000     0.000    0     119.944397      -1.700410
   -160.00    -10.00      21.335800       0.000000       0.000000        15      14.0      15.0       1.158512   358.000    69.000     0.000    0     119.928307      -1.700980
   -160.00     -5.00      16.667900       0.000000       0.000000        15      14.0      15.0       1.158512   358.000    69.000     0.000    0     119.912216      -1.701540
   -160.00      0.00      12.000000       0.000000       0.000000        15      14.0      15.0       1.158512   358.000    69.000     0.000    0     119.896133      -1.702110
   -160.00      5.00       7.332100       0.000000       0.000000        15      14.0      15.0       1.158512   358.000    69.000     0.000    0     119.880028      -1.702670
   -160.00     10.00       2.664200       0.000000       0.000000        15      14.0      15.0       1.158512   358.000    69.000     0.000    0     119.863937      -1.703240
   -155.00    -15.00      26.003710       0.000000       0.000000        15      14.0      15.0       1.158512   358.000    69.000     0.000    0     119.942841      -1.655220
   -155.00    -10.00      21.335800       0.000000       0.000000        15      14.0      15.0       1.158512   358.000    69.000     0.000    0     119.926743      -1.655790
   -155.00     -5.00      16.667900       0.000000       0.000000        15      14.0      15.0       1.158512   358.000    69.000     0.000    0     119.910652      -1.656350
   -155.00      0.00      12.000000       0.000000       0.000000        15      14.0      15.0       1.158512   358.000    69.000     0.000    0     119.894562      -1.656920
   -155.00      5.00       7.332100       0.000000       0.000000        15      14.0      15.0       1.158512   358.000    69.000     0.000    0     119.878471      -1.657480
   -155.00     10.00       2.664200       0.000000       0.000000        15      14.0      15.0       1.158512   358.000    69.000     0.000    0     119.862373      -1.658050
   -150.00    -15.00      26.003710       0.000000       0.000000        15      14.0      15.0       1.158512   358.000    69.000     0.000    0     119.941269      -1.610030
   -150.00    -10.00      21.335800       0.000000       0.000000        15      14.0      15.0       1.158512   358.000    69.000     0.000    0     119.925179      -1.610590
   -150.00     -5.00      16.667900       0.000000       0.000000        15      14.0      15.0       1.158512   358.000    69.000     0.000    0     119.909081      -1.611160
   -150.00      0.00      12.000000       0.000000       0.000000        15      14.0      15.0       1.158512   358.000    69.000     0.000    0     119.892990      -1.611730
   -150.00      5.00       7.332100       0.000000       0.000000        15      14.0      15.0       1.158512   358.000    69.000     0.000    0     119.876900      -1.612290
   -150.00     10.00       2.664200       0.000000       0.000000        15      14.0      15.0       1.158512   358.000    69.000     0.000    0     119.860809      -1.612860
   -145.00    -15.00      26.003710       0.000000       0.000000        15      14.0      15.0       1.158512   358.000    69.000     0.000    0     119.939697      -1.564840
   -145.00    -10.00      21.335800       0.000000       0.000000        15      14.0      15.0       1.158512   358.000    69.000     0.000    0     119.923607      -1.565400
   -145.00     -5.00      16.667900       0.000000       0.000000        15      14.0      15.0       1.158512   358.000    69.000     0.000    0     119.907516      -1.565970
   -145.00      0.00      12.000000       0.000000       0.000000        15      14.0      15.0       1.158512   358.000    69.000     0.000    0     119.891418      -1.566530
   -145.00      5.00       7.332100       0.000000       0.000000        15      14.0      15.0       1.158512   358.000    69.000     0.000    0     119.875328      -1.567100
   -145.00     10.00       2.664200       0.000000       0.000000        15      14.0      15.0       1.158512   358.000    69.000     0.000    0     119.859238      -1.567660
   -140.00    -15.00      26.003710       0.000000       0.000000        15      14.0      15.0       1.158512   358.000    69.000     0.000    0     119.938133      -1.519650
   -140.00    -10.00      21.335800       0.000000       0.000000        15      14.0      15.0       1.158512   358.000    69.000     0.000    0     119.922043      -1.520210
   -140.00     -5.00      16.667900       0.000000       0.000000        15      14.0      15.0       1.158512   358.000    69.000     0.000    0     119.905952      -1.520780
   -140.00      0.00      12.000000       0.000000       0.000000        15      14.0      15.0       1.158512   358.000    69.000     0.000    0     119.889862      -1.521340
   -140.00      5.00       7.332100       0.000000       0.000000        15      14.0      15.0       1.158512   358.000    69.000     0.000    0     119.873772      -1.521910
   -140.00     10.00       2.664200       0.000000       0.000000        15      14.0      15.0       1.158512   358.000    69.000     0.000    0     119.857681      -1.522470
   -135.00    -15.00      26.003710       0.000000       0.000000        15      14.0      15.0       1.158512   358.000    69.000     0.000    0     119.936562      -1.474460
   -135.00    -10.00      21.335800       0.000000       0.000000        15      14.0      15.0       1.158512   358.000    69.000     0.000    0     119.920471      -1.475020
   -135.00     -5.00      16.667900       0.000000       0.000000        15      14.0      15.0       1.158512   358.000    69.000     0.000    0     119.904381      -1.475590
   -135.00      0.00      12.000000       0.000000       0.000000        15      14.0      15.0       1.158512   358.000    69.000     0.000    0     119.888290      -1.476150
   -135.00      5.00       7.332100       0.000000       0.000000        15      14.0      15.0       1.158512   358.000    69.000     0.000    0     119.872200      -1.476720
   -135.00     10.00       2.664200       0.000000       0.000000        15      14.0      15.0       1.158512   358.000    69.000     0.000    0     119.856110      -1.477280
   -130.00    -15.00      26.003710       0.000000       0.000000        15      14.0      15.0       1.158512   358.000    69.000     0.000    0     119.934998      -1.429270
   -130.00    -10.00      21.335800       0.000000       0.000000        15      14.0      15.0       1.158512   358.000    69.000     0.000    0     119.918907      -1.429830
   -130.00     -5.00      16.667900       0.000000       0.000000        15      14.0      15.0       1.158512   358.000    69.000     0.000    0     119.902809      -1.430400
   -130.00      0.00      12.000000       0.000000       0.000000        15      14.0      15.0       1.158512   358.000    69.000     0.000    0     119.886719      -1.430960
   -130.00      5.00       7.332100       0.000000       0.000000        15      14.0      15.0       1.158512   358.000    69.000     0.000    0     119.870628      -1.431530
   -130.00     10.00       2.664200       0.000000       0.000000        15      14.0      15.0       1.158512   358.000    69.000     0.000    0     119.854538      -1.432090
   -125.00    -15.00      26.003710       0.000000       0.000000        15      14.0      15.0       1.158512   358.000    69.000     0.000    0     119.933434      -1.384080
   -125.00    -10.00      21.335800       0.000000       0.000000        15      14.0      15.0       1.158512   358.000    69.000     0.000    0     119.917343      -1.384640
   -125.00     -5.00      16.667900       0.000000       0.000000        15      14.0      15.0       1.158512   358.000    69.000     0.000    0     119.901253      -1.385210
   -125.00      0.00      12.000000       0.000000       0.000000        15      14.0      15.0       1.158512   358.000    69.000     0.000    0     119.885162      -1.385770
   -125.00      5.00       7.332100       0.000000       0.000000        15      14.0      15.0       1.158512   358.000    69.000     0.000    0     119.869072      -1.386340
   -125.00     10.00       2.664200       0.000000       0.000000        15      14.0      15.0       1.158512   358.000    69.000     0.000    0     119.852982      -1.386900
   -120.00    -15.00      26.003710       0.000000       0.000000        15      14.0      15.0       1.158512   358.000    69.000     0.000    0     119.931862      -1.338890
   -120.00    -10.00      21.335800       0.000000       0.000000        15      14.0      15.0       1.158512   358.000    69.000     0.000    0     119.915771      -1.339450
   -120.00     -5.00      16.667900       0.000000       0.000000        15      14.0      15.0       1.158512   358.000    69.000     0.000    0     119.899681      -1.340020
   -120.00      0.00      12.000000       0.000000       0.000000        15      14.0      15.0       1.158512   358.000    69.000     0.000    0     119.883591      -1.340580
   -120.00      5.00       7.332100       0.000000       0.000000        15      14.0      15.0       1.158512   358.000    69.000     0.000    0     119.867500      -1.341150
   -120.00     10.00       2.664200       0.000000       0.000000        15      14.0      15.0       1.158512   358.000    69.000     0.000    0     119.851410      -1.341710
   -115.00    -15.00      26.003710       0.000000       0.000000        15      14.0      15.0       1.158512   358.000    69.000     0.000    0     119.930290      -1.293690
   -115.00    -10.00      21.335800       0.000000       0.000000        15      14.0      15.0       1.158512   358.000    69.000     0.000    0     119.914200      -1.294260
   -115.00     -5.00      16.667900       0.000000       0.000000        15      14.0      15.0       1.158512   358.000    69.000     0.000    0     119.898109      -1.294830
   -115.00      0.00      12.000000       0.000000       0.000000        15      14.0      15.0       1.158512   358.000    69.000     0.000    0     119.882019      -1.295390
   -115.00      5.00       7.332100       0.000000       0.000000        15      14.0      15.0       1.158512   358.000    69.000     0.000    0     119.865929      -1.295960
   -115.00     10.00       2.664200       0.000000       0.000000        15      14.0      15.0       1.158512   358.000    69.000     0.000    0     119.849838      -1.296520
   -110.00    -15.00      26.003710       0.000000       0.000000        15      14.0      15.0       1.158512   358.000    69.000     0.000    0     119.928726      -1.248500
   -110.00    -10.00      21.335800       0.000000       0.000000        15      14.0      15.0       1.158512   358.000    69.000     0.000    0     119.912643      -1.249070
   -110.00     -5.00      16.667900       0.000000       0.000000        15      14.0      15.0       1.158512   358.000    69.000     0.000    0     119.896553      -1.249630
   -110.00      0.00      12.000000       0.000000       0.000000        15      14.0      15.0       1.158512   358.000    69.000     0.000    0     119.880463      -1.250200
   -110.00      5.00       7.332100       0.000000       0.000000        15      14.0      15.0       1.158512   358.000    69.000     0.000    0     119.864372      -1.250760
   -110.00     10.00       2.664200       0.000000       0.000000        15      14.0      15.0       1.158512   358.000    69.000     0.000    0     119.848282      -1.251330
   -105.00    -15.00      26.003710       0.000000       0.000000        15      14.0      15.0       1.158512   358.000    69.000     0.000    0     119.927162      -1.203310
   -105.00    -10.00      21.335800       0.000000       0.000000        15      14.0      15.0       1.158512   358.000    69.000     0.000    0     119.911072      -1.203880
   -105.00     -5.00      16.667900       0.000000       0.000000        15      14.0      15.0       1.158512   358.000    69.000     0.000    0     119.894981      -1.204440
   -105.00      0.00      12.000000       0.000000       0.000000        15      14.0      15.0       1.158512   358.000    69.000     0.000    0     119.878891      -1.205010
   -105.00      5.00       7.332100       0.000000       0.000000        15      14.0      15.0       1.158512   358.000    69.000     0.000    0     119.862801      -1.205570
   -105.00     10.00       2.664200       0.000000       0.000000        15      14.0      15.0       1.158512   358.000    69.000     0.000    0     119.846710      -1.206140
   -100.00    -15.00      26.003710       0.000000       0.000000        15      14.0      15.0       1.158512   358.000    69.000     0.000    0     119.925591      -1.158120
   -100.00    -10.00      21.335800       0.000000       0.000000        15      14.0      15.0       1.158512   358.000    69.000     0.000    0     119.909500      -1.158690
   -100.00     -5.00      16.667900       0.000000       0.000000        15      14.0      15.0       1.158512   358.000    69.000     0.000    0     119.893410      -1.159250
   -100.00      0.00      12.000000       0.000000       0.000000        15      14.0      15.0       1.158512   358.000    69.000     0.000    0     119.877319      -1.159820
   -100.00      5.00       7.332100       0.000000       0.000000        15      14.0      15.0       1.158512   358.000    69.000     0.000    0     119.861229      -1.160380
   -100.00     10.00       2.664200       0.000000       0.000000        15      14.0      15.0       1.158512   358.000    69.000     0.000    0     119.845207      -1.160950
    -95.00    -15.00      26.003710       0.000000       0.000000        15      14.0      15.0       1.158512   358.000    69.000     0.000    0     119.924026      -1.112930
    -95.00    -10.00      21.335800       0.000000       0.000000        15      14.0      15.0       1.158512   358.000    69.000     0.000    0     119.907944      -1.113500
    -95.00     -5.00      16.667900       0.000000       0.000000        15      14.0      15.0       1.158512   358.000    69.000     0.000    0     119.891853      -1.114060
    -95.00      0.00      12.000000       0.000000       0.000000        15      14.0      15.0       1.158512   358.000    69.000     0.000    0     119.875763      -1.114630
    -95.00      5.00       7.332100       0.000000       0.000000        15      14.0      15.0       1.158512   358.000    69.000     0.000    0     119.859673      -1.115190
    -95.00     10.00       2.664200       0.000000       0.000000        15      14.0      15.0       1.158512   358.000    69.000     0.000    0     119.843643      -1.115760
    -90.00    -15.00      26.003710       0.000000       0.000000        15      14.0      15.0       1.158512   358.000    69.000     0.000    0     119.922462      -1.067740
    -90.00    -10.00      21.335800       0.000000       0.000000        15      14.0      15.0       1.158512   358.000    69.000     0.000    0     119.906372      -1.068310
    -90.00     -5.00      16.667900       0.000000       0.000000        15      14.0      15.0       1.158512   358.000    69.000     0.000    0     119.890282      -1.068870
    -90.00      0.00      12.000000       0.000000       0.000000        15      14.0      15.0       1.158512   358.000    69.000     0.000    0     119.874191      -1.069440
    -90.00      5.00       7.332100       0.000000       0.000000        15      14.0      15.0       1.158512   358.000    69.000     0.000    0     119.858101      -1.070000
    -90.00     10.00       2.664200       0.000000       0.000000        15      14.0      15.0       1.158512   358.000    69.000     0.000    0     119.842072      -1.070570
    -85.00    -15.00      26.003710       0.000000       0.000000        15      14.0      15.0       1.158512   358.000    69.000     0.000    0     119.920891      -1.022550
    -85.00    -10.00      21.335800       0.000000       0.000000        15      14.0      15.0       1.158512   358.000    69.000     0.000    0     119.904800      -1.023120
    -85.00     -5.00      16.667900       0.000000       0.000000        15      14.0      15.0       1.158512   358.000    69.000     0.000    0     119.888710      -1.023680
    -85.00      0.00      12.000000       0.000000       0.000000        15      14.0      15.0       1.158512   358.000    69.000     0.000    0     119.872620      -1.024250
    -85.00      5.00       7.332100       0.000000       0.000000        15      14.0      15.0       1.158512   358.000    69.000     0.000    0     119.856537      -1.024810
    -85.00     10.00       2.664200       0.000000       0.000000        15      14.0      15.0       1.158512   358.000    69.000     0.000    0     119.840500      -1.025380
    -80.00    -15.00      26.003710       0.000000       0.000000        15      14.0      15.0       1.158512   358.000    69.000     0.000    0     119.919319      -0.977360
    -80.00    -10.00      21.335800       0.000000       0.000000        15      14.0      15.0       1.158512   358.000    69.000     0.000    0     119.903236      -0.977920
    -80.00     -5.00      16.667900       0.000000       0.000000        15      14.0      15.0       1.158512   358.000    69.000     0.000    0     119.887154      -0.978490
    -80.00      0.00      12.000000       0.000000       0.000000        15      14.0      15.0       1.158512   358.000    69.000     0.000    0     119.871063      -0.979050
    -80.00      5.00       7.332100       0.000000       0.000000        15      14.0      15.0       1.158512   358.000    69.000     0.000    0     119.854973      -0.979620
    -80.00     10.00       2.664200       0.000000       0.000000        15      14.0      15.0       1.158512   358.000    69.000     0.000    0     119.838928      -0.980190
    -75.00    -15.00      26.003710       0.081354       0.081354        15      14.0      15.0       1.158512   358.000    69.000   108.790    0     119.917763      -0.932170
    -75.00    -10.00      21.335800       0.137451       0.137451        15      14.0      15.0       1.158512   358.000    69.000   105.920    0     119.901672      -0.932730
    -75.00     -5.00      16.667900       0.034602       0.034602        15      14.0      15.0       1.158512   358.000    69.000    31.190    0     119.885582      -0.933300
    -75.00      0.00      12.000000       0.111488       0.111488        15      14.0      15.0       1.158512   358.000    69.000   -42.880    0     119.869492      -0.933860
    -75.00      5.00       7.332100       0.091076       0.091076        15      14.0      15.0       1.158512   358.000    69.000  -105.170    0     119.853401      -0.934430
    -75.00     10.00       2.664200       0.137355       0.137355        15      14.0      15.0       1.158512   358.000    69.000   -66.270    0     119.837357      -0.934990
    -70.00    -15.00      26.003710       0.120565       0.120565        15      14.0      15.0       1.158512   358.000    69.000    87.190    0     119.916191      -0.886980
    -70.00    -10.00      21.335800       0.119853       0.119853        15      14.0      15.0       1.158512   358.000    69.000   -42.230    0     119.900101      -0.887540
    -70.00     -5.00      16.667900       0.135429       0.135429        15      14.0      15.0       1.158512   358.000    69.000   -74.850    0     119.884010      -0.888110
    -70.00      0.00      12.000000       0.275337       0.275337        15      14.0      15.0       1.158512   358.000    69.000   -94.250    0     119.867928      -0.888670
    -70.00      5.00       7.332100       0.457432       0.457432        15      14.0      15.0       1.158512   358.000    69.000   -89.590    0     119.851837      -0.889240
    -70.00     10.00       2.664200       0.382134       0.382134        15      14.0      15.0       1.158512   358.000    69.000   -80.240    0     119.835793      -0.889800
    -65.00    -15.00      26.003710       0.093840       0.093840        15      14.0      15.0       1.158512   358.000    69.000    30.490    0     119.914619      -0.841790
    -65.00    -10.00      21.335800       0.142708       0.142708        15      14.0      15.0       1.158512   358.000    69.000   -34.820    0     119.898537      -0.842350
    -65.00     -5.00      16.667900       0.107936       0.107936        15      14.0      15.0       1.158512   358.000    69.000   -96.320    0     119.882446      -0.842920
    -65.00      0.00      12.000000       0.283141       0.283141        15      14.0      15.0       1.158512   358.000    69.000  -116.400    0     119.866364      -0.843480
    -65.00      5.00       7.332100       0.495961       0.495961        15      14.0      15.0       1.158512   358.000    69.000   -98.920    0     119.850273      -0.844050
    -65.00     10.00       2.664200       0.455781       0.455781        15      14.0      15.0       1.158512   358.000    69.000   -88.920    0     119.834221      -0.844610
    -60.00    -15.00      26.003710       0.118138       0.118138        15      14.0      15.0       1.158512   358.000    69.000     0.990    0     119.913063      -0.796600
    -60.00    -10.00      21.335800       0.098318       0.098318        15      14.0      15.0       1.158512   358.000    69.000     4.610    0     119.896973      -0.797160
    -60.00     -5.00      16.667900       0.066910       0.066910        15      14.0      15.0       1.158512   358.000    69.000   156.370    0     119.880882      -0.797730
    -60.00      0.00      12.000000       0.226652       0.226652        15      14.0      15.0       1.158512   358.000    69.000  -145.870    0     119.864792      -0.798290
    -60.00      5.00       7.332100       0.339037       0.339037        15      14.0      15.0       1.158512   358.000    69.000  -114.050    0     119.848701      -0.798860
    -60.00     10.00       2.664200       0.355859       0.355859        15      14.0      15.0       1.158512   358.000    69.000   -97.010    0     119.832657      -0.799420
    -55.00    -15.00      26.003710       0.159631       0.159631        15      14.0      15.0       1.158512   358.000    69.000   -10.180    0     119.911491      -0.751410
    -55.00    -10.00      21.335800       0.128116       0.128116        15      14.0      15.0       1.158512   358.000    69.000    41.370    0     119.895401      -0.751970
    -55.00     -5.00      16.667900       0.141750       0.141750        15      14.0      15.0       1.158512   358.000    69.000   119.380    0     119.879311      -0.752540
    -55.00      0.00      12.000000       0.181793       0.181793        15      14.0      15.0       1.158512   358.000    69.000   173.540    0     119.863228      -0.753100
    -55.00      5.00       7.332100       0.186743       0.186743        15      14.0      15.0       1.158512   358.000    69.000  -152.380    0     119.847137      -0.753670
    -55.00     10.00       2.664200       0.205152       0.205152        15      14.0      15.0       1.158512   358.000    69.000  -110.610    0     119.831093      -0.754230
    -50.00    -15.00      26.003710       0.197367       0.197367        15      14.0      15.0       1.158512   358.000    69.000    -3.300    0     119.909920      -0.706210
    -50.00    -10.00      21.335800       0.177550       0.177550        15      14.0      15.0       1.158512   358.000    69.000    32.650    0     119.893837      -0.706780
    -50.00     -5.00      16.667900       0.212105       0.212105        15      14.0      15.0       1.158512   358.000    69.000    98.340    0     119.877747      -0.707340
    -50.00      0.00      12.000000       0.253932       0.253932        15      14.0      15.0       1.158512   358.000    69.000   126.820    0     119.861656      -0.707910
    -50.00      5.00       7.332100       0.178826       0.178826        15      14.0      15.0       1.158512   358.000    69.000   152.780    0     119.845612      -0.708470
    -50.00     10.00       2.664200       0.101370       0.101370        15      14.0      15.0       1.158512   358.000    69.000  -141.830    0     119.829521      -0.709040
    -45.00    -15.00      26.003710       0.212178       0.212178        15      14.0      15.0       1.158512   358.000    69.000     8.970    0     119.908363      -0.661020
    -45.00    -10.00      21.335800       0.228681       0.228681        15      14.0      15.0       1.158512   358.000    69.000    17.890    0     119.892273      -0.661590
    -45.00     -5.00      16.667900       0.227790       0.227790        15      14.0      15.0       1.158512   358.000    69.000    74.670    0     119.876183      -0.662150
    -45.00      0.00      12.000000       0.289108       0.289108        15      14.0      15.0       1.158512   358.000    69.000   107.580    0     119.860092      -0.662720
    -45.00      5.00       7.332100       0.226738       0.226738        15      14.0      15.0       1.158512   358.000    69.000   132.800    0     119.844040      -0.663280
    -45.00     10.00       2.664200       0.074984       0.074984        15      14.0      15.0       1.158512   358.000    69.000  -173.350    0     119.827950      -0.663850
    -40.00    -15.00      26.003710       0.233958       0.233958        15      14.0      15.0       1.158512   358.000    69.000    21.670    0     119.906792      -0.615830
    -40.00    -10.00      21.335800       0.271900       0.271900        15      14.0      15.0       1.158512   358.000    69.000    10.040    0     119.890701      -0.616400
    -40.00     -5.00      16.667900       0.223063       0.223063        15      14.0      15.0       1.158512   358.000    69.000    40.260    0     119.874619      -0.616960
    -40.00      0.00      12.000000       0.250411       0.250411        15      14.0      15.0       1.158512   358.000    69.000    90.540    0     119.858528      -0.617530
    -40.00      5.00       7.332100       0.164489       0.164489        15      14.0      15.0       1.158512   358.000    69.000   132.730    0     119.842468      -0.618090
    -40.00     10.00       2.664200       0.073497       0.073497        15      14.0      15.0       1.158512   358.000    69.000  -133.850    0     119.826378      -0.618660
    -35.00    -15.00      26.003710       0.242774       0.242774        15      14.0      15.0       1.158512   358.000    69.000    19.250    0     119.905220      -0.570640
    -35.00    -10.00      21.335800       0.292293       0.292293        15      14.0      15.0       1.158512   358.000    69.000     1.450    0     119.889137      -0.571210
    -35.00     -5.00      16.667900       0.234885       0.234885        15      14.0      15.0       1.158512   358.000    69.000    11.800    0     119.873047      -0.571770
    -35.00      0.00      12.000000       0.135693       0.135693        15      14.0      15.0       1.158512   358.000    69.000    71.550    0     119.856956      -0.572340
    -35.00      5.00       7.332100       0.077257       0.077257        15      14.0      15.0       1.158512   358.000    69.000  -178.780    0     119.840897      -0.572900
    -35.00     10.00       2.664200       0.170826       0.170826        15      14.0      15.0       1.158512   358.000    69.000   -95.640    0     119.824806      -0.573470
    -30.00    -15.00      26.003710       0.239816       0.239816        15      14.0      15.0       1.158512   358.000    69.000    10.630    0     119.903664      -0.525450
    -30.00    -10.00      21.335800       0.291078       0.291078        15      14.0      15.0       1.158512   358.000    69.000    -5.930    0     119.887573      -0.526020
    -30.00     -5.00      16.667900       0.257211       0.257211        15      14.0      15.0       1.158512   358.000    69.000    -5.470    0     119.871483      -0.526580
    -30.00      0.00      12.000000       0.096509       0.096509        15      14.0      15.0       1.158512   358.000    69.000   -15.000    0     119.855400      -0.527150
    -30.00      5.00       7.332100       0.145715       0.145715        15      14.0      15.0       1.158512   358.000    69.000   -92.810    0     119.839333      -0.527710
    -30.00     10.00       2.664200       0.300067       0.300067        15      14.0      15.0       1.158512   358.000    69.000   -85.960    0     119.823242      -0.528280
    -25.00    -15.00      26.003710       0.231847       0.231847        15      14.0      15.0       1.158512   358.000    69.000     6.360    0     119.902092      -0.480260
    -25.00    -10.00      21.335800       0.290717       0.290717        15      14.0      15.0       1.158512   358.000    69.000   -10.020    0     119.886002      -0.480820
    -25.00     -5.00      16.667900       0.268303       0.268303        15      14.0      15.0       1.158512   358.000    69.000   -24.410    0     119.869919      -0.481390
    -25.00      0.00      12.000000       0.170042       0.170042        15      14.0      15.0       1.158512   358.000    69.000   -47.940    0     119.853828      -0.481950
    -25.00      5.00       7.332100       0.231507       0.231507        15      14.0      15.0       1.158512   358.000    69.000   -87.820    0     119.837761      -0.482520
    -25.00     10.00       2.664200       0.378520       0.378520        15      14.0      15.0       1.158512   358.000    69.000   -83.960    0     119.821671      -0.483090
    -20.00    -15.00      26.003710       0.204763       0.204763        15      14.0      15.0       1.158512   358.000    69.000    -2.140    0     119.900528      -0.435070
    -20.00    -10.00      21.335800       0.271552       0.271552        15      14.0      15.0       1.158512   358.000    69.000   -21.030    0     119.884438      -0.435630
    -20.00     -5.00      16.667900       0.234952       0.234952        15      14.0      15.0       1.158512   358.000    69.000   -43.260    0     119.868347      -0.436200
    -20.00      0.00      12.000000       0.204317       0.204317        15      14.0      15.0       1.158512   358.000    69.000   -68.120    0     119.852257      -0.436760
    -20.00      5.00       7.332100       0.311740       0.311740        15      14.0      15.0       1.158512   358.000    69.000   -87.750    0     119.836189      -0.437330
    -20.00     10.00       2.664200       0.386846       0.386846        15      14.0      15.0       1.158512   358.000    69.000   -80.230    0     119.820099      -0.437900
    -15.00    -15.00      26.003710       0.167329       0.167329        15      14.0      15.0       1.158512   358.000    69.000    -9.970    0     119.898956      -0.389880
    -15.00    -10.00      21.335800       0.228532       0.228532        15      14.0      15.0       1.158512   358.000    69.000   -27.540    0     119.882874      -0.390440
    -15.00     -5.00      16.667900       0.194186       0.194186        15      14.0      15.0       1.158512   358.000    69.000   -54.260    0     119.866791      -0.391010
    -15.00      0.00      12.000000       0.227877       0.227877        15      14.0      15.0       1.158512   358.000    69.000   -79.920    0     119.850700      -0.391570
    -15.00      5.00       7.332100       0.325379       0.325379        15      14.0      15.0       1.158512   358.000    69.000   -86.640    0     119.834618      -0.392140
    -15.00     10.00       2.664200       0.316229       0.316229        15      14.0      15.0       1.158512   358.000    69.000   -72.470    0     119.818527      -0.392700
    -10.00    -15.00      26.003710       0.146445       0.146445        15      14.0      15.0       1.158512   358.000    69.000     3.180    0     119.897392      -0.344690
    -10.00    -10.00      21.335800       0.173897       0.173897        15      14.0      15.0       1.158512   358.000    69.000   -10.720    0     119.881310      -0.345250
    -10.00     -5.00      16.667900       0.148237       0.148237        15      14.0      15.0       1.158512   358.000    69.000   -62.280    0     119.865219      -0.345820
    -10.00      0.00      12.000000       0.193557       0.193557        15      14.0      15.0       1.158512   358.000    69.000   -84.180    0     119.849129      -0.346380
    -10.00      5.00       7.332100       0.220101       0.220101        15      14.0      15.0       1.158512   358.000    69.000   -86.130    0     119.833054      -0.346950
    -10.00     10.00       2.664200       0.197174       0.197174        15      14.0      15.0       1.158512   358.000    69.000   -52.440    0     119.816963      -0.347510
     -5.00    -15.00      26.003710       0.153184       0.153184        15      14.0      15.0       1.158512   358.000    69.000    26.140    0     119.895828      -0.299500
     -5.00    -10.00      21.335800       0.225293       0.225293        15      14.0      15.0       1.158512   358.000    69.000    33.910    0     119.879738      -0.300060
     -5.00     -5.00      16.667900       0.088936       0.088936        15      14.0      15.0       1.158512   358.000    69.000   -50.760    0     119.863647      -0.300630
     -5.00      0.00      12.000000       0.111353       0.111353        15      14.0      15.0       1.158512   358.000    69.000   -57.200    0     119.847572      -0.301190
     -5.00      5.00       7.332100       0.042906       0.042906        15      14.0      15.0       1.158512   358.000    69.000    -5.620    0     119.831482      -0.301760
     -5.00     10.00       2.664200       0.178161       0.178161        15      14.0      15.0       1.158512   358.000    69.000     0.140    0     119.815399      -0.302320
      0.00    -15.00      26.003710       0.115168       0.115168        15      14.0      15.0       1.158512   358.000    69.000    40.110    0     119.894257      -0.254300
      0.00    -10.00      21.335800       0.217111       0.217111        15      14.0      15.0       1.158512   358.000    69.000    42.640    0     119.878166      -0.254870
      0.00     -5.00      16.667900       0.098545       0.098545        15      14.0      15.0       1.158512   358.000    69.000   -18.810    0     119.862091      -0.255430
      0.00      0.00      12.000000       0.106862       0.106862        15      14.0      15.0       1.158512   358.000    69.000   -12.910    0     119.846001      -0.256000
      0.00      5.00       7.332100       0.108173       0.108173        15      14.0      15.0       1.158512   358.000    69.000   -13.690    0     119.829910      -0.256570
      0.00     10.00       2.664200       0.220882       0.220882        15      14.0      15.0       1.158512   358.000    69.000     5.180    0     119.813828      -0.257130
      5.00    -15.00      26.003710       0.088060       0.088060        15      14.0      15.0       1.158512   358.000    69.000    31.950    0     119.892693      -0.209110
      5.00    -10.00      21.335800       0.173234       0.173234        15      14.0      15.0       1.158512   358.000    69.000    34.190    0     119.876602      -0.209680
      5.00     -5.00      16.667900       0.145256       0.145256        15      14.0      15.0       1.158512   358.000    69.000   -11.770    0     119.860519      -0.210240
      5.00      0.00      12.000000       0.133258       0.133258        15      14.0      15.0       1.158512   358.000    69.000   -33.330    0     119.844429      -0.210810
      5.00      5.00       7.332100       0.154974       0.154974        15      14.0      15.0       1.158512   358.000    69.000   -51.400    0     119.828346      -0.211370
      5.00     10.00       2.664200       0.188427       0.188427        15      14.0      15.0       1.158512   358.000    69.000    -1.530    0     119.812263      -0.211940
     10.00    -15.00      26.003710       0.113488       0.113488        15      14.0      15.0       1.158512   358.000    69.000    48.360    0     119.891121      -0.163920
     10.00    -10.00      21.335800       0.233377       0.233377        15      14.0      15.0       1.158512   358.000    69.000    46.300    0     119.875038      -0.164490
     10.00     -5.00      16.667900       0.120645       0.120645        15      14.0      15.0       1.158512   358.000    69.000     8.440    0     119.858948      -0.165050
     10.00      0.00      12.000000       0.070538       0.070538        15      14.0      15.0       1.158512   358.000    69.000   -34.110    0     119.842873      -0.165620
     10.00      5.00       7.332100       0.009309       0.009309        15      14.0      15.0       1.158512   358.000    69.000    50.670    0     119.826782      -0.166180
     10.00     10.00       2.664200       0.118871       0.118871        15      14.0      15.0       1.158512   358.000    69.000    23.560    0     119.810692      -0.166750
     15.00    -15.00      26.003710       0.143887       0.143887        15      14.0      15.0       1.158512   358.000    69.000    42.060    0     119.889549      -0.118730
     15.00    -10.00      21.335800       0.268070       0.268070        15      14.0      15.0       1.158512   358.000    69.000    47.660    0     119.873466      -0.119300
     15.00     -5.00      16.667900       0.089276       0.089276        15      14.0      15.0       1.158512   358.000    69.000    -5.400    0     119.857384      -0.119860
     15.00      0.00      12.000000       0.092198       0.092198        15      14.0      15.0       1.158512   358.000    69.000  -130.810    0     119.841301      -0.120430
     15.00      5.00       7.332100       0.076083       0.076083        15      14.0      15.0       1.158512   358.000    69.000  -163.630    0     119.825218      -0.120990
     15.00     10.00       2.664200       0.046665       0.046665        15      14.0      15.0       1.158512   358.000    69.000    43.160    0     119.809128      -0.121560
     20.00    -15.00      26.003710       0.162270       0.162270        15      14.0      15.0       1.158512   358.000    69.000    11.340    0     119.887978      -0.073540
     20.00    -10.00      21.335800       0.269882       0.269882        15      14.0      15.0       1.158512   358.000    69.000    35.150    0     119.871902      -0.074100
     20.00     -5.00      16.667900       0.097640       0.097640        15      14.0      15.0       1.158512   358.000    69.000   -19.140    0     119.855812      -0.074670
     20.00      0.00      12.000000       0.178131       0.178131        15      14.0      15.0       1.158512   358.000    69.000  -135.640    0     119.839737      -0.075240
     20.00      5.00       7.332100       0.159480       0.159480        15      14.0      15.0       1.158512   358.000    69.000  -159.010    0     119.823647      -0.075800
     20.00     10.00       2.664200       0.033179       0.033179        15      14.0      15.0       1.158512   358.000    69.000  -170.250    0     119.807564      -0.076370
     25.00    -15.00      26.003710       0.209990       0.209990        15      14.0      15.0       1.158512   358.000    69.000     2.560    0     119.886414      -0.028350
     25.00    -10.00      21.335800       0.246135       0.246135        15      14.0      15.0       1.158512   358.000    69.000    19.990    0     119.870331      -0.028910
     25.00     -5.00      16.667900       0.127173       0.127173        15      14.0      15.0       1.158512   358.000    69.000   -52.080    0     119.854240      -0.029480
     25.00      0.00      12.000000       0.259397       0.259397        15      14.0      15.0       1.158512   358.000    69.000  -125.860    0     119.838173      -0.030050
     25.00      5.00       7.332100       0.216589       0.216589        15      14.0      15.0       1.158512   358.000    69.000  -154.940    0     119.822083      -0.030610
     25.00     10.00       2.664200       0.077405       0.077405        15      14.0      15.0       1.158512   358.000    69.000  -164.980    0     119.806000      -0.031180
     30.00    -15.00      26.003710       0.227815       0.227815        15      14.0      15.0       1.158512   358.000    69.000     0.660    0     119.884850       0.016840
     30.00    -10.00      21.335800       0.246314       0.246314        15      14.0      15.0       1.158512   358.000    69.000    -1.200    0     119.868759       0.016280
     30.00     -5.00      16.667900       0.182384       0.182384        15      14.0      15.0       1.158512   358.000    69.000   -58.140    0     119.852669       0.015710
     30.00      0.00      12.000000       0.283454       0.283454        15      14.0      15.0       1.158512   358.000    69.000  -119.820    0     119.836601       0.015150
     30.00      5.00       7.332100       0.239323       0.239323        15      14.0      15.0       1.158512   358.000    69.000  -134.190    0     119.820518       0.014580
     30.00     10.00       2.664200       0.091972       0.091972        15      14.0      15.0       1.158512   358.000    69.000  -171.080    0     119.804428       0.014020
     35.00    -15.00      26.003710       0.250115       0.250115        15      14.0      15.0       1.158512   358.000    69.000   -12.030    0     119.883278       0.062030
     35.00    -10.00      21.335800       0.265276       0.265276        15      14.0      15.0       1.158512   358.000    69.000   -23.560    0     119.867188       0.061470
     35.00     -5.00      16.667900       0.231223       0.231223        15      14.0      15.0       1.158512   358.000    69.000   -61.380    0     119.851097       0.060900
     35.00      0.00      12.000000       0.279356       0.279356        15      14.0      15.0       1.158512   358.000    69.000  -104.840    0     119.835037       0.060340
     35.00      5.00       7.332100       0.238087       0.238087        15      14.0      15.0       1.158512   358.000    69.000  -116.090    0     119.818947       0.059770
     35.00     10.00       2.664200       0.086704       0.086704        15      14.0      15.0       1.158512   358.000    69.000   173.230    0     119.802856       0.059210
     40.00    -15.00      26.003710       0.273225       0.273225        15      14.0      15.0       1.158512   358.000    69.000   -21.890    0     119.881706       0.107230
     40.00    -10.00      21.335800       0.275144       0.275144        15      14.0      15.0       1.158512   358.000    69.000   -37.840    0     119.865623       0.106660
     40.00     -5.00      16.667900       0.255019       0.255019        15      14.0      15.0       1.158512   358.000    69.000   -71.990    0     119.849533       0.106090
     40.00      0.00      12.000000       0.253110       0.253110        15      14.0      15.0       1.158512   358.000    69.000  -103.710    0     119.833473       0.105530
     40.00      5.00       7.332100       0.218692       0.218692        15      14.0      15.0       1.158512   358.000    69.000  -106.250    0     119.817390       0.104960
     40.00     10.00       2.664200       0.083678       0.083678        15      14.0      15.0       1.158512   358.000    69.000   158.210    0     119.801300       0.104400
     45.00    -15.00      26.003710       0.279742       0.279742        15      14.0      15.0       1.158512   358.000    69.000   -33.560    0     119.880142       0.152420
     45.00    -10.00      21.335800       0.289925       0.289925        15      14.0      15.0       1.158512   358.000    69.000   -45.760    0     119.864052       0.151850
     45.00     -5.00      16.667900       0.242866       0.242866        15      14.0      15.0       1.158512   358.000    69.000   -75.810    0     119.847961       0.151280
     45.00      0.00      12.000000       0.243294       0.243294        15      14.0      15.0       1.158512   358.000    69.000  -106.090    0     119.831909       0.150720
     45.00      5.00       7.332100       0.151077       0.151077        15      14.0      15.0       1.158512   358.000    69.000  -104.290    0     119.815819       0.150150
     45.00     10.00       2.664200       0.074561       0.074561        15      14.0      15.0       1.158512   358.000    69.000   147.210    0     119.799728       0.149590
     50.00    -15.00      26.003710       0.189194       0.189194        15      14.0      15.0       1.158512   358.000    69.000   -35.990    0     119.878571       0.197610
     50.00    -10.00      21.335800       0.219162       0.219162        15      14.0      15.0       1.158512   358.000    69.000   -45.200    0     119.862480       0.197040
     50.00     -5.00      16.667900       0.174054       0.174054        15      14.0      15.0       1.158512   358.000    69.000   -77.190    0     119.846390       0.196470
     50.00      0.00      12.000000       0.168476       0.168476        15      14.0      15.0       1.158512   358.000    69.000  -107.660    0     119.830338       0.195910
     50.00      5.00       7.332100       0.069735       0.069735        15      14.0      15.0       1.158512   358.000    69.000   -97.610    0     119.814247       0.195340
     50.00     10.00       2.664200       0.038117       0.038117        15      14.0      15.0       1.158512   358.000    69.000   141.860    0     119.798172       0.194780
