      xloc      yloc          depth         ave SR         max SR         #     start       end     max SR all       str       dip      rake flag
   -185.00    -15.00      26.003710       0.000000       0.000000        20      19.0      20.0       0.552796   180.000    45.000    90.000    0     119.952240      -1.926360
   -185.00    -10.00      21.335800       0.000000       0.000000        20      19.0      20.0       0.552796   180.000    45.000    90.000    0     119.936150      -1.926930
   -185.00     -5.00      16.667900       0.000000       0.000000        20      19.0      20.0       0.552796   180.000    45.000    90.000    0     119.920059      -1.927490
   -185.00      0.00      12.000000       0.000000       0.000000        20      19.0      20.0       0.552796   180.000    45.000    90.000    0     119.903961      -1.928060
   -185.00      5.00       7.332100       0.000000       0.000000        20      19.0      20.0       0.552796   180.000    45.000    90.000    0     119.887871      -1.928620
   -185.00     10.00       2.664200       0.000000       0.000000        20      19.0      20.0       0.552796   180.000    45.000    90.000    0     119.871780      -1.929190
   -180.00    -15.00      26.003710       0.000000       0.000000        20      19.0      20.0       0.552796   180.000    45.000    90.000    0     119.950684      -1.881170
   -180.00    -10.00      21.335800       0.000000       0.000000        20      19.0      20.0       0.552796   180.000    45.000    90.000    0     119.934578      -1.881740
   -180.00     -5.00      16.667900       0.000000       0.000000        20      19.0      20.0       0.552796   180.000    45.000    90.000    0     119.918488      -1.882300
   -180.00      0.00      12.000000       0.000000       0.000000        20      19.0      20.0       0.552796   180.000    45.000    90.000    0     119.902397      -1.882870
   -180.00      5.00       7.332100       0.000000       0.000000        20      19.0      20.0       0.552796   180.000    45.000    90.000    0     119.886299      -1.883430
   -180.00     10.00       2.664200       0.000000       0.000000        20      19.0      20.0       0.552796   180.000    45.000    90.000    0     119.870209      -1.884000
   -175.00    -15.00      26.003710       0.000000       0.000000        20      19.0      20.0       0.552796   180.000    45.000    90.000    0     119.949112      -1.835980
   -175.00    -10.00      21.335800       0.000000       0.000000        20      19.0      20.0       0.552796   180.000    45.000    90.000    0     119.933006      -1.836550
   -175.00     -5.00      16.667900       0.000000       0.000000        20      19.0      20.0       0.552796   180.000    45.000    90.000    0     119.916924      -1.837110
   -175.00      0.00      12.000000       0.000000       0.000000        20      19.0      20.0       0.552796   180.000    45.000    90.000    0     119.900833      -1.837680
   -175.00      5.00       7.332100       0.000000       0.000000        20      19.0      20.0       0.552796   180.000    45.000    90.000    0     119.884743      -1.838240
   -175.00     10.00       2.664200       0.000000       0.000000        20      19.0      20.0       0.552796   180.000    45.000    90.000    0     119.868637      -1.838810
   -170.00    -15.00      26.003710       0.000000       0.000000        20      19.0      20.0       0.552796   180.000    45.000    90.000    0     119.947540      -1.790790
   -170.00    -10.00      21.335800       0.000000       0.000000        20      19.0      20.0       0.552796   180.000    45.000    90.000    0     119.931450      -1.791360
   -170.00     -5.00      16.667900       0.000000       0.000000        20      19.0      20.0       0.552796   180.000    45.000    90.000    0     119.915352      -1.791920
   -170.00      0.00      12.000000       0.000000       0.000000        20      19.0      20.0       0.552796   180.000    45.000    90.000    0     119.899261      -1.792490
   -170.00      5.00       7.332100       0.000000       0.000000        20      19.0      20.0       0.552796   180.000    45.000    90.000    0     119.883171      -1.793050
   -170.00     10.00       2.664200       0.000000       0.000000        20      19.0      20.0       0.552796   180.000    45.000    90.000    0     119.867081      -1.793620
   -165.00    -15.00      26.003710       0.000000       0.000000        20      19.0      20.0       0.552796   180.000    45.000    90.000    0     119.945969      -1.745600
   -165.00    -10.00      21.335800       0.000000       0.000000        20      19.0      20.0       0.552796   180.000    45.000    90.000    0     119.929878      -1.746170
   -165.00     -5.00      16.667900       0.000000       0.000000        20      19.0      20.0       0.552796   180.000    45.000    90.000    0     119.913788      -1.746730
   -165.00      0.00      12.000000       0.000000       0.000000        20      19.0      20.0       0.552796   180.000    45.000    90.000    0     119.897690      -1.747300
   -165.00      5.00       7.332100       0.000000       0.000000        20      19.0      20.0       0.552796   180.000    45.000    90.000    0     119.881599      -1.747860
   -165.00     10.00       2.664200       0.000000       0.000000        20      19.0      20.0       0.552796   180.000    45.000    90.000    0     119.865509      -1.748430
   -160.00    -15.00      26.003710       0.000000       0.000000        20      19.0      20.0       0.552796   180.000    45.000    90.000    0     119.944397      -1.700410
   -160.00    -10.00      21.335800       0.000000       0.000000        20      19.0      20.0       0.552796   180.000    45.000    90.000    0     119.928307      -1.700980
   -160.00     -5.00      16.667900       0.000000       0.000000        20      19.0      20.0       0.552796   180.000    45.000    90.000    0     119.912216      -1.701540
   -160.00      0.00      12.000000       0.000000       0.000000        20      19.0      20.0       0.552796   180.000    45.000    90.000    0     119.896133      -1.702110
   -160.00      5.00       7.332100       0.000000       0.000000        20      19.0      20.0       0.552796   180.000    45.000    90.000    0     119.880028      -1.702670
   -160.00     10.00       2.664200       0.000000       0.000000        20      19.0      20.0       0.552796   180.000    45.000    90.000    0     119.863937      -1.703240
   -155.00    -15.00      26.003710       0.000000       0.000000        20      19.0      20.0       0.552796   180.000    45.000    90.000    0     119.942841      -1.655220
   -155.00    -10.00      21.335800       0.000000       0.000000        20      19.0      20.0       0.552796   180.000    45.000    90.000    0     119.926743      -1.655790
   -155.00     -5.00      16.667900       0.000000       0.000000        20      19.0      20.0       0.552796   180.000    45.000    90.000    0     119.910652      -1.656350
   -155.00      0.00      12.000000       0.000000       0.000000        20      19.0      20.0       0.552796   180.000    45.000    90.000    0     119.894562      -1.656920
   -155.00      5.00       7.332100       0.000000       0.000000        20      19.0      20.0       0.552796   180.000    45.000    90.000    0     119.878471      -1.657480
   -155.00     10.00       2.664200       0.000000       0.000000        20      19.0      20.0       0.552796   180.000    45.000    90.000    0     119.862373      -1.658050
   -150.00    -15.00      26.003710       0.000000       0.000000        20      19.0      20.0       0.552796   180.000    45.000    90.000    0     119.941269      -1.610030
   -150.00    -10.00      21.335800       0.000000       0.000000        20      19.0      20.0       0.552796   180.000    45.000    90.000    0     119.925179      -1.610590
   -150.00     -5.00      16.667900       0.000000       0.000000        20      19.0      20.0       0.552796   180.000    45.000    90.000    0     119.909081      -1.611160
   -150.00      0.00      12.000000       0.000000       0.000000        20      19.0      20.0       0.552796   180.000    45.000    90.000    0     119.892990      -1.611730
   -150.00      5.00       7.332100       0.000000       0.000000        20      19.0      20.0       0.552796   180.000    45.000    90.000    0     119.876900      -1.612290
   -150.00     10.00       2.664200       0.000000       0.000000        20      19.0      20.0       0.552796   180.000    45.000    90.000    0     119.860809      -1.612860
   -145.00    -15.00      26.003710       0.000000       0.000000        20      19.0      20.0       0.552796   180.000    45.000    90.000    0     119.939697      -1.564840
   -145.00    -10.00      21.335800       0.000000       0.000000        20      19.0      20.0       0.552796   180.000    45.000    90.000    0     119.923607      -1.565400
   -145.00     -5.00      16.667900       0.000000       0.000000        20      19.0      20.0       0.552796   180.000    45.000    90.000    0     119.907516      -1.565970
   -145.00      0.00      12.000000       0.000000       0.000000        20      19.0      20.0       0.552796   180.000    45.000    90.000    0     119.891418      -1.566530
   -145.00      5.00       7.332100       0.000000       0.000000        20      19.0      20.0       0.552796   180.000    45.000    90.000    0     119.875328      -1.567100
   -145.00     10.00       2.664200       0.000000       0.000000        20      19.0      20.0       0.552796   180.000    45.000    90.000    0     119.859238      -1.567660
   -140.00    -15.00      26.003710       0.000000       0.000000        20      19.0      20.0       0.552796   180.000    45.000    90.000    0     119.938133      -1.519650
   -140.00    -10.00      21.335800       0.000000       0.000000        20      19.0      20.0       0.552796   180.000    45.000    90.000    0     119.922043      -1.520210
   -140.00     -5.00      16.667900       0.000000       0.000000        20      19.0      20.0       0.552796   180.000    45.000    90.000    0     119.905952      -1.520780
   -140.00      0.00      12.000000       0.000000       0.000000        20      19.0      20.0       0.552796   180.000    45.000    90.000    0     119.889862      -1.521340
   -140.00      5.00       7.332100       0.000000       0.000000        20      19.0      20.0       0.552796   180.000    45.000    90.000    0     119.873772      -1.521910
   -140.00     10.00       2.664200       0.000000       0.000000        20      19.0      20.0       0.552796   180.000    45.000    90.000    0     119.857681      -1.522470
   -135.00    -15.00      26.003710       0.000000       0.000000        20      19.0      20.0       0.552796   180.000    45.000    90.000    0     119.936562      -1.474460
   -135.00    -10.00      21.335800       0.000000       0.000000        20      19.0      20.0       0.552796   180.000    45.000    90.000    0     119.920471      -1.475020
   -135.00     -5.00      16.667900       0.000000       0.000000        20      19.0      20.0       0.552796   180.000    45.000    90.000    0     119.904381      -1.475590
   -135.00      0.00      12.000000       0.000000       0.000000        20      19.0      20.0       0.552796   180.000    45.000    90.000    0     119.888290      -1.476150
   -135.00      5.00       7.332100       0.000000       0.000000        20      19.0      20.0       0.552796   180.000    45.000    90.000    0     119.872200      -1.476720
   -135.00     10.00       2.664200       0.000000       0.000000        20      19.0      20.0       0.552796   180.000    45.000    90.000    0     119.856110      -1.477280
   -130.00    -15.00      26.003710       0.000000       0.000000        20      19.0      20.0       0.552796   180.000    45.000    90.000    0     119.934998      -1.429270
   -130.00    -10.00      21.335800       0.000000       0.000000        20      19.0      20.0       0.552796   180.000    45.000    90.000    0     119.918907      -1.429830
   -130.00     -5.00      16.667900       0.000000       0.000000        20      19.0      20.0       0.552796   180.000    45.000    90.000    0     119.902809      -1.430400
   -130.00      0.00      12.000000       0.000000       0.000000        20      19.0      20.0       0.552796   180.000    45.000    90.000    0     119.886719      -1.430960
   -130.00      5.00       7.332100       0.000000       0.000000        20      19.0      20.0       0.552796   180.000    45.000    90.000    0     119.870628      -1.431530
   -130.00     10.00       2.664200       0.000000       0.000000        20      19.0      20.0       0.552796   180.000    45.000    90.000    0     119.854538      -1.432090
   -125.00    -15.00      26.003710       0.000000       0.000000        20      19.0      20.0       0.552796   180.000    45.000    90.000    0     119.933434      -1.384080
   -125.00    -10.00      21.335800       0.000000       0.000000        20      19.0      20.0       0.552796   180.000    45.000    90.000    0     119.917343      -1.384640
   -125.00     -5.00      16.667900       0.000000       0.000000        20      19.0      20.0       0.552796   180.000    45.000    90.000    0     119.901253      -1.385210
   -125.00      0.00      12.000000       0.000000       0.000000        20      19.0      20.0       0.552796   180.000    45.000    90.000    0     119.885162      -1.385770
   -125.00      5.00       7.332100       0.000000       0.000000        20      19.0      20.0       0.552796   180.000    45.000    90.000    0     119.869072      -1.386340
   -125.00     10.00       2.664200       0.000000       0.000000        20      19.0      20.0       0.552796   180.000    45.000    90.000    0     119.852982      -1.386900
   -120.00    -15.00      26.003710       0.068251       0.068251        20      19.0      20.0       0.552796    33.140    80.310    75.020    0     119.931862      -1.338890
   -120.00    -10.00      21.335800       0.058016       0.058016        20      19.0      20.0       0.552796    39.070    14.290    67.300    0     119.915771      -1.339450
   -120.00     -5.00      16.667900       0.065035       0.065035        20      19.0      20.0       0.552796    50.660    66.160    80.520    1     119.899681      -1.340020
   -120.00      0.00      12.000000       0.062295       0.062295        20      19.0      20.0       0.552796   179.790    34.220    -2.100    0     119.883591      -1.340580
   -120.00      5.00       7.332100       0.049993       0.049993        20      19.0      20.0       0.552796   181.500    76.520    31.520    0     119.867500      -1.341150
   -120.00     10.00       2.664200       0.041239       0.041239        20      19.0      20.0       0.552796   170.410    82.390    15.550    0     119.851410      -1.341710
   -115.00    -15.00      26.003710       0.062173       0.062173        20      19.0      20.0       0.552796   175.550    30.490     6.440    0     119.930290      -1.293690
   -115.00    -10.00      21.335800       0.068086       0.068086        20      19.0      20.0       0.552796   174.590    88.460    18.570    0     119.914200      -1.294260
   -115.00     -5.00      16.667900       0.096001       0.096001        20      19.0      20.0       0.552796   191.420    61.040    20.130    0     119.898109      -1.294830
   -115.00      0.00      12.000000       0.118327       0.118327        20      19.0      20.0       0.552796   181.070    80.840    28.020    0     119.882019      -1.295390
   -115.00      5.00       7.332100       0.119446       0.119446        20      19.0      20.0       0.552796   176.010    84.040    23.790    0     119.865929      -1.295960
   -115.00     10.00       2.664200       0.112810       0.112810        20      19.0      20.0       0.552796   349.790    88.160   -25.320    0     119.849838      -1.296520
   -110.00    -15.00      26.003710       0.109922       0.109922        20      19.0      20.0       0.552796   163.540    23.470   -26.430    0     119.928726      -1.248500
   -110.00    -10.00      21.335800       0.122445       0.122445        20      19.0      20.0       0.552796   174.350    74.680    23.190    0     119.912643      -1.249070
   -110.00     -5.00      16.667900       0.141698       0.141698        20      19.0      20.0       0.552796   178.500    81.990    30.440    0     119.896553      -1.249630
   -110.00      0.00      12.000000       0.180925       0.180925        20      19.0      20.0       0.552796   356.780    89.000   -30.860    0     119.880463      -1.250200
   -110.00      5.00       7.332100       0.192803       0.192803        20      19.0      20.0       0.552796   351.450    80.280   -32.540    0     119.864372      -1.250760
   -110.00     10.00       2.664200       0.188569       0.188569        20      19.0      20.0       0.552796   347.830    77.310   -31.970    0     119.848282      -1.251330
   -105.00    -15.00      26.003710       0.126574       0.126574        20      19.0      20.0       0.552796   106.390    18.620  -106.340    1     119.927162      -1.203310
   -105.00    -10.00      21.335800       0.177552       0.177552        20      19.0      20.0       0.552796   337.960    81.470   -51.700    0     119.911072      -1.203880
   -105.00     -5.00      16.667900       0.201593       0.201593        20      19.0      20.0       0.552796   349.320    84.740   -37.930    0     119.894981      -1.204440
   -105.00      0.00      12.000000       0.242887       0.242887        20      19.0      20.0       0.552796   350.700    80.340   -29.900    0     119.878891      -1.205010
   -105.00      5.00       7.332100       0.267981       0.267981        20      19.0      20.0       0.552796   347.490    73.410   -30.930    0     119.862801      -1.205570
   -105.00     10.00       2.664200       0.265123       0.265123        20      19.0      20.0       0.552796   345.050    70.730   -29.260    0     119.846710      -1.206140
   -100.00    -15.00      26.003710       0.139454       0.139454        20      19.0      20.0       0.552796   322.160    75.330   -60.580    0     119.925591      -1.158120
   -100.00    -10.00      21.335800       0.224053       0.224053        20      19.0      20.0       0.552796   338.330    78.570   -47.810    0     119.909500      -1.158690
   -100.00     -5.00      16.667900       0.259669       0.259669        20      19.0      20.0       0.552796   345.140    78.970   -35.550    0     119.893410      -1.159250
   -100.00      0.00      12.000000       0.306584       0.306584        20      19.0      20.0       0.552796   345.210    72.250   -26.780    0     119.877319      -1.159820
   -100.00      5.00       7.332100       0.344175       0.344175        20      19.0      20.0       0.552796   343.250    65.470   -26.210    0     119.861229      -1.160380
   -100.00     10.00       2.664200       0.344673       0.344673        20      19.0      20.0       0.552796   342.220    64.090   -25.320    0     119.845207      -1.160950
    -95.00    -15.00      26.003710       0.156169       0.156169        20      19.0      20.0       0.552796   326.430    75.850   -50.310    0     119.924026      -1.112930
    -95.00    -10.00      21.335800       0.253523       0.253523        20      19.0      20.0       0.552796   335.630    74.650   -41.950    0     119.907944      -1.113500
    -95.00     -5.00      16.667900       0.301483       0.301483        20      19.0      20.0       0.552796   341.410    72.150   -28.000    0     119.891853      -1.114060
    -95.00      0.00      12.000000       0.359836       0.359836        20      19.0      20.0       0.552796   341.490    64.660   -20.650    0     119.875763      -1.114630
    -95.00      5.00       7.332100       0.402569       0.402569        20      19.0      20.0       0.552796   341.230    59.190   -20.070    0     119.859673      -1.115190
    -95.00     10.00       2.664200       0.410960       0.410960        20      19.0      20.0       0.552796   340.970    58.900   -20.570    0     119.843643      -1.115760
    -90.00    -15.00      26.003710       0.173511       0.173511        20      19.0      20.0       0.552796   324.780    73.610   -44.440    0     119.922462      -1.067740
    -90.00    -10.00      21.335800       0.268614       0.268614        20      19.0      20.0       0.552796   331.570    69.850   -34.510    0     119.906372      -1.068310
    -90.00     -5.00      16.667900       0.322855       0.322855        20      19.0      20.0       0.552796   339.130    67.040   -20.070    0     119.890282      -1.068870
    -90.00      0.00      12.000000       0.387117       0.387117        20      19.0      20.0       0.552796   340.330    59.600   -13.730    0     119.874191      -1.069440
    -90.00      5.00       7.332100       0.430556       0.430556        20      19.0      20.0       0.552796   341.580    55.790   -13.920    0     119.858101      -1.070000
    -90.00     10.00       2.664200       0.445289       0.445289        20      19.0      20.0       0.552796   341.440    55.630   -15.190    0     119.842072      -1.070570
    -85.00    -15.00      26.003710       0.182830       0.182830        20      19.0      20.0       0.552796   322.140    70.920   -39.970    0     119.920891      -1.022550
    -85.00    -10.00      21.335800       0.265215       0.265215        20      19.0      20.0       0.552796   329.660    67.380   -27.510    0     119.904800      -1.023120
    -85.00     -5.00      16.667900       0.322059       0.322059        20      19.0      20.0       0.552796   338.160    63.520   -12.570    0     119.888710      -1.023680
    -85.00      0.00      12.000000       0.388767       0.388767        20      19.0      20.0       0.552796   340.710    55.620    -6.990    0     119.872620      -1.024250
    -85.00      5.00       7.332100       0.426705       0.426705        20      19.0      20.0       0.552796   343.100    54.070    -7.710    0     119.856537      -1.024810
    -85.00     10.00       2.664200       0.437141       0.437141        20      19.0      20.0       0.552796   343.310    54.150    -8.940    0     119.840500      -1.025380
    -80.00    -15.00      26.003710       0.167824       0.167824        20      19.0      20.0       0.552796   321.890    70.930   -35.830    0     119.919319      -0.977360
    -80.00    -10.00      21.335800       0.237055       0.237055        20      19.0      20.0       0.552796   330.050    68.480   -20.090    0     119.903236      -0.977920
    -80.00     -5.00      16.667900       0.294015       0.294015        20      19.0      20.0       0.552796   338.430    61.170    -5.570    0     119.887154      -0.978490
    -80.00      0.00      12.000000       0.350321       0.350321        20      19.0      20.0       0.552796   342.880    53.310     0.120    0     119.871063      -0.979050
    -80.00      5.00       7.332100       0.387468       0.387468        20      19.0      20.0       0.552796   345.220    52.610    -1.370    0     119.854973      -0.979620
    -80.00     10.00       2.664200       0.384652       0.384652        20      19.0      20.0       0.552796   345.820    53.990    -2.120    0     119.838928      -0.980190
    -75.00    -15.00      26.003710       0.136410       0.136410        20      19.0      20.0       0.552796   322.170    72.540   -33.510    0     119.917763      -0.932170
    -75.00    -10.00      21.335800       0.180768       0.180768        20      19.0      20.0       0.552796   332.630    78.620   -11.350    0     119.901672      -0.932730
    -75.00     -5.00      16.667900       0.238586       0.238586        20      19.0      20.0       0.552796   339.460    60.870    -0.680    0     119.885582      -0.933300
    -75.00      0.00      12.000000       0.270651       0.270651        20      19.0      20.0       0.552796   346.340    55.550     7.540    0     119.869492      -0.933860
    -75.00      5.00       7.332100       0.307279       0.307279        20      19.0      20.0       0.552796   346.870    53.400     4.030    0     119.853401      -0.934430
    -75.00     10.00       2.664200       0.293788       0.293788        20      19.0      20.0       0.552796   347.960    55.340     4.240    0     119.837357      -0.934990
    -70.00    -15.00      26.003710       0.077159       0.077159        20      19.0      20.0       0.552796   329.190    88.480   -29.730    0     119.916191      -0.886980
    -70.00    -10.00      21.335800       0.101944       0.101944        20      19.0      20.0       0.552796   157.070    83.540     1.950    0     119.900101      -0.887540
    -70.00     -5.00      16.667900       0.165102       0.165102        20      19.0      20.0       0.552796   339.070    54.360    -4.970    0     119.884010      -0.888110
    -70.00      0.00      12.000000       0.157764       0.157764        20      19.0      20.0       0.552796   347.840    70.800    19.460    0     119.867928      -0.888670
    -70.00      5.00       7.332100       0.183627       0.183627        20      19.0      20.0       0.552796   346.120    60.440     6.150    0     119.851837      -0.889240
    -70.00     10.00       2.664200       0.173618       0.173618        20      19.0      20.0       0.552796   348.360    58.120     7.600    0     119.835793      -0.889800
    -65.00    -15.00      26.003710       0.050926       0.050926        20      19.0      20.0       0.552796   163.670    42.340     2.940    0     119.914619      -0.841790
    -65.00    -10.00      21.335800       0.053075       0.053075        20      19.0      20.0       0.552796   344.110    44.030    -3.350    0     119.898537      -0.842350
    -65.00     -5.00      16.667900       0.073341       0.073341        20      19.0      20.0       0.552796   337.900    55.670    -5.480    0     119.882446      -0.842920
    -65.00      0.00      12.000000       0.080321       0.080321        20      19.0      20.0       0.552796   340.440    58.240     2.440    0     119.866364      -0.843480
    -65.00      5.00       7.332100       0.058126       0.058126        20      19.0      20.0       0.552796   353.280    52.290    28.270    0     119.850273      -0.844050
    -65.00     10.00       2.664200       0.066098       0.066098        20      19.0      20.0       0.552796   345.840    56.540     3.930    0     119.834221      -0.844610
    -60.00    -15.00      26.003710       0.000000       0.000000        20      19.0      20.0       0.552796   180.000    45.000    90.000    0     119.913063      -0.796600
    -60.00    -10.00      21.335800       0.000000       0.000000        20      19.0      20.0       0.552796   180.000    45.000    90.000    0     119.896973      -0.797160
    -60.00     -5.00      16.667900       0.000000       0.000000        20      19.0      20.0       0.552796   180.000    45.000    90.000    0     119.880882      -0.797730
    -60.00      0.00      12.000000       0.000000       0.000000        20      19.0      20.0       0.552796   180.000    45.000    90.000    0     119.864792      -0.798290
    -60.00      5.00       7.332100       0.000000       0.000000        20      19.0      20.0       0.552796   180.000    45.000    90.000    0     119.848701      -0.798860
    -60.00     10.00       2.664200       0.000000       0.000000        20      19.0      20.0       0.552796   180.000    45.000    90.000    0     119.832657      -0.799420
    -55.00    -15.00      26.003710       0.000000       0.000000        20      19.0      20.0       0.552796   180.000    45.000    90.000    0     119.911491      -0.751410
    -55.00    -10.00      21.335800       0.000000       0.000000        20      19.0      20.0       0.552796   180.000    45.000    90.000    0     119.895401      -0.751970
    -55.00     -5.00      16.667900       0.000000       0.000000        20      19.0      20.0       0.552796   180.000    45.000    90.000    0     119.879311      -0.752540
    -55.00      0.00      12.000000       0.000000       0.000000        20      19.0      20.0       0.552796   180.000    45.000    90.000    0     119.863228      -0.753100
    -55.00      5.00       7.332100       0.000000       0.000000        20      19.0      20.0       0.552796   180.000    45.000    90.000    0     119.847137      -0.753670
    -55.00     10.00       2.664200       0.000000       0.000000        20      19.0      20.0       0.552796   180.000    45.000    90.000    0     119.831093      -0.754230
    -50.00    -15.00      26.003710       0.000000       0.000000        20      19.0      20.0       0.552796   180.000    45.000    90.000    0     119.909920      -0.706210
    -50.00    -10.00      21.335800       0.000000       0.000000        20      19.0      20.0       0.552796   180.000    45.000    90.000    0     119.893837      -0.706780
    -50.00     -5.00      16.667900       0.000000       0.000000        20      19.0      20.0       0.552796   180.000    45.000    90.000    0     119.877747      -0.707340
    -50.00      0.00      12.000000       0.000000       0.000000        20      19.0      20.0       0.552796   180.000    45.000    90.000    0     119.861656      -0.707910
    -50.00      5.00       7.332100       0.000000       0.000000        20      19.0      20.0       0.552796   180.000    45.000    90.000    0     119.845612      -0.708470
    -50.00     10.00       2.664200       0.000000       0.000000        20      19.0      20.0       0.552796   180.000    45.000    90.000    0     119.829521      -0.709040
    -45.00    -15.00      26.003710       0.000000       0.000000        20      19.0      20.0       0.552796   180.000    45.000    90.000    0     119.908363      -0.661020
    -45.00    -10.00      21.335800       0.000000       0.000000        20      19.0      20.0       0.552796   180.000    45.000    90.000    0     119.892273      -0.661590
    -45.00     -5.00      16.667900       0.000000       0.000000        20      19.0      20.0       0.552796   180.000    45.000    90.000    0     119.876183      -0.662150
    -45.00      0.00      12.000000       0.000000       0.000000        20      19.0      20.0       0.552796   180.000    45.000    90.000    0     119.860092      -0.662720
    -45.00      5.00       7.332100       0.000000       0.000000        20      19.0      20.0       0.552796   180.000    45.000    90.000    0     119.844040      -0.663280
    -45.00     10.00       2.664200       0.000000       0.000000        20      19.0      20.0       0.552796   180.000    45.000    90.000    0     119.827950      -0.663850
    -40.00    -15.00      26.003710       0.000000       0.000000        20      19.0      20.0       0.552796   180.000    45.000    90.000    0     119.906792      -0.615830
    -40.00    -10.00      21.335800       0.000000       0.000000        20      19.0      20.0       0.552796   180.000    45.000    90.000    0     119.890701      -0.616400
    -40.00     -5.00      16.667900       0.000000       0.000000        20      19.0      20.0       0.552796   180.000    45.000    90.000    0     119.874619      -0.616960
    -40.00      0.00      12.000000       0.000000       0.000000        20      19.0      20.0       0.552796   180.000    45.000    90.000    0     119.858528      -0.617530
    -40.00      5.00       7.332100       0.000000       0.000000        20      19.0      20.0       0.552796   180.000    45.000    90.000    0     119.842468      -0.618090
    -40.00     10.00       2.664200       0.000000       0.000000        20      19.0      20.0       0.552796   180.000    45.000    90.000    0     119.826378      -0.618660
    -35.00    -15.00      26.003710       0.000000       0.000000        20      19.0      20.0       0.552796   180.000    45.000    90.000    0     119.905220      -0.570640
    -35.00    -10.00      21.335800       0.000000       0.000000        20      19.0      20.0       0.552796   180.000    45.000    90.000    0     119.889137      -0.571210
    -35.00     -5.00      16.667900       0.000000       0.000000        20      19.0      20.0       0.552796   180.000    45.000    90.000    0     119.873047      -0.571770
    -35.00      0.00      12.000000       0.000000       0.000000        20      19.0      20.0       0.552796   180.000    45.000    90.000    0     119.856956      -0.572340
    -35.00      5.00       7.332100       0.000000       0.000000        20      19.0      20.0       0.552796   180.000    45.000    90.000    0     119.840897      -0.572900
    -35.00     10.00       2.664200       0.000000       0.000000        20      19.0      20.0       0.552796   180.000    45.000    90.000    0     119.824806      -0.573470
    -30.00    -15.00      26.003710       0.000000       0.000000        20      19.0      20.0       0.552796   180.000    45.000    90.000    0     119.903664      -0.525450
    -30.00    -10.00      21.335800       0.000000       0.000000        20      19.0      20.0       0.552796   180.000    45.000    90.000    0     119.887573      -0.526020
    -30.00     -5.00      16.667900       0.000000       0.000000        20      19.0      20.0       0.552796   180.000    45.000    90.000    0     119.871483      -0.526580
    -30.00      0.00      12.000000       0.000000       0.000000        20      19.0      20.0       0.552796   180.000    45.000    90.000    0     119.855400      -0.527150
    -30.00      5.00       7.332100       0.000000       0.000000        20      19.0      20.0       0.552796   180.000    45.000    90.000    0     119.839333      -0.527710
    -30.00     10.00       2.664200       0.000000       0.000000        20      19.0      20.0       0.552796   180.000    45.000    90.000    0     119.823242      -0.528280
    -25.00    -15.00      26.003710       0.000000       0.000000        20      19.0      20.0       0.552796   180.000    45.000    90.000    0     119.902092      -0.480260
    -25.00    -10.00      21.335800       0.000000       0.000000        20      19.0      20.0       0.552796   180.000    45.000    90.000    0     119.886002      -0.480820
    -25.00     -5.00      16.667900       0.000000       0.000000        20      19.0      20.0       0.552796   180.000    45.000    90.000    0     119.869919      -0.481390
    -25.00      0.00      12.000000       0.000000       0.000000        20      19.0      20.0       0.552796   180.000    45.000    90.000    0     119.853828      -0.481950
    -25.00      5.00       7.332100       0.000000       0.000000        20      19.0      20.0       0.552796   180.000    45.000    90.000    0     119.837761      -0.482520
    -25.00     10.00       2.664200       0.000000       0.000000        20      19.0      20.0       0.552796   180.000    45.000    90.000    0     119.821671      -0.483090
    -20.00    -15.00      26.003710       0.000000       0.000000        20      19.0      20.0       0.552796   180.000    45.000    90.000    0     119.900528      -0.435070
    -20.00    -10.00      21.335800       0.000000       0.000000        20      19.0      20.0       0.552796   180.000    45.000    90.000    0     119.884438      -0.435630
    -20.00     -5.00      16.667900       0.000000       0.000000        20      19.0      20.0       0.552796   180.000    45.000    90.000    0     119.868347      -0.436200
    -20.00      0.00      12.000000       0.000000       0.000000        20      19.0      20.0       0.552796   180.000    45.000    90.000    0     119.852257      -0.436760
    -20.00      5.00       7.332100       0.000000       0.000000        20      19.0      20.0       0.552796   180.000    45.000    90.000    0     119.836189      -0.437330
    -20.00     10.00       2.664200       0.000000       0.000000        20      19.0      20.0       0.552796   180.000    45.000    90.000    0     119.820099      -0.437900
    -15.00    -15.00      26.003710       0.000000       0.000000        20      19.0      20.0       0.552796   180.000    45.000    90.000    0     119.898956      -0.389880
    -15.00    -10.00      21.335800       0.000000       0.000000        20      19.0      20.0       0.552796   180.000    45.000    90.000    0     119.882874      -0.390440
    -15.00     -5.00      16.667900       0.000000       0.000000        20      19.0      20.0       0.552796   180.000    45.000    90.000    0     119.866791      -0.391010
    -15.00      0.00      12.000000       0.000000       0.000000        20      19.0      20.0       0.552796   180.000    45.000    90.000    0     119.850700      -0.391570
    -15.00      5.00       7.332100       0.000000       0.000000        20      19.0      20.0       0.552796   180.000    45.000    90.000    0     119.834618      -0.392140
    -15.00     10.00       2.664200       0.000000       0.000000        20      19.0      20.0       0.552796   180.000    45.000    90.000    0     119.818527      -0.392700
    -10.00    -15.00      26.003710       0.000000       0.000000        20      19.0      20.0       0.552796   180.000    45.000    90.000    0     119.897392      -0.344690
    -10.00    -10.00      21.335800       0.000000       0.000000        20      19.0      20.0       0.552796   180.000    45.000    90.000    0     119.881310      -0.345250
    -10.00     -5.00      16.667900       0.000000       0.000000        20      19.0      20.0       0.552796   180.000    45.000    90.000    0     119.865219      -0.345820
    -10.00      0.00      12.000000       0.000000       0.000000        20      19.0      20.0       0.552796   180.000    45.000    90.000    0     119.849129      -0.346380
    -10.00      5.00       7.332100       0.000000       0.000000        20      19.0      20.0       0.552796   180.000    45.000    90.000    0     119.833054      -0.346950
    -10.00     10.00       2.664200       0.000000       0.000000        20      19.0      20.0       0.552796   180.000    45.000    90.000    0     119.816963      -0.347510
     -5.00    -15.00      26.003710       0.000000       0.000000        20      19.0      20.0       0.552796   180.000    45.000    90.000    0     119.895828      -0.299500
     -5.00    -10.00      21.335800       0.000000       0.000000        20      19.0      20.0       0.552796   180.000    45.000    90.000    0     119.879738      -0.300060
     -5.00     -5.00      16.667900       0.000000       0.000000        20      19.0      20.0       0.552796   180.000    45.000    90.000    0     119.863647      -0.300630
     -5.00      0.00      12.000000       0.000000       0.000000        20      19.0      20.0       0.552796   180.000    45.000    90.000    0     119.847572      -0.301190
     -5.00      5.00       7.332100       0.000000       0.000000        20      19.0      20.0       0.552796   180.000    45.000    90.000    0     119.831482      -0.301760
     -5.00     10.00       2.664200       0.000000       0.000000        20      19.0      20.0       0.552796   180.000    45.000    90.000    0     119.815399      -0.302320
      0.00    -15.00      26.003710       0.000000       0.000000        20      19.0      20.0       0.552796   180.000    45.000    90.000    0     119.894257      -0.254300
      0.00    -10.00      21.335800       0.000000       0.000000        20      19.0      20.0       0.552796   180.000    45.000    90.000    0     119.878166      -0.254870
      0.00     -5.00      16.667900       0.000000       0.000000        20      19.0      20.0       0.552796   180.000    45.000    90.000    0     119.862091      -0.255430
      0.00      0.00      12.000000       0.000000       0.000000        20      19.0      20.0       0.552796   180.000    45.000    90.000    0     119.846001      -0.256000
      0.00      5.00       7.332100       0.000000       0.000000        20      19.0      20.0       0.552796   180.000    45.000    90.000    0     119.829910      -0.256570
      0.00     10.00       2.664200       0.000000       0.000000        20      19.0      20.0       0.552796   180.000    45.000    90.000    0     119.813828      -0.257130
      5.00    -15.00      26.003710       0.000000       0.000000        20      19.0      20.0       0.552796   180.000    45.000    90.000    0     119.892693      -0.209110
      5.00    -10.00      21.335800       0.000000       0.000000        20      19.0      20.0       0.552796   180.000    45.000    90.000    0     119.876602      -0.209680
      5.00     -5.00      16.667900       0.000000       0.000000        20      19.0      20.0       0.552796   180.000    45.000    90.000    0     119.860519      -0.210240
      5.00      0.00      12.000000       0.000000       0.000000        20      19.0      20.0       0.552796   180.000    45.000    90.000    0     119.844429      -0.210810
      5.00      5.00       7.332100       0.000000       0.000000        20      19.0      20.0       0.552796   180.000    45.000    90.000    0     119.828346      -0.211370
      5.00     10.00       2.664200       0.000000       0.000000        20      19.0      20.0       0.552796   180.000    45.000    90.000    0     119.812263      -0.211940
     10.00    -15.00      26.003710       0.000000       0.000000        20      19.0      20.0       0.552796   180.000    45.000    90.000    0     119.891121      -0.163920
     10.00    -10.00      21.335800       0.000000       0.000000        20      19.0      20.0       0.552796   180.000    45.000    90.000    0     119.875038      -0.164490
     10.00     -5.00      16.667900       0.000000       0.000000        20      19.0      20.0       0.552796   180.000    45.000    90.000    0     119.858948      -0.165050
     10.00      0.00      12.000000       0.000000       0.000000        20      19.0      20.0       0.552796   180.000    45.000    90.000    0     119.842873      -0.165620
     10.00      5.00       7.332100       0.000000       0.000000        20      19.0      20.0       0.552796   180.000    45.000    90.000    0     119.826782      -0.166180
     10.00     10.00       2.664200       0.000000       0.000000        20      19.0      20.0       0.552796   180.000    45.000    90.000    0     119.810692      -0.166750
     15.00    -15.00      26.003710       0.000000       0.000000        20      19.0      20.0       0.552796   180.000    45.000    90.000    0     119.889549      -0.118730
     15.00    -10.00      21.335800       0.000000       0.000000        20      19.0      20.0       0.552796   180.000    45.000    90.000    0     119.873466      -0.119300
     15.00     -5.00      16.667900       0.000000       0.000000        20      19.0      20.0       0.552796   180.000    45.000    90.000    0     119.857384      -0.119860
     15.00      0.00      12.000000       0.000000       0.000000        20      19.0      20.0       0.552796   180.000    45.000    90.000    0     119.841301      -0.120430
     15.00      5.00       7.332100       0.000000       0.000000        20      19.0      20.0       0.552796   180.000    45.000    90.000    0     119.825218      -0.120990
     15.00     10.00       2.664200       0.000000       0.000000        20      19.0      20.0       0.552796   180.000    45.000    90.000    0     119.809128      -0.121560
     20.00    -15.00      26.003710       0.000000       0.000000        20      19.0      20.0       0.552796   180.000    45.000    90.000    0     119.887978      -0.073540
     20.00    -10.00      21.335800       0.000000       0.000000        20      19.0      20.0       0.552796   180.000    45.000    90.000    0     119.871902      -0.074100
     20.00     -5.00      16.667900       0.000000       0.000000        20      19.0      20.0       0.552796   180.000    45.000    90.000    0     119.855812      -0.074670
     20.00      0.00      12.000000       0.000000       0.000000        20      19.0      20.0       0.552796   180.000    45.000    90.000    0     119.839737      -0.075240
     20.00      5.00       7.332100       0.000000       0.000000        20      19.0      20.0       0.552796   180.000    45.000    90.000    0     119.823647      -0.075800
     20.00     10.00       2.664200       0.000000       0.000000        20      19.0      20.0       0.552796   180.000    45.000    90.000    0     119.807564      -0.076370
     25.00    -15.00      26.003710       0.000000       0.000000        20      19.0      20.0       0.552796   180.000    45.000    90.000    0     119.886414      -0.028350
     25.00    -10.00      21.335800       0.000000       0.000000        20      19.0      20.0       0.552796   180.000    45.000    90.000    0     119.870331      -0.028910
     25.00     -5.00      16.667900       0.000000       0.000000        20      19.0      20.0       0.552796   180.000    45.000    90.000    0     119.854240      -0.029480
     25.00      0.00      12.000000       0.000000       0.000000        20      19.0      20.0       0.552796   180.000    45.000    90.000    0     119.838173      -0.030050
     25.00      5.00       7.332100       0.000000       0.000000        20      19.0      20.0       0.552796   180.000    45.000    90.000    0     119.822083      -0.030610
     25.00     10.00       2.664200       0.000000       0.000000        20      19.0      20.0       0.552796   180.000    45.000    90.000    0     119.806000      -0.031180
     30.00    -15.00      26.003710       0.000000       0.000000        20      19.0      20.0       0.552796   180.000    45.000    90.000    0     119.884850       0.016840
     30.00    -10.00      21.335800       0.000000       0.000000        20      19.0      20.0       0.552796   180.000    45.000    90.000    0     119.868759       0.016280
     30.00     -5.00      16.667900       0.000000       0.000000        20      19.0      20.0       0.552796   180.000    45.000    90.000    0     119.852669       0.015710
     30.00      0.00      12.000000       0.000000       0.000000        20      19.0      20.0       0.552796   180.000    45.000    90.000    0     119.836601       0.015150
     30.00      5.00       7.332100       0.000000       0.000000        20      19.0      20.0       0.552796   180.000    45.000    90.000    0     119.820518       0.014580
     30.00     10.00       2.664200       0.000000       0.000000        20      19.0      20.0       0.552796   180.000    45.000    90.000    0     119.804428       0.014020
     35.00    -15.00      26.003710       0.000000       0.000000        20      19.0      20.0       0.552796   180.000    45.000    90.000    0     119.883278       0.062030
     35.00    -10.00      21.335800       0.000000       0.000000        20      19.0      20.0       0.552796   180.000    45.000    90.000    0     119.867188       0.061470
     35.00     -5.00      16.667900       0.000000       0.000000        20      19.0      20.0       0.552796   180.000    45.000    90.000    0     119.851097       0.060900
     35.00      0.00      12.000000       0.000000       0.000000        20      19.0      20.0       0.552796   180.000    45.000    90.000    0     119.835037       0.060340
     35.00      5.00       7.332100       0.000000       0.000000        20      19.0      20.0       0.552796   180.000    45.000    90.000    0     119.818947       0.059770
     35.00     10.00       2.664200       0.000000       0.000000        20      19.0      20.0       0.552796   180.000    45.000    90.000    0     119.802856       0.059210
     40.00    -15.00      26.003710       0.000000       0.000000        20      19.0      20.0       0.552796   180.000    45.000    90.000    0     119.881706       0.107230
     40.00    -10.00      21.335800       0.000000       0.000000        20      19.0      20.0       0.552796   180.000    45.000    90.000    0     119.865623       0.106660
     40.00     -5.00      16.667900       0.000000       0.000000        20      19.0      20.0       0.552796   180.000    45.000    90.000    0     119.849533       0.106090
     40.00      0.00      12.000000       0.000000       0.000000        20      19.0      20.0       0.552796   180.000    45.000    90.000    0     119.833473       0.105530
     40.00      5.00       7.332100       0.000000       0.000000        20      19.0      20.0       0.552796   180.000    45.000    90.000    0     119.817390       0.104960
     40.00     10.00       2.664200       0.000000       0.000000        20      19.0      20.0       0.552796   180.000    45.000    90.000    0     119.801300       0.104400
     45.00    -15.00      26.003710       0.000000       0.000000        20      19.0      20.0       0.552796   180.000    45.000    90.000    0     119.880142       0.152420
     45.00    -10.00      21.335800       0.000000       0.000000        20      19.0      20.0       0.552796   180.000    45.000    90.000    0     119.864052       0.151850
     45.00     -5.00      16.667900       0.000000       0.000000        20      19.0      20.0       0.552796   180.000    45.000    90.000    0     119.847961       0.151280
     45.00      0.00      12.000000       0.000000       0.000000        20      19.0      20.0       0.552796   180.000    45.000    90.000    0     119.831909       0.150720
     45.00      5.00       7.332100       0.000000       0.000000        20      19.0      20.0       0.552796   180.000    45.000    90.000    0     119.815819       0.150150
     45.00     10.00       2.664200       0.000000       0.000000        20      19.0      20.0       0.552796   180.000    45.000    90.000    0     119.799728       0.149590
     50.00    -15.00      26.003710       0.000000       0.000000        20      19.0      20.0       0.552796   180.000    45.000    90.000    0     119.878571       0.197610
     50.00    -10.00      21.335800       0.000000       0.000000        20      19.0      20.0       0.552796   180.000    45.000    90.000    0     119.862480       0.197040
     50.00     -5.00      16.667900       0.000000       0.000000        20      19.0      20.0       0.552796   180.000    45.000    90.000    0     119.846390       0.196470
     50.00      0.00      12.000000       0.000000       0.000000        20      19.0      20.0       0.552796   180.000    45.000    90.000    0     119.830338       0.195910
     50.00      5.00       7.332100       0.000000       0.000000        20      19.0      20.0       0.552796   180.000    45.000    90.000    0     119.814247       0.195340
     50.00     10.00       2.664200       0.000000       0.000000        20      19.0      20.0       0.552796   180.000    45.000    90.000    0     119.798172       0.194780
