      xloc      yloc          depth         ave SR         max SR         #     start       end     max SR all       str       dip      rake flag
   -185.00    -15.00      26.003710       0.000000       0.000000        11      10.0      11.0       0.552796   180.000    45.000    90.000    0     119.952240      -1.926360
   -185.00    -10.00      21.335800       0.000000       0.000000        11      10.0      11.0       0.552796   180.000    45.000    90.000    0     119.936150      -1.926930
   -185.00     -5.00      16.667900       0.000000       0.000000        11      10.0      11.0       0.552796   180.000    45.000    90.000    0     119.920059      -1.927490
   -185.00      0.00      12.000000       0.000000       0.000000        11      10.0      11.0       0.552796   180.000    45.000    90.000    0     119.903961      -1.928060
   -185.00      5.00       7.332100       0.000000       0.000000        11      10.0      11.0       0.552796   180.000    45.000    90.000    0     119.887871      -1.928620
   -185.00     10.00       2.664200       0.000000       0.000000        11      10.0      11.0       0.552796   180.000    45.000    90.000    0     119.871780      -1.929190
   -180.00    -15.00      26.003710       0.000000       0.000000        11      10.0      11.0       0.552796   180.000    45.000    90.000    0     119.950684      -1.881170
   -180.00    -10.00      21.335800       0.000000       0.000000        11      10.0      11.0       0.552796   180.000    45.000    90.000    0     119.934578      -1.881740
   -180.00     -5.00      16.667900       0.000000       0.000000        11      10.0      11.0       0.552796   180.000    45.000    90.000    0     119.918488      -1.882300
   -180.00      0.00      12.000000       0.000000       0.000000        11      10.0      11.0       0.552796   180.000    45.000    90.000    0     119.902397      -1.882870
   -180.00      5.00       7.332100       0.000000       0.000000        11      10.0      11.0       0.552796   180.000    45.000    90.000    0     119.886299      -1.883430
   -180.00     10.00       2.664200       0.000000       0.000000        11      10.0      11.0       0.552796   180.000    45.000    90.000    0     119.870209      -1.884000
   -175.00    -15.00      26.003710       0.000000       0.000000        11      10.0      11.0       0.552796   180.000    45.000    90.000    0     119.949112      -1.835980
   -175.00    -10.00      21.335800       0.000000       0.000000        11      10.0      11.0       0.552796   180.000    45.000    90.000    0     119.933006      -1.836550
   -175.00     -5.00      16.667900       0.000000       0.000000        11      10.0      11.0       0.552796   180.000    45.000    90.000    0     119.916924      -1.837110
   -175.00      0.00      12.000000       0.000000       0.000000        11      10.0      11.0       0.552796   180.000    45.000    90.000    0     119.900833      -1.837680
   -175.00      5.00       7.332100       0.000000       0.000000        11      10.0      11.0       0.552796   180.000    45.000    90.000    0     119.884743      -1.838240
   -175.00     10.00       2.664200       0.000000       0.000000        11      10.0      11.0       0.552796   180.000    45.000    90.000    0     119.868637      -1.838810
   -170.00    -15.00      26.003710       0.000000       0.000000        11      10.0      11.0       0.552796   180.000    45.000    90.000    0     119.947540      -1.790790
   -170.00    -10.00      21.335800       0.000000       0.000000        11      10.0      11.0       0.552796   180.000    45.000    90.000    0     119.931450      -1.791360
   -170.00     -5.00      16.667900       0.000000       0.000000        11      10.0      11.0       0.552796   180.000    45.000    90.000    0     119.915352      -1.791920
   -170.00      0.00      12.000000       0.000000       0.000000        11      10.0      11.0       0.552796   180.000    45.000    90.000    0     119.899261      -1.792490
   -170.00      5.00       7.332100       0.000000       0.000000        11      10.0      11.0       0.552796   180.000    45.000    90.000    0     119.883171      -1.793050
   -170.00     10.00       2.664200       0.000000       0.000000        11      10.0      11.0       0.552796   180.000    45.000    90.000    0     119.867081      -1.793620
   -165.00    -15.00      26.003710       0.000000       0.000000        11      10.0      11.0       0.552796   180.000    45.000    90.000    0     119.945969      -1.745600
   -165.00    -10.00      21.335800       0.000000       0.000000        11      10.0      11.0       0.552796   180.000    45.000    90.000    0     119.929878      -1.746170
   -165.00     -5.00      16.667900       0.000000       0.000000        11      10.0      11.0       0.552796   180.000    45.000    90.000    0     119.913788      -1.746730
   -165.00      0.00      12.000000       0.000000       0.000000        11      10.0      11.0       0.552796   180.000    45.000    90.000    0     119.897690      -1.747300
   -165.00      5.00       7.332100       0.000000       0.000000        11      10.0      11.0       0.552796   180.000    45.000    90.000    0     119.881599      -1.747860
   -165.00     10.00       2.664200       0.000000       0.000000        11      10.0      11.0       0.552796   180.000    45.000    90.000    0     119.865509      -1.748430
   -160.00    -15.00      26.003710       0.000000       0.000000        11      10.0      11.0       0.552796   180.000    45.000    90.000    0     119.944397      -1.700410
   -160.00    -10.00      21.335800       0.000000       0.000000        11      10.0      11.0       0.552796   180.000    45.000    90.000    0     119.928307      -1.700980
   -160.00     -5.00      16.667900       0.000000       0.000000        11      10.0      11.0       0.552796   180.000    45.000    90.000    0     119.912216      -1.701540
   -160.00      0.00      12.000000       0.000000       0.000000        11      10.0      11.0       0.552796   180.000    45.000    90.000    0     119.896133      -1.702110
   -160.00      5.00       7.332100       0.000000       0.000000        11      10.0      11.0       0.552796   180.000    45.000    90.000    0     119.880028      -1.702670
   -160.00     10.00       2.664200       0.000000       0.000000        11      10.0      11.0       0.552796   180.000    45.000    90.000    0     119.863937      -1.703240
   -155.00    -15.00      26.003710       0.000000       0.000000        11      10.0      11.0       0.552796   180.000    45.000    90.000    0     119.942841      -1.655220
   -155.00    -10.00      21.335800       0.000000       0.000000        11      10.0      11.0       0.552796   180.000    45.000    90.000    0     119.926743      -1.655790
   -155.00     -5.00      16.667900       0.000000       0.000000        11      10.0      11.0       0.552796   180.000    45.000    90.000    0     119.910652      -1.656350
   -155.00      0.00      12.000000       0.000000       0.000000        11      10.0      11.0       0.552796   180.000    45.000    90.000    0     119.894562      -1.656920
   -155.00      5.00       7.332100       0.000000       0.000000        11      10.0      11.0       0.552796   180.000    45.000    90.000    0     119.878471      -1.657480
   -155.00     10.00       2.664200       0.000000       0.000000        11      10.0      11.0       0.552796   180.000    45.000    90.000    0     119.862373      -1.658050
   -150.00    -15.00      26.003710       0.000000       0.000000        11      10.0      11.0       0.552796   180.000    45.000    90.000    0     119.941269      -1.610030
   -150.00    -10.00      21.335800       0.000000       0.000000        11      10.0      11.0       0.552796   180.000    45.000    90.000    0     119.925179      -1.610590
   -150.00     -5.00      16.667900       0.000000       0.000000        11      10.0      11.0       0.552796   180.000    45.000    90.000    0     119.909081      -1.611160
   -150.00      0.00      12.000000       0.000000       0.000000        11      10.0      11.0       0.552796   180.000    45.000    90.000    0     119.892990      -1.611730
   -150.00      5.00       7.332100       0.000000       0.000000        11      10.0      11.0       0.552796   180.000    45.000    90.000    0     119.876900      -1.612290
   -150.00     10.00       2.664200       0.000000       0.000000        11      10.0      11.0       0.552796   180.000    45.000    90.000    0     119.860809      -1.612860
   -145.00    -15.00      26.003710       0.000000       0.000000        11      10.0      11.0       0.552796   180.000    45.000    90.000    0     119.939697      -1.564840
   -145.00    -10.00      21.335800       0.000000       0.000000        11      10.0      11.0       0.552796   180.000    45.000    90.000    0     119.923607      -1.565400
   -145.00     -5.00      16.667900       0.000000       0.000000        11      10.0      11.0       0.552796   180.000    45.000    90.000    0     119.907516      -1.565970
   -145.00      0.00      12.000000       0.000000       0.000000        11      10.0      11.0       0.552796   180.000    45.000    90.000    0     119.891418      -1.566530
   -145.00      5.00       7.332100       0.000000       0.000000        11      10.0      11.0       0.552796   180.000    45.000    90.000    0     119.875328      -1.567100
   -145.00     10.00       2.664200       0.000000       0.000000        11      10.0      11.0       0.552796   180.000    45.000    90.000    0     119.859238      -1.567660
   -140.00    -15.00      26.003710       0.000000       0.000000        11      10.0      11.0       0.552796   180.000    45.000    90.000    0     119.938133      -1.519650
   -140.00    -10.00      21.335800       0.000000       0.000000        11      10.0      11.0       0.552796   180.000    45.000    90.000    0     119.922043      -1.520210
   -140.00     -5.00      16.667900       0.000000       0.000000        11      10.0      11.0       0.552796   180.000    45.000    90.000    0     119.905952      -1.520780
   -140.00      0.00      12.000000       0.000000       0.000000        11      10.0      11.0       0.552796   180.000    45.000    90.000    0     119.889862      -1.521340
   -140.00      5.00       7.332100       0.000000       0.000000        11      10.0      11.0       0.552796   180.000    45.000    90.000    0     119.873772      -1.521910
   -140.00     10.00       2.664200       0.000000       0.000000        11      10.0      11.0       0.552796   180.000    45.000    90.000    0     119.857681      -1.522470
   -135.00    -15.00      26.003710       0.000000       0.000000        11      10.0      11.0       0.552796   180.000    45.000    90.000    0     119.936562      -1.474460
   -135.00    -10.00      21.335800       0.000000       0.000000        11      10.0      11.0       0.552796   180.000    45.000    90.000    0     119.920471      -1.475020
   -135.00     -5.00      16.667900       0.000000       0.000000        11      10.0      11.0       0.552796   180.000    45.000    90.000    0     119.904381      -1.475590
   -135.00      0.00      12.000000       0.000000       0.000000        11      10.0      11.0       0.552796   180.000    45.000    90.000    0     119.888290      -1.476150
   -135.00      5.00       7.332100       0.000000       0.000000        11      10.0      11.0       0.552796   180.000    45.000    90.000    0     119.872200      -1.476720
   -135.00     10.00       2.664200       0.000000       0.000000        11      10.0      11.0       0.552796   180.000    45.000    90.000    0     119.856110      -1.477280
   -130.00    -15.00      26.003710       0.000000       0.000000        11      10.0      11.0       0.552796   180.000    45.000    90.000    0     119.934998      -1.429270
   -130.00    -10.00      21.335800       0.000000       0.000000        11      10.0      11.0       0.552796   180.000    45.000    90.000    0     119.918907      -1.429830
   -130.00     -5.00      16.667900       0.000000       0.000000        11      10.0      11.0       0.552796   180.000    45.000    90.000    0     119.902809      -1.430400
   -130.00      0.00      12.000000       0.000000       0.000000        11      10.0      11.0       0.552796   180.000    45.000    90.000    0     119.886719      -1.430960
   -130.00      5.00       7.332100       0.000000       0.000000        11      10.0      11.0       0.552796   180.000    45.000    90.000    0     119.870628      -1.431530
   -130.00     10.00       2.664200       0.000000       0.000000        11      10.0      11.0       0.552796   180.000    45.000    90.000    0     119.854538      -1.432090
   -125.00    -15.00      26.003710       0.000000       0.000000        11      10.0      11.0       0.552796   180.000    45.000    90.000    0     119.933434      -1.384080
   -125.00    -10.00      21.335800       0.000000       0.000000        11      10.0      11.0       0.552796   180.000    45.000    90.000    0     119.917343      -1.384640
   -125.00     -5.00      16.667900       0.000000       0.000000        11      10.0      11.0       0.552796   180.000    45.000    90.000    0     119.901253      -1.385210
   -125.00      0.00      12.000000       0.000000       0.000000        11      10.0      11.0       0.552796   180.000    45.000    90.000    0     119.885162      -1.385770
   -125.00      5.00       7.332100       0.000000       0.000000        11      10.0      11.0       0.552796   180.000    45.000    90.000    0     119.869072      -1.386340
   -125.00     10.00       2.664200       0.000000       0.000000        11      10.0      11.0       0.552796   180.000    45.000    90.000    0     119.852982      -1.386900
   -120.00    -15.00      26.003710       0.000000       0.000000        11      10.0      11.0       0.552796   180.000    45.000    90.000    0     119.931862      -1.338890
   -120.00    -10.00      21.335800       0.000000       0.000000        11      10.0      11.0       0.552796   180.000    45.000    90.000    0     119.915771      -1.339450
   -120.00     -5.00      16.667900       0.000000       0.000000        11      10.0      11.0       0.552796   180.000    45.000    90.000    0     119.899681      -1.340020
   -120.00      0.00      12.000000       0.000000       0.000000        11      10.0      11.0       0.552796   180.000    45.000    90.000    0     119.883591      -1.340580
   -120.00      5.00       7.332100       0.000000       0.000000        11      10.0      11.0       0.552796   180.000    45.000    90.000    0     119.867500      -1.341150
   -120.00     10.00       2.664200       0.000000       0.000000        11      10.0      11.0       0.552796   180.000    45.000    90.000    0     119.851410      -1.341710
   -115.00    -15.00      26.003710       0.000000       0.000000        11      10.0      11.0       0.552796   180.000    45.000    90.000    0     119.930290      -1.293690
   -115.00    -10.00      21.335800       0.000000       0.000000        11      10.0      11.0       0.552796   180.000    45.000    90.000    0     119.914200      -1.294260
   -115.00     -5.00      16.667900       0.000000       0.000000        11      10.0      11.0       0.552796   180.000    45.000    90.000    0     119.898109      -1.294830
   -115.00      0.00      12.000000       0.000000       0.000000        11      10.0      11.0       0.552796   180.000    45.000    90.000    0     119.882019      -1.295390
   -115.00      5.00       7.332100       0.000000       0.000000        11      10.0      11.0       0.552796   180.000    45.000    90.000    0     119.865929      -1.295960
   -115.00     10.00       2.664200       0.000000       0.000000        11      10.0      11.0       0.552796   180.000    45.000    90.000    0     119.849838      -1.296520
   -110.00    -15.00      26.003710       0.000000       0.000000        11      10.0      11.0       0.552796   180.000    45.000    90.000    0     119.928726      -1.248500
   -110.00    -10.00      21.335800       0.000000       0.000000        11      10.0      11.0       0.552796   180.000    45.000    90.000    0     119.912643      -1.249070
   -110.00     -5.00      16.667900       0.000000       0.000000        11      10.0      11.0       0.552796   180.000    45.000    90.000    0     119.896553      -1.249630
   -110.00      0.00      12.000000       0.000000       0.000000        11      10.0      11.0       0.552796   180.000    45.000    90.000    0     119.880463      -1.250200
   -110.00      5.00       7.332100       0.000000       0.000000        11      10.0      11.0       0.552796   180.000    45.000    90.000    0     119.864372      -1.250760
   -110.00     10.00       2.664200       0.000000       0.000000        11      10.0      11.0       0.552796   180.000    45.000    90.000    0     119.848282      -1.251330
   -105.00    -15.00      26.003710       0.000000       0.000000        11      10.0      11.0       0.552796   180.000    45.000    90.000    0     119.927162      -1.203310
   -105.00    -10.00      21.335800       0.000000       0.000000        11      10.0      11.0       0.552796   180.000    45.000    90.000    0     119.911072      -1.203880
   -105.00     -5.00      16.667900       0.000000       0.000000        11      10.0      11.0       0.552796   180.000    45.000    90.000    0     119.894981      -1.204440
   -105.00      0.00      12.000000       0.000000       0.000000        11      10.0      11.0       0.552796   180.000    45.000    90.000    0     119.878891      -1.205010
   -105.00      5.00       7.332100       0.000000       0.000000        11      10.0      11.0       0.552796   180.000    45.000    90.000    0     119.862801      -1.205570
   -105.00     10.00       2.664200       0.000000       0.000000        11      10.0      11.0       0.552796   180.000    45.000    90.000    0     119.846710      -1.206140
   -100.00    -15.00      26.003710       0.000000       0.000000        11      10.0      11.0       0.552796   180.000    45.000    90.000    0     119.925591      -1.158120
   -100.00    -10.00      21.335800       0.000000       0.000000        11      10.0      11.0       0.552796   180.000    45.000    90.000    0     119.909500      -1.158690
   -100.00     -5.00      16.667900       0.000000       0.000000        11      10.0      11.0       0.552796   180.000    45.000    90.000    0     119.893410      -1.159250
   -100.00      0.00      12.000000       0.000000       0.000000        11      10.0      11.0       0.552796   180.000    45.000    90.000    0     119.877319      -1.159820
   -100.00      5.00       7.332100       0.000000       0.000000        11      10.0      11.0       0.552796   180.000    45.000    90.000    0     119.861229      -1.160380
   -100.00     10.00       2.664200       0.000000       0.000000        11      10.0      11.0       0.552796   180.000    45.000    90.000    0     119.845207      -1.160950
    -95.00    -15.00      26.003710       0.000000       0.000000        11      10.0      11.0       0.552796   180.000    45.000    90.000    0     119.924026      -1.112930
    -95.00    -10.00      21.335800       0.000000       0.000000        11      10.0      11.0       0.552796   180.000    45.000    90.000    0     119.907944      -1.113500
    -95.00     -5.00      16.667900       0.000000       0.000000        11      10.0      11.0       0.552796   180.000    45.000    90.000    0     119.891853      -1.114060
    -95.00      0.00      12.000000       0.000000       0.000000        11      10.0      11.0       0.552796   180.000    45.000    90.000    0     119.875763      -1.114630
    -95.00      5.00       7.332100       0.000000       0.000000        11      10.0      11.0       0.552796   180.000    45.000    90.000    0     119.859673      -1.115190
    -95.00     10.00       2.664200       0.000000       0.000000        11      10.0      11.0       0.552796   180.000    45.000    90.000    0     119.843643      -1.115760
    -90.00    -15.00      26.003710       0.000000       0.000000        11      10.0      11.0       0.552796   180.000    45.000    90.000    0     119.922462      -1.067740
    -90.00    -10.00      21.335800       0.000000       0.000000        11      10.0      11.0       0.552796   180.000    45.000    90.000    0     119.906372      -1.068310
    -90.00     -5.00      16.667900       0.000000       0.000000        11      10.0      11.0       0.552796   180.000    45.000    90.000    0     119.890282      -1.068870
    -90.00      0.00      12.000000       0.000000       0.000000        11      10.0      11.0       0.552796   180.000    45.000    90.000    0     119.874191      -1.069440
    -90.00      5.00       7.332100       0.000000       0.000000        11      10.0      11.0       0.552796   180.000    45.000    90.000    0     119.858101      -1.070000
    -90.00     10.00       2.664200       0.000000       0.000000        11      10.0      11.0       0.552796   180.000    45.000    90.000    0     119.842072      -1.070570
    -85.00    -15.00      26.003710       0.000000       0.000000        11      10.0      11.0       0.552796   180.000    45.000    90.000    0     119.920891      -1.022550
    -85.00    -10.00      21.335800       0.000000       0.000000        11      10.0      11.0       0.552796   180.000    45.000    90.000    0     119.904800      -1.023120
    -85.00     -5.00      16.667900       0.000000       0.000000        11      10.0      11.0       0.552796   180.000    45.000    90.000    0     119.888710      -1.023680
    -85.00      0.00      12.000000       0.000000       0.000000        11      10.0      11.0       0.552796   180.000    45.000    90.000    0     119.872620      -1.024250
    -85.00      5.00       7.332100       0.000000       0.000000        11      10.0      11.0       0.552796   180.000    45.000    90.000    0     119.856537      -1.024810
    -85.00     10.00       2.664200       0.000000       0.000000        11      10.0      11.0       0.552796   180.000    45.000    90.000    0     119.840500      -1.025380
    -80.00    -15.00      26.003710       0.000000       0.000000        11      10.0      11.0       0.552796   180.000    45.000    90.000    0     119.919319      -0.977360
    -80.00    -10.00      21.335800       0.000000       0.000000        11      10.0      11.0       0.552796   180.000    45.000    90.000    0     119.903236      -0.977920
    -80.00     -5.00      16.667900       0.000000       0.000000        11      10.0      11.0       0.552796   180.000    45.000    90.000    0     119.887154      -0.978490
    -80.00      0.00      12.000000       0.000000       0.000000        11      10.0      11.0       0.552796   180.000    45.000    90.000    0     119.871063      -0.979050
    -80.00      5.00       7.332100       0.000000       0.000000        11      10.0      11.0       0.552796   180.000    45.000    90.000    0     119.854973      -0.979620
    -80.00     10.00       2.664200       0.000000       0.000000        11      10.0      11.0       0.552796   180.000    45.000    90.000    0     119.838928      -0.980190
    -75.00    -15.00      26.003710       0.000000       0.000000        11      10.0      11.0       0.552796   180.000    45.000    90.000    0     119.917763      -0.932170
    -75.00    -10.00      21.335800       0.000000       0.000000        11      10.0      11.0       0.552796   180.000    45.000    90.000    0     119.901672      -0.932730
    -75.00     -5.00      16.667900       0.000000       0.000000        11      10.0      11.0       0.552796   180.000    45.000    90.000    0     119.885582      -0.933300
    -75.00      0.00      12.000000       0.000000       0.000000        11      10.0      11.0       0.552796   180.000    45.000    90.000    0     119.869492      -0.933860
    -75.00      5.00       7.332100       0.000000       0.000000        11      10.0      11.0       0.552796   180.000    45.000    90.000    0     119.853401      -0.934430
    -75.00     10.00       2.664200       0.000000       0.000000        11      10.0      11.0       0.552796   180.000    45.000    90.000    0     119.837357      -0.934990
    -70.00    -15.00      26.003710       0.000000       0.000000        11      10.0      11.0       0.552796   180.000    45.000    90.000    0     119.916191      -0.886980
    -70.00    -10.00      21.335800       0.032600       0.032600        11      10.0      11.0       0.552796    84.120    28.270  -114.400    1     119.900101      -0.887540
    -70.00     -5.00      16.667900       0.027005       0.027005        11      10.0      11.0       0.552796   332.600    47.820    -4.160    0     119.884010      -0.888110
    -70.00      0.00      12.000000       0.031858       0.031858        11      10.0      11.0       0.552796   326.700    42.180   -12.460    0     119.867928      -0.888670
    -70.00      5.00       7.332100       0.037649       0.037649        11      10.0      11.0       0.552796   330.800    28.540    -1.680    0     119.851837      -0.889240
    -70.00     10.00       2.664200       0.024864       0.024864        11      10.0      11.0       0.552796   333.220    55.120   -19.220    0     119.835793      -0.889800
    -65.00    -15.00      26.003710       0.035368       0.035368        11      10.0      11.0       0.552796   147.740    86.200   -58.540    0     119.914619      -0.841790
    -65.00    -10.00      21.335800       0.117403       0.117403        11      10.0      11.0       0.552796   128.640    50.200   -54.330    1     119.898537      -0.842350
    -65.00     -5.00      16.667900       0.093665       0.093665        11      10.0      11.0       0.552796   329.860    61.040   -11.980    0     119.882446      -0.842920
    -65.00      0.00      12.000000       0.081059       0.081059        11      10.0      11.0       0.552796   337.430    70.480    13.590    0     119.866364      -0.843480
    -65.00      5.00       7.332100       0.116334       0.116334        11      10.0      11.0       0.552796   331.660    57.000   -29.130    0     119.850273      -0.844050
    -65.00     10.00       2.664200       0.100271       0.100271        11      10.0      11.0       0.552796   335.170    61.580   -20.660    0     119.834221      -0.844610
    -60.00    -15.00      26.003710       0.074166       0.074166        11      10.0      11.0       0.552796   150.190    79.350   -45.600    0     119.913063      -0.796600
    -60.00    -10.00      21.335800       0.157687       0.157687        11      10.0      11.0       0.552796   150.650    71.880   -36.080    0     119.896973      -0.797160
    -60.00     -5.00      16.667900       0.186583       0.186583        11      10.0      11.0       0.552796   155.240    81.430   -23.520    0     119.880882      -0.797730
    -60.00      0.00      12.000000       0.188047       0.188047        11      10.0      11.0       0.552796   339.030    75.700     2.550    0     119.864792      -0.798290
    -60.00      5.00       7.332100       0.219422       0.219422        11      10.0      11.0       0.552796   335.200    60.220   -21.990    0     119.848701      -0.798860
    -60.00     10.00       2.664200       0.221681       0.221681        11      10.0      11.0       0.552796   334.570    61.800   -23.180    0     119.832657      -0.799420
    -55.00    -15.00      26.003710       0.111570       0.111570        11      10.0      11.0       0.552796   151.770    65.220   -35.480    0     119.911491      -0.751410
    -55.00    -10.00      21.335800       0.206132       0.206132        11      10.0      11.0       0.552796   155.630    70.990   -27.840    0     119.895401      -0.751970
    -55.00     -5.00      16.667900       0.260555       0.260555        11      10.0      11.0       0.552796   154.740    75.930   -27.520    0     119.879311      -0.752540
    -55.00      0.00      12.000000       0.263625       0.263625        11      10.0      11.0       0.552796   338.710    80.650     2.730    0     119.863228      -0.753100
    -55.00      5.00       7.332100       0.307652       0.307652        11      10.0      11.0       0.552796   333.660    57.290   -25.010    0     119.847137      -0.753670
    -55.00     10.00       2.664200       0.321808       0.321808        11      10.0      11.0       0.552796   332.510    56.690   -26.210    0     119.831093      -0.754230
    -50.00    -15.00      26.003710       0.141216       0.141216        11      10.0      11.0       0.552796   159.430    65.700   -23.860    0     119.909920      -0.706210
    -50.00    -10.00      21.335800       0.251534       0.251534        11      10.0      11.0       0.552796   159.280    71.960   -22.880    0     119.893837      -0.706780
    -50.00     -5.00      16.667900       0.295442       0.295442        11      10.0      11.0       0.552796   157.850    80.940   -20.950    0     119.877747      -0.707340
    -50.00      0.00      12.000000       0.323185       0.323185        11      10.0      11.0       0.552796   337.490    62.870   -13.260    0     119.861656      -0.707910
    -50.00      5.00       7.332100       0.378116       0.378116        11      10.0      11.0       0.552796   332.750    53.490   -27.320    0     119.845612      -0.708470
    -50.00     10.00       2.664200       0.400303       0.400303        11      10.0      11.0       0.552796   331.350    52.210   -28.530    0     119.829521      -0.709040
    -45.00    -15.00      26.003710       0.160600       0.160600        11      10.0      11.0       0.552796   164.010    69.010   -20.160    0     119.908363      -0.661020
    -45.00    -10.00      21.335800       0.267211       0.267211        11      10.0      11.0       0.552796   162.910    75.320   -17.310    0     119.892273      -0.661590
    -45.00     -5.00      16.667900       0.307230       0.307230        11      10.0      11.0       0.552796   342.300    77.130    -1.290    0     119.876183      -0.662150
    -45.00      0.00      12.000000       0.354384       0.354384        11      10.0      11.0       0.552796   336.830    55.730   -19.060    0     119.860092      -0.662720
    -45.00      5.00       7.332100       0.411524       0.411524        11      10.0      11.0       0.552796   333.340    51.210   -27.460    0     119.844040      -0.663280
    -45.00     10.00       2.664200       0.438266       0.438266        11      10.0      11.0       0.552796   331.990    50.020   -28.450    0     119.827950      -0.663850
    -40.00    -15.00      26.003710       0.165294       0.165294        11      10.0      11.0       0.552796   166.520    70.460   -19.340    0     119.906792      -0.615830
    -40.00    -10.00      21.335800       0.253981       0.253981        11      10.0      11.0       0.552796   166.770    84.080    -6.640    0     119.890701      -0.616400
    -40.00     -5.00      16.667900       0.322887       0.322887        11      10.0      11.0       0.552796   341.660    62.650   -12.840    0     119.874619      -0.616960
    -40.00      0.00      12.000000       0.364825       0.364825        11      10.0      11.0       0.552796   338.300    52.940   -18.530    0     119.858528      -0.617530
    -40.00      5.00       7.332100       0.417669       0.417669        11      10.0      11.0       0.552796   334.930    48.860   -25.820    0     119.842468      -0.618090
    -40.00     10.00       2.664200       0.438845       0.438845        11      10.0      11.0       0.552796   334.250    48.870   -26.010    0     119.826378      -0.618660
    -35.00    -15.00      26.003710       0.152027       0.152027        11      10.0      11.0       0.552796   169.060    72.660   -18.500    0     119.905220      -0.570640
    -35.00    -10.00      21.335800       0.233813       0.233813        11      10.0      11.0       0.552796   348.020    77.040    -9.920    0     119.889137      -0.571210
    -35.00     -5.00      16.667900       0.316855       0.316855        11      10.0      11.0       0.552796   342.570    57.610   -13.500    0     119.873047      -0.571770
    -35.00      0.00      12.000000       0.353341       0.353341        11      10.0      11.0       0.552796   340.920    50.510   -15.000    0     119.856956      -0.572340
    -35.00      5.00       7.332100       0.387511       0.387511        11      10.0      11.0       0.552796   338.070    47.390   -21.660    0     119.840897      -0.572900
    -35.00     10.00       2.664200       0.406718       0.406718        11      10.0      11.0       0.552796   337.330    48.200   -22.560    0     119.824806      -0.573470
    -30.00    -15.00      26.003710       0.122986       0.122986        11      10.0      11.0       0.552796   172.620    81.270   -13.650    0     119.903664      -0.525450
    -30.00    -10.00      21.335800       0.214975       0.214975        11      10.0      11.0       0.552796   347.770    65.900   -16.130    0     119.887573      -0.526020
    -30.00     -5.00      16.667900       0.291239       0.291239        11      10.0      11.0       0.552796   343.980    51.370    -9.570    0     119.871483      -0.526580
    -30.00      0.00      12.000000       0.322811       0.322811        11      10.0      11.0       0.552796   343.850    46.930    -9.890    0     119.855400      -0.527150
    -30.00      5.00       7.332100       0.338826       0.338826        11      10.0      11.0       0.552796   341.430    45.860   -17.690    0     119.839333      -0.527710
    -30.00     10.00       2.664200       0.354332       0.354332        11      10.0      11.0       0.552796   340.550    47.330   -19.090    0     119.823242      -0.528280
    -25.00    -15.00      26.003710       0.090232       0.090232        11      10.0      11.0       0.552796   355.000    79.240    -0.140    0     119.902092      -0.480260
    -25.00    -10.00      21.335800       0.188886       0.188886        11      10.0      11.0       0.552796   345.440    57.700   -17.500    0     119.886002      -0.480820
    -25.00     -5.00      16.667900       0.265050       0.265050        11      10.0      11.0       0.552796   346.290    33.510     7.020    0     119.869919      -0.481390
    -25.00      0.00      12.000000       0.282332       0.282332        11      10.0      11.0       0.552796   346.590    39.250    -1.490    0     119.853828      -0.481950
    -25.00      5.00       7.332100       0.275500       0.275500        11      10.0      11.0       0.552796   344.700    45.570   -14.430    0     119.837761      -0.482520
    -25.00     10.00       2.664200       0.284415       0.284415        11      10.0      11.0       0.552796   343.630    47.450   -16.510    0     119.821671      -0.483090
    -20.00    -15.00      26.003710       0.060273       0.060273        11      10.0      11.0       0.552796   346.570    48.830   -27.570    0     119.900528      -0.435070
    -20.00    -10.00      21.335800       0.147321       0.147321        11      10.0      11.0       0.552796   336.690    36.960    -8.190    0     119.884438      -0.435630
    -20.00     -5.00      16.667900       0.219719       0.219719        11      10.0      11.0       0.552796   354.660    21.080    22.900    0     119.868347      -0.436200
    -20.00      0.00      12.000000       0.230919       0.230919        11      10.0      11.0       0.552796   348.680    29.570     6.250    0     119.852257      -0.436760
    -20.00      5.00       7.332100       0.193318       0.193318        11      10.0      11.0       0.552796   347.400    49.130   -14.460    0     119.836189      -0.437330
    -20.00     10.00       2.664200       0.204888       0.204888        11      10.0      11.0       0.552796   346.090    50.760   -17.450    0     119.820099      -0.437900
    -15.00    -15.00      26.003710       0.012397       0.012397        11      10.0      11.0       0.552796   352.300    80.910    50.190    0     119.898956      -0.389880
    -15.00    -10.00      21.335800       0.077035       0.077035        11      10.0      11.0       0.552796   346.120     8.350    20.960    0     119.882874      -0.390440
    -15.00     -5.00      16.667900       0.099726       0.099726        11      10.0      11.0       0.552796   352.070    31.750     5.860    0     119.866791      -0.391010
    -15.00      0.00      12.000000       0.130702       0.130702        11      10.0      11.0       0.552796   348.620    28.390     5.750    0     119.850700      -0.391570
    -15.00      5.00       7.332100       0.093042       0.093042        11      10.0      11.0       0.552796     1.440    88.430   -33.550    0     119.834618      -0.392140
    -15.00     10.00       2.664200       0.118774       0.118774        11      10.0      11.0       0.552796   359.390    80.650   -40.110    0     119.818527      -0.392700
    -10.00    -15.00      26.003710       0.073228       0.073228        11      10.0      11.0       0.552796   106.360    61.190    93.200    1     119.897392      -0.344690
    -10.00    -10.00      21.335800       0.033283       0.033283        11      10.0      11.0       0.552796   134.150    85.650   -83.220    0     119.881310      -0.345250
    -10.00     -5.00      16.667900       0.010163       0.010163        11      10.0      11.0       0.552796   148.540    61.050   -55.840    0     119.865219      -0.345820
    -10.00      0.00      12.000000       0.010733       0.010733        11      10.0      11.0       0.552796     1.790    85.060    -2.990    0     119.849129      -0.346380
    -10.00      5.00       7.332100       0.014738       0.014738        11      10.0      11.0       0.552796     7.240    89.990   -60.110    0     119.833054      -0.346950
    -10.00     10.00       2.664200       0.056648       0.056648        11      10.0      11.0       0.552796     4.850    86.840   -49.850    0     119.816963      -0.347510
     -5.00    -15.00      26.003710       0.093730       0.093730        11      10.0      11.0       0.552796   166.630    76.510    98.340    0     119.895828      -0.299500
     -5.00    -10.00      21.335800       0.008978       0.008978        11      10.0      11.0       0.552796   194.090    75.730    55.970    0     119.879738      -0.300060
     -5.00     -5.00      16.667900       0.000000       0.000000        11      10.0      11.0       0.552796   180.000    45.000    90.000    0     119.863647      -0.300630
     -5.00      0.00      12.000000       0.000000       0.000000        11      10.0      11.0       0.552796   180.000    45.000    90.000    0     119.847572      -0.301190
     -5.00      5.00       7.332100       0.000000       0.000000        11      10.0      11.0       0.552796   180.000    45.000    90.000    0     119.831482      -0.301760
     -5.00     10.00       2.664200       0.015585       0.015585        11      10.0      11.0       0.552796   200.290    84.150    60.440    0     119.815399      -0.302320
      0.00    -15.00      26.003710       0.122215       0.122215        11      10.0      11.0       0.552796   210.740    83.210    85.100    0     119.894257      -0.254300
      0.00    -10.00      21.335800       0.007588       0.007588        11      10.0      11.0       0.552796     4.900    85.520   -43.310    0     119.878166      -0.254870
      0.00     -5.00      16.667900       0.000000       0.000000        11      10.0      11.0       0.552796   180.000    45.000    90.000    0     119.862091      -0.255430
      0.00      0.00      12.000000       0.000000       0.000000        11      10.0      11.0       0.552796   180.000    45.000    90.000    0     119.846001      -0.256000
      0.00      5.00       7.332100       0.000000       0.000000        11      10.0      11.0       0.552796   180.000    45.000    90.000    0     119.829910      -0.256570
      0.00     10.00       2.664200       0.013134       0.013134        11      10.0      11.0       0.552796   192.810    87.230    53.820    0     119.813828      -0.257130
      5.00    -15.00      26.003710       0.073277       0.073277        11      10.0      11.0       0.552796   214.260    80.300    75.320    0     119.892693      -0.209110
      5.00    -10.00      21.335800       0.007467       0.007467        11      10.0      11.0       0.552796   211.470    39.720    36.800    0     119.876602      -0.209680
      5.00     -5.00      16.667900       0.000000       0.000000        11      10.0      11.0       0.552796   180.000    45.000    90.000    0     119.860519      -0.210240
      5.00      0.00      12.000000       0.000000       0.000000        11      10.0      11.0       0.552796   180.000    45.000    90.000    0     119.844429      -0.210810
      5.00      5.00       7.332100       0.000000       0.000000        11      10.0      11.0       0.552796   180.000    45.000    90.000    0     119.828346      -0.211370
      5.00     10.00       2.664200       0.011304       0.011304        11      10.0      11.0       0.552796   359.040    87.120   -41.380    0     119.812263      -0.211940
     10.00    -15.00      26.003710       0.039903       0.039903        11      10.0      11.0       0.552796   112.320    60.620   115.130    1     119.891121      -0.163920
     10.00    -10.00      21.335800       0.022706       0.022706        11      10.0      11.0       0.552796    63.130    79.130    91.910    1     119.875038      -0.164490
     10.00     -5.00      16.667900       0.021894       0.021894        11      10.0      11.0       0.552796   122.620    32.340   -55.310    1     119.858948      -0.165050
     10.00      0.00      12.000000       0.015332       0.015332        11      10.0      11.0       0.552796   163.590    46.230   -22.970    0     119.842873      -0.165620
     10.00      5.00       7.332100       0.016124       0.016124        11      10.0      11.0       0.552796    62.220    14.400   102.540    1     119.826782      -0.166180
     10.00     10.00       2.664200       0.033989       0.033989        11      10.0      11.0       0.552796     0.210    86.510   -25.200    0     119.810692      -0.166750
     15.00    -15.00      26.003710       0.057146       0.057146        11      10.0      11.0       0.552796    91.130    40.540    98.170    1     119.889549      -0.118730
     15.00    -10.00      21.335800       0.056659       0.056659        11      10.0      11.0       0.552796   101.700    46.050   133.890    1     119.873466      -0.119300
     15.00     -5.00      16.667900       0.046579       0.046579        11      10.0      11.0       0.552796   192.440    52.430    16.280    0     119.857384      -0.119860
     15.00      0.00      12.000000       0.084086       0.084086        11      10.0      11.0       0.552796   163.060    29.080   -41.420    0     119.841301      -0.120430
     15.00      5.00       7.332100       0.086144       0.086144        11      10.0      11.0       0.552796   179.150    66.790   -14.860    0     119.825218      -0.120990
     15.00     10.00       2.664200       0.076211       0.076211        11      10.0      11.0       0.552796   178.440    88.520     7.820    0     119.809128      -0.121560
     20.00    -15.00      26.003710       0.083316       0.083316        11      10.0      11.0       0.552796    78.830    34.930    87.060    1     119.887978      -0.073540
     20.00    -10.00      21.335800       0.112998       0.112998        11      10.0      11.0       0.552796   104.210    49.510   133.290    1     119.871902      -0.074100
     20.00     -5.00      16.667900       0.105655       0.105655        11      10.0      11.0       0.552796   208.720    61.300    31.150    0     119.855812      -0.074670
     20.00      0.00      12.000000       0.119214       0.119214        11      10.0      11.0       0.552796   355.070    82.900   -48.120    0     119.839737      -0.075240
     20.00      5.00       7.332100       0.149162       0.149162        11      10.0      11.0       0.552796   350.630    71.370   -36.450    0     119.823647      -0.075800
     20.00     10.00       2.664200       0.147220       0.147220        11      10.0      11.0       0.552796   349.520    68.310   -31.820    0     119.807564      -0.076370
     25.00    -15.00      26.003710       0.093414       0.093414        11      10.0      11.0       0.552796    78.060    31.790    88.080    1     119.886414      -0.028350
     25.00    -10.00      21.335800       0.139408       0.139408        11      10.0      11.0       0.552796   107.060    44.140   137.120    1     119.870331      -0.028910
     25.00     -5.00      16.667900       0.145053       0.145053        11      10.0      11.0       0.552796   212.670    68.510    41.150    0     119.854240      -0.029480
     25.00      0.00      12.000000       0.162321       0.162321        11      10.0      11.0       0.552796   194.140    85.240    46.000    0     119.838173      -0.030050
     25.00      5.00       7.332100       0.194554       0.194554        11      10.0      11.0       0.552796     1.860    80.430   -40.340    0     119.822083      -0.030610
     25.00     10.00       2.664200       0.190115       0.190115        11      10.0      11.0       0.552796   354.370    69.030   -28.170    0     119.806000      -0.031180
     30.00    -15.00      26.003710       0.099263       0.099263        11      10.0      11.0       0.552796    77.980    33.520    89.030    1     119.884850       0.016840
     30.00    -10.00      21.335800       0.148838       0.148838        11      10.0      11.0       0.552796   101.190    36.310   125.650    1     119.868759       0.016280
     30.00     -5.00      16.667900       0.175362       0.175362        11      10.0      11.0       0.552796   222.630    66.560    55.180    0     119.852669       0.015710
     30.00      0.00      12.000000       0.196595       0.196595        11      10.0      11.0       0.552796   218.020    70.370    65.340    0     119.836601       0.015150
     30.00      5.00       7.332100       0.232338       0.232338        11      10.0      11.0       0.552796    68.410    16.820   113.640    1     119.820518       0.014580
     30.00     10.00       2.664200       0.235346       0.235346        11      10.0      11.0       0.552796    29.270    15.430    65.930    0     119.804428       0.014020
     35.00    -15.00      26.003710       0.088259       0.088259        11      10.0      11.0       0.552796    71.840    43.640    81.550    1     119.883278       0.062030
     35.00    -10.00      21.335800       0.141200       0.141200        11      10.0      11.0       0.552796    84.390    36.190    98.500    1     119.867188       0.061470
     35.00     -5.00      16.667900       0.203746       0.203746        11      10.0      11.0       0.552796    90.730    34.590   116.430    1     119.851097       0.060900
     35.00      0.00      12.000000       0.238144       0.238144        11      10.0      11.0       0.552796    70.400    26.650    99.600    1     119.835037       0.060340
     35.00      5.00       7.332100       0.277155       0.277155        11      10.0      11.0       0.552796    50.280    20.360    82.180    1     119.818947       0.059770
     35.00     10.00       2.664200       0.282928       0.282928        11      10.0      11.0       0.552796    42.790    17.900    75.980    0     119.802856       0.059210
     40.00    -15.00      26.003710       0.081333       0.081333        11      10.0      11.0       0.552796    67.270    57.130    81.030    1     119.881706       0.107230
     40.00    -10.00      21.335800       0.145321       0.145321        11      10.0      11.0       0.552796    71.250    43.260    78.500    1     119.865623       0.106660
     40.00     -5.00      16.667900       0.222702       0.222702        11      10.0      11.0       0.552796    78.750    35.840    93.000    1     119.849533       0.106090
     40.00      0.00      12.000000       0.275185       0.275185        11      10.0      11.0       0.552796    65.640    26.740    85.180    1     119.833473       0.105530
     40.00      5.00       7.332100       0.300527       0.300527        11      10.0      11.0       0.552796    55.040    23.810    79.600    1     119.817390       0.104960
     40.00     10.00       2.664200       0.295701       0.295701        11      10.0      11.0       0.552796    51.870    20.330    81.290    1     119.801300       0.104400
     45.00    -15.00      26.003710       0.087707       0.087707        11      10.0      11.0       0.552796    63.800    69.100    83.750    1     119.880142       0.152420
     45.00    -10.00      21.335800       0.149847       0.149847        11      10.0      11.0       0.552796    67.250    52.910    73.680    1     119.864052       0.151850
     45.00     -5.00      16.667900       0.217179       0.217179        11      10.0      11.0       0.552796    74.580    40.150    81.570    1     119.847961       0.151280
     45.00      0.00      12.000000       0.270734       0.270734        11      10.0      11.0       0.552796    70.080    26.800    83.350    1     119.831909       0.150720
     45.00      5.00       7.332100       0.276081       0.276081        11      10.0      11.0       0.552796    59.580    26.540    77.380    1     119.815819       0.150150
     45.00     10.00       2.664200       0.257741       0.257741        11      10.0      11.0       0.552796    59.200    22.910    85.020    1     119.799728       0.149590
     50.00    -15.00      26.003710       0.069162       0.069162        11      10.0      11.0       0.552796    57.920    78.560    90.360    1     119.878571       0.197610
     50.00    -10.00      21.335800       0.120891       0.120891        11      10.0      11.0       0.552796    66.250    59.780    74.800    1     119.862480       0.197040
     50.00     -5.00      16.667900       0.152662       0.152662        11      10.0      11.0       0.552796    76.230    43.530    79.630    1     119.846390       0.196470
     50.00      0.00      12.000000       0.189566       0.189566        11      10.0      11.0       0.552796    77.090    27.480    85.910    1     119.830338       0.195910
     50.00      5.00       7.332100       0.180470       0.180470        11      10.0      11.0       0.552796    61.120    27.770    73.610    1     119.814247       0.195340
     50.00     10.00       2.664200       0.155981       0.155981        11      10.0      11.0       0.552796    63.790    25.400    86.570    1     119.798172       0.194780
