      xloc      yloc          depth         ave SR         max SR         #     start       end     max SR all       str       dip      rake flag
   -185.00    -15.00      26.003710       0.000000       0.000000         9       8.0       9.0       0.552796   180.000    45.000    90.000    0     119.952240      -1.926360
   -185.00    -10.00      21.335800       0.000000       0.000000         9       8.0       9.0       0.552796   180.000    45.000    90.000    0     119.936150      -1.926930
   -185.00     -5.00      16.667900       0.000000       0.000000         9       8.0       9.0       0.552796   180.000    45.000    90.000    0     119.920059      -1.927490
   -185.00      0.00      12.000000       0.000000       0.000000         9       8.0       9.0       0.552796   180.000    45.000    90.000    0     119.903961      -1.928060
   -185.00      5.00       7.332100       0.000000       0.000000         9       8.0       9.0       0.552796   180.000    45.000    90.000    0     119.887871      -1.928620
   -185.00     10.00       2.664200       0.000000       0.000000         9       8.0       9.0       0.552796   180.000    45.000    90.000    0     119.871780      -1.929190
   -180.00    -15.00      26.003710       0.000000       0.000000         9       8.0       9.0       0.552796   180.000    45.000    90.000    0     119.950684      -1.881170
   -180.00    -10.00      21.335800       0.000000       0.000000         9       8.0       9.0       0.552796   180.000    45.000    90.000    0     119.934578      -1.881740
   -180.00     -5.00      16.667900       0.000000       0.000000         9       8.0       9.0       0.552796   180.000    45.000    90.000    0     119.918488      -1.882300
   -180.00      0.00      12.000000       0.000000       0.000000         9       8.0       9.0       0.552796   180.000    45.000    90.000    0     119.902397      -1.882870
   -180.00      5.00       7.332100       0.000000       0.000000         9       8.0       9.0       0.552796   180.000    45.000    90.000    0     119.886299      -1.883430
   -180.00     10.00       2.664200       0.000000       0.000000         9       8.0       9.0       0.552796   180.000    45.000    90.000    0     119.870209      -1.884000
   -175.00    -15.00      26.003710       0.000000       0.000000         9       8.0       9.0       0.552796   180.000    45.000    90.000    0     119.949112      -1.835980
   -175.00    -10.00      21.335800       0.000000       0.000000         9       8.0       9.0       0.552796   180.000    45.000    90.000    0     119.933006      -1.836550
   -175.00     -5.00      16.667900       0.000000       0.000000         9       8.0       9.0       0.552796   180.000    45.000    90.000    0     119.916924      -1.837110
   -175.00      0.00      12.000000       0.000000       0.000000         9       8.0       9.0       0.552796   180.000    45.000    90.000    0     119.900833      -1.837680
   -175.00      5.00       7.332100       0.000000       0.000000         9       8.0       9.0       0.552796   180.000    45.000    90.000    0     119.884743      -1.838240
   -175.00     10.00       2.664200       0.000000       0.000000         9       8.0       9.0       0.552796   180.000    45.000    90.000    0     119.868637      -1.838810
   -170.00    -15.00      26.003710       0.000000       0.000000         9       8.0       9.0       0.552796   180.000    45.000    90.000    0     119.947540      -1.790790
   -170.00    -10.00      21.335800       0.000000       0.000000         9       8.0       9.0       0.552796   180.000    45.000    90.000    0     119.931450      -1.791360
   -170.00     -5.00      16.667900       0.000000       0.000000         9       8.0       9.0       0.552796   180.000    45.000    90.000    0     119.915352      -1.791920
   -170.00      0.00      12.000000       0.000000       0.000000         9       8.0       9.0       0.552796   180.000    45.000    90.000    0     119.899261      -1.792490
   -170.00      5.00       7.332100       0.000000       0.000000         9       8.0       9.0       0.552796   180.000    45.000    90.000    0     119.883171      -1.793050
   -170.00     10.00       2.664200       0.000000       0.000000         9       8.0       9.0       0.552796   180.000    45.000    90.000    0     119.867081      -1.793620
   -165.00    -15.00      26.003710       0.000000       0.000000         9       8.0       9.0       0.552796   180.000    45.000    90.000    0     119.945969      -1.745600
   -165.00    -10.00      21.335800       0.000000       0.000000         9       8.0       9.0       0.552796   180.000    45.000    90.000    0     119.929878      -1.746170
   -165.00     -5.00      16.667900       0.000000       0.000000         9       8.0       9.0       0.552796   180.000    45.000    90.000    0     119.913788      -1.746730
   -165.00      0.00      12.000000       0.000000       0.000000         9       8.0       9.0       0.552796   180.000    45.000    90.000    0     119.897690      -1.747300
   -165.00      5.00       7.332100       0.000000       0.000000         9       8.0       9.0       0.552796   180.000    45.000    90.000    0     119.881599      -1.747860
   -165.00     10.00       2.664200       0.000000       0.000000         9       8.0       9.0       0.552796   180.000    45.000    90.000    0     119.865509      -1.748430
   -160.00    -15.00      26.003710       0.000000       0.000000         9       8.0       9.0       0.552796   180.000    45.000    90.000    0     119.944397      -1.700410
   -160.00    -10.00      21.335800       0.000000       0.000000         9       8.0       9.0       0.552796   180.000    45.000    90.000    0     119.928307      -1.700980
   -160.00     -5.00      16.667900       0.000000       0.000000         9       8.0       9.0       0.552796   180.000    45.000    90.000    0     119.912216      -1.701540
   -160.00      0.00      12.000000       0.000000       0.000000         9       8.0       9.0       0.552796   180.000    45.000    90.000    0     119.896133      -1.702110
   -160.00      5.00       7.332100       0.000000       0.000000         9       8.0       9.0       0.552796   180.000    45.000    90.000    0     119.880028      -1.702670
   -160.00     10.00       2.664200       0.000000       0.000000         9       8.0       9.0       0.552796   180.000    45.000    90.000    0     119.863937      -1.703240
   -155.00    -15.00      26.003710       0.000000       0.000000         9       8.0       9.0       0.552796   180.000    45.000    90.000    0     119.942841      -1.655220
   -155.00    -10.00      21.335800       0.000000       0.000000         9       8.0       9.0       0.552796   180.000    45.000    90.000    0     119.926743      -1.655790
   -155.00     -5.00      16.667900       0.000000       0.000000         9       8.0       9.0       0.552796   180.000    45.000    90.000    0     119.910652      -1.656350
   -155.00      0.00      12.000000       0.000000       0.000000         9       8.0       9.0       0.552796   180.000    45.000    90.000    0     119.894562      -1.656920
   -155.00      5.00       7.332100       0.000000       0.000000         9       8.0       9.0       0.552796   180.000    45.000    90.000    0     119.878471      -1.657480
   -155.00     10.00       2.664200       0.000000       0.000000         9       8.0       9.0       0.552796   180.000    45.000    90.000    0     119.862373      -1.658050
   -150.00    -15.00      26.003710       0.000000       0.000000         9       8.0       9.0       0.552796   180.000    45.000    90.000    0     119.941269      -1.610030
   -150.00    -10.00      21.335800       0.000000       0.000000         9       8.0       9.0       0.552796   180.000    45.000    90.000    0     119.925179      -1.610590
   -150.00     -5.00      16.667900       0.000000       0.000000         9       8.0       9.0       0.552796   180.000    45.000    90.000    0     119.909081      -1.611160
   -150.00      0.00      12.000000       0.000000       0.000000         9       8.0       9.0       0.552796   180.000    45.000    90.000    0     119.892990      -1.611730
   -150.00      5.00       7.332100       0.000000       0.000000         9       8.0       9.0       0.552796   180.000    45.000    90.000    0     119.876900      -1.612290
   -150.00     10.00       2.664200       0.000000       0.000000         9       8.0       9.0       0.552796   180.000    45.000    90.000    0     119.860809      -1.612860
   -145.00    -15.00      26.003710       0.000000       0.000000         9       8.0       9.0       0.552796   180.000    45.000    90.000    0     119.939697      -1.564840
   -145.00    -10.00      21.335800       0.000000       0.000000         9       8.0       9.0       0.552796   180.000    45.000    90.000    0     119.923607      -1.565400
   -145.00     -5.00      16.667900       0.000000       0.000000         9       8.0       9.0       0.552796   180.000    45.000    90.000    0     119.907516      -1.565970
   -145.00      0.00      12.000000       0.000000       0.000000         9       8.0       9.0       0.552796   180.000    45.000    90.000    0     119.891418      -1.566530
   -145.00      5.00       7.332100       0.000000       0.000000         9       8.0       9.0       0.552796   180.000    45.000    90.000    0     119.875328      -1.567100
   -145.00     10.00       2.664200       0.000000       0.000000         9       8.0       9.0       0.552796   180.000    45.000    90.000    0     119.859238      -1.567660
   -140.00    -15.00      26.003710       0.000000       0.000000         9       8.0       9.0       0.552796   180.000    45.000    90.000    0     119.938133      -1.519650
   -140.00    -10.00      21.335800       0.000000       0.000000         9       8.0       9.0       0.552796   180.000    45.000    90.000    0     119.922043      -1.520210
   -140.00     -5.00      16.667900       0.000000       0.000000         9       8.0       9.0       0.552796   180.000    45.000    90.000    0     119.905952      -1.520780
   -140.00      0.00      12.000000       0.000000       0.000000         9       8.0       9.0       0.552796   180.000    45.000    90.000    0     119.889862      -1.521340
   -140.00      5.00       7.332100       0.000000       0.000000         9       8.0       9.0       0.552796   180.000    45.000    90.000    0     119.873772      -1.521910
   -140.00     10.00       2.664200       0.000000       0.000000         9       8.0       9.0       0.552796   180.000    45.000    90.000    0     119.857681      -1.522470
   -135.00    -15.00      26.003710       0.000000       0.000000         9       8.0       9.0       0.552796   180.000    45.000    90.000    0     119.936562      -1.474460
   -135.00    -10.00      21.335800       0.000000       0.000000         9       8.0       9.0       0.552796   180.000    45.000    90.000    0     119.920471      -1.475020
   -135.00     -5.00      16.667900       0.000000       0.000000         9       8.0       9.0       0.552796   180.000    45.000    90.000    0     119.904381      -1.475590
   -135.00      0.00      12.000000       0.000000       0.000000         9       8.0       9.0       0.552796   180.000    45.000    90.000    0     119.888290      -1.476150
   -135.00      5.00       7.332100       0.000000       0.000000         9       8.0       9.0       0.552796   180.000    45.000    90.000    0     119.872200      -1.476720
   -135.00     10.00       2.664200       0.000000       0.000000         9       8.0       9.0       0.552796   180.000    45.000    90.000    0     119.856110      -1.477280
   -130.00    -15.00      26.003710       0.000000       0.000000         9       8.0       9.0       0.552796   180.000    45.000    90.000    0     119.934998      -1.429270
   -130.00    -10.00      21.335800       0.000000       0.000000         9       8.0       9.0       0.552796   180.000    45.000    90.000    0     119.918907      -1.429830
   -130.00     -5.00      16.667900       0.000000       0.000000         9       8.0       9.0       0.552796   180.000    45.000    90.000    0     119.902809      -1.430400
   -130.00      0.00      12.000000       0.000000       0.000000         9       8.0       9.0       0.552796   180.000    45.000    90.000    0     119.886719      -1.430960
   -130.00      5.00       7.332100       0.000000       0.000000         9       8.0       9.0       0.552796   180.000    45.000    90.000    0     119.870628      -1.431530
   -130.00     10.00       2.664200       0.000000       0.000000         9       8.0       9.0       0.552796   180.000    45.000    90.000    0     119.854538      -1.432090
   -125.00    -15.00      26.003710       0.000000       0.000000         9       8.0       9.0       0.552796   180.000    45.000    90.000    0     119.933434      -1.384080
   -125.00    -10.00      21.335800       0.000000       0.000000         9       8.0       9.0       0.552796   180.000    45.000    90.000    0     119.917343      -1.384640
   -125.00     -5.00      16.667900       0.000000       0.000000         9       8.0       9.0       0.552796   180.000    45.000    90.000    0     119.901253      -1.385210
   -125.00      0.00      12.000000       0.000000       0.000000         9       8.0       9.0       0.552796   180.000    45.000    90.000    0     119.885162      -1.385770
   -125.00      5.00       7.332100       0.000000       0.000000         9       8.0       9.0       0.552796   180.000    45.000    90.000    0     119.869072      -1.386340
   -125.00     10.00       2.664200       0.000000       0.000000         9       8.0       9.0       0.552796   180.000    45.000    90.000    0     119.852982      -1.386900
   -120.00    -15.00      26.003710       0.000000       0.000000         9       8.0       9.0       0.552796   180.000    45.000    90.000    0     119.931862      -1.338890
   -120.00    -10.00      21.335800       0.000000       0.000000         9       8.0       9.0       0.552796   180.000    45.000    90.000    0     119.915771      -1.339450
   -120.00     -5.00      16.667900       0.000000       0.000000         9       8.0       9.0       0.552796   180.000    45.000    90.000    0     119.899681      -1.340020
   -120.00      0.00      12.000000       0.000000       0.000000         9       8.0       9.0       0.552796   180.000    45.000    90.000    0     119.883591      -1.340580
   -120.00      5.00       7.332100       0.000000       0.000000         9       8.0       9.0       0.552796   180.000    45.000    90.000    0     119.867500      -1.341150
   -120.00     10.00       2.664200       0.000000       0.000000         9       8.0       9.0       0.552796   180.000    45.000    90.000    0     119.851410      -1.341710
   -115.00    -15.00      26.003710       0.000000       0.000000         9       8.0       9.0       0.552796   180.000    45.000    90.000    0     119.930290      -1.293690
   -115.00    -10.00      21.335800       0.000000       0.000000         9       8.0       9.0       0.552796   180.000    45.000    90.000    0     119.914200      -1.294260
   -115.00     -5.00      16.667900       0.000000       0.000000         9       8.0       9.0       0.552796   180.000    45.000    90.000    0     119.898109      -1.294830
   -115.00      0.00      12.000000       0.000000       0.000000         9       8.0       9.0       0.552796   180.000    45.000    90.000    0     119.882019      -1.295390
   -115.00      5.00       7.332100       0.000000       0.000000         9       8.0       9.0       0.552796   180.000    45.000    90.000    0     119.865929      -1.295960
   -115.00     10.00       2.664200       0.000000       0.000000         9       8.0       9.0       0.552796   180.000    45.000    90.000    0     119.849838      -1.296520
   -110.00    -15.00      26.003710       0.000000       0.000000         9       8.0       9.0       0.552796   180.000    45.000    90.000    0     119.928726      -1.248500
   -110.00    -10.00      21.335800       0.000000       0.000000         9       8.0       9.0       0.552796   180.000    45.000    90.000    0     119.912643      -1.249070
   -110.00     -5.00      16.667900       0.000000       0.000000         9       8.0       9.0       0.552796   180.000    45.000    90.000    0     119.896553      -1.249630
   -110.00      0.00      12.000000       0.000000       0.000000         9       8.0       9.0       0.552796   180.000    45.000    90.000    0     119.880463      -1.250200
   -110.00      5.00       7.332100       0.000000       0.000000         9       8.0       9.0       0.552796   180.000    45.000    90.000    0     119.864372      -1.250760
   -110.00     10.00       2.664200       0.000000       0.000000         9       8.0       9.0       0.552796   180.000    45.000    90.000    0     119.848282      -1.251330
   -105.00    -15.00      26.003710       0.000000       0.000000         9       8.0       9.0       0.552796   180.000    45.000    90.000    0     119.927162      -1.203310
   -105.00    -10.00      21.335800       0.000000       0.000000         9       8.0       9.0       0.552796   180.000    45.000    90.000    0     119.911072      -1.203880
   -105.00     -5.00      16.667900       0.000000       0.000000         9       8.0       9.0       0.552796   180.000    45.000    90.000    0     119.894981      -1.204440
   -105.00      0.00      12.000000       0.000000       0.000000         9       8.0       9.0       0.552796   180.000    45.000    90.000    0     119.878891      -1.205010
   -105.00      5.00       7.332100       0.000000       0.000000         9       8.0       9.0       0.552796   180.000    45.000    90.000    0     119.862801      -1.205570
   -105.00     10.00       2.664200       0.000000       0.000000         9       8.0       9.0       0.552796   180.000    45.000    90.000    0     119.846710      -1.206140
   -100.00    -15.00      26.003710       0.000000       0.000000         9       8.0       9.0       0.552796   180.000    45.000    90.000    0     119.925591      -1.158120
   -100.00    -10.00      21.335800       0.000000       0.000000         9       8.0       9.0       0.552796   180.000    45.000    90.000    0     119.909500      -1.158690
   -100.00     -5.00      16.667900       0.000000       0.000000         9       8.0       9.0       0.552796   180.000    45.000    90.000    0     119.893410      -1.159250
   -100.00      0.00      12.000000       0.000000       0.000000         9       8.0       9.0       0.552796   180.000    45.000    90.000    0     119.877319      -1.159820
   -100.00      5.00       7.332100       0.000000       0.000000         9       8.0       9.0       0.552796   180.000    45.000    90.000    0     119.861229      -1.160380
   -100.00     10.00       2.664200       0.000000       0.000000         9       8.0       9.0       0.552796   180.000    45.000    90.000    0     119.845207      -1.160950
    -95.00    -15.00      26.003710       0.000000       0.000000         9       8.0       9.0       0.552796   180.000    45.000    90.000    0     119.924026      -1.112930
    -95.00    -10.00      21.335800       0.000000       0.000000         9       8.0       9.0       0.552796   180.000    45.000    90.000    0     119.907944      -1.113500
    -95.00     -5.00      16.667900       0.000000       0.000000         9       8.0       9.0       0.552796   180.000    45.000    90.000    0     119.891853      -1.114060
    -95.00      0.00      12.000000       0.000000       0.000000         9       8.0       9.0       0.552796   180.000    45.000    90.000    0     119.875763      -1.114630
    -95.00      5.00       7.332100       0.000000       0.000000         9       8.0       9.0       0.552796   180.000    45.000    90.000    0     119.859673      -1.115190
    -95.00     10.00       2.664200       0.000000       0.000000         9       8.0       9.0       0.552796   180.000    45.000    90.000    0     119.843643      -1.115760
    -90.00    -15.00      26.003710       0.000000       0.000000         9       8.0       9.0       0.552796   180.000    45.000    90.000    0     119.922462      -1.067740
    -90.00    -10.00      21.335800       0.000000       0.000000         9       8.0       9.0       0.552796   180.000    45.000    90.000    0     119.906372      -1.068310
    -90.00     -5.00      16.667900       0.000000       0.000000         9       8.0       9.0       0.552796   180.000    45.000    90.000    0     119.890282      -1.068870
    -90.00      0.00      12.000000       0.000000       0.000000         9       8.0       9.0       0.552796   180.000    45.000    90.000    0     119.874191      -1.069440
    -90.00      5.00       7.332100       0.000000       0.000000         9       8.0       9.0       0.552796   180.000    45.000    90.000    0     119.858101      -1.070000
    -90.00     10.00       2.664200       0.000000       0.000000         9       8.0       9.0       0.552796   180.000    45.000    90.000    0     119.842072      -1.070570
    -85.00    -15.00      26.003710       0.000000       0.000000         9       8.0       9.0       0.552796   180.000    45.000    90.000    0     119.920891      -1.022550
    -85.00    -10.00      21.335800       0.000000       0.000000         9       8.0       9.0       0.552796   180.000    45.000    90.000    0     119.904800      -1.023120
    -85.00     -5.00      16.667900       0.000000       0.000000         9       8.0       9.0       0.552796   180.000    45.000    90.000    0     119.888710      -1.023680
    -85.00      0.00      12.000000       0.000000       0.000000         9       8.0       9.0       0.552796   180.000    45.000    90.000    0     119.872620      -1.024250
    -85.00      5.00       7.332100       0.000000       0.000000         9       8.0       9.0       0.552796   180.000    45.000    90.000    0     119.856537      -1.024810
    -85.00     10.00       2.664200       0.000000       0.000000         9       8.0       9.0       0.552796   180.000    45.000    90.000    0     119.840500      -1.025380
    -80.00    -15.00      26.003710       0.000000       0.000000         9       8.0       9.0       0.552796   180.000    45.000    90.000    0     119.919319      -0.977360
    -80.00    -10.00      21.335800       0.000000       0.000000         9       8.0       9.0       0.552796   180.000    45.000    90.000    0     119.903236      -0.977920
    -80.00     -5.00      16.667900       0.000000       0.000000         9       8.0       9.0       0.552796   180.000    45.000    90.000    0     119.887154      -0.978490
    -80.00      0.00      12.000000       0.000000       0.000000         9       8.0       9.0       0.552796   180.000    45.000    90.000    0     119.871063      -0.979050
    -80.00      5.00       7.332100       0.000000       0.000000         9       8.0       9.0       0.552796   180.000    45.000    90.000    0     119.854973      -0.979620
    -80.00     10.00       2.664200       0.000000       0.000000         9       8.0       9.0       0.552796   180.000    45.000    90.000    0     119.838928      -0.980190
    -75.00    -15.00      26.003710       0.000000       0.000000         9       8.0       9.0       0.552796   180.000    45.000    90.000    0     119.917763      -0.932170
    -75.00    -10.00      21.335800       0.000000       0.000000         9       8.0       9.0       0.552796   180.000    45.000    90.000    0     119.901672      -0.932730
    -75.00     -5.00      16.667900       0.000000       0.000000         9       8.0       9.0       0.552796   180.000    45.000    90.000    0     119.885582      -0.933300
    -75.00      0.00      12.000000       0.000000       0.000000         9       8.0       9.0       0.552796   180.000    45.000    90.000    0     119.869492      -0.933860
    -75.00      5.00       7.332100       0.000000       0.000000         9       8.0       9.0       0.552796   180.000    45.000    90.000    0     119.853401      -0.934430
    -75.00     10.00       2.664200       0.000000       0.000000         9       8.0       9.0       0.552796   180.000    45.000    90.000    0     119.837357      -0.934990
    -70.00    -15.00      26.003710       0.000000       0.000000         9       8.0       9.0       0.552796   180.000    45.000    90.000    0     119.916191      -0.886980
    -70.00    -10.00      21.335800       0.000000       0.000000         9       8.0       9.0       0.552796   180.000    45.000    90.000    0     119.900101      -0.887540
    -70.00     -5.00      16.667900       0.000000       0.000000         9       8.0       9.0       0.552796   180.000    45.000    90.000    0     119.884010      -0.888110
    -70.00      0.00      12.000000       0.000000       0.000000         9       8.0       9.0       0.552796   180.000    45.000    90.000    0     119.867928      -0.888670
    -70.00      5.00       7.332100       0.000000       0.000000         9       8.0       9.0       0.552796   180.000    45.000    90.000    0     119.851837      -0.889240
    -70.00     10.00       2.664200       0.000000       0.000000         9       8.0       9.0       0.552796   180.000    45.000    90.000    0     119.835793      -0.889800
    -65.00    -15.00      26.003710       0.000000       0.000000         9       8.0       9.0       0.552796   180.000    45.000    90.000    0     119.914619      -0.841790
    -65.00    -10.00      21.335800       0.000000       0.000000         9       8.0       9.0       0.552796   180.000    45.000    90.000    0     119.898537      -0.842350
    -65.00     -5.00      16.667900       0.000000       0.000000         9       8.0       9.0       0.552796   180.000    45.000    90.000    0     119.882446      -0.842920
    -65.00      0.00      12.000000       0.000000       0.000000         9       8.0       9.0       0.552796   180.000    45.000    90.000    0     119.866364      -0.843480
    -65.00      5.00       7.332100       0.000000       0.000000         9       8.0       9.0       0.552796   180.000    45.000    90.000    0     119.850273      -0.844050
    -65.00     10.00       2.664200       0.000000       0.000000         9       8.0       9.0       0.552796   180.000    45.000    90.000    0     119.834221      -0.844610
    -60.00    -15.00      26.003710       0.000000       0.000000         9       8.0       9.0       0.552796   180.000    45.000    90.000    0     119.913063      -0.796600
    -60.00    -10.00      21.335800       0.000000       0.000000         9       8.0       9.0       0.552796   180.000    45.000    90.000    0     119.896973      -0.797160
    -60.00     -5.00      16.667900       0.000000       0.000000         9       8.0       9.0       0.552796   180.000    45.000    90.000    0     119.880882      -0.797730
    -60.00      0.00      12.000000       0.000000       0.000000         9       8.0       9.0       0.552796   180.000    45.000    90.000    0     119.864792      -0.798290
    -60.00      5.00       7.332100       0.000000       0.000000         9       8.0       9.0       0.552796   180.000    45.000    90.000    0     119.848701      -0.798860
    -60.00     10.00       2.664200       0.000000       0.000000         9       8.0       9.0       0.552796   180.000    45.000    90.000    0     119.832657      -0.799420
    -55.00    -15.00      26.003710       0.027200       0.027200         9       8.0       9.0       0.552796   109.510    40.800   -80.310    1     119.911491      -0.751410
    -55.00    -10.00      21.335800       0.074692       0.074692         9       8.0       9.0       0.552796   320.480    55.970   -50.730    0     119.895401      -0.751970
    -55.00     -5.00      16.667900       0.055635       0.055635         9       8.0       9.0       0.552796   159.070    65.250   -23.240    0     119.879311      -0.752540
    -55.00      0.00      12.000000       0.090036       0.090036         9       8.0       9.0       0.552796   102.350    44.400  -101.430    1     119.863228      -0.753100
    -55.00      5.00       7.332100       0.114155       0.114155         9       8.0       9.0       0.552796   108.080    60.860   -89.210    1     119.847137      -0.753670
    -55.00     10.00       2.664200       0.086927       0.086927         9       8.0       9.0       0.552796   330.620    41.530   -25.680    0     119.831093      -0.754230
    -50.00    -15.00      26.003710       0.076786       0.076786         9       8.0       9.0       0.552796   132.390    63.870   -75.860    1     119.909920      -0.706210
    -50.00    -10.00      21.335800       0.103935       0.103935         9       8.0       9.0       0.552796   344.750    80.920   -11.370    0     119.893837      -0.706780
    -50.00     -5.00      16.667900       0.160270       0.160270         9       8.0       9.0       0.552796   333.420    58.270   -31.730    0     119.877747      -0.707340
    -50.00      0.00      12.000000       0.176176       0.176176         9       8.0       9.0       0.552796   332.630    56.410   -29.600    0     119.861656      -0.707910
    -50.00      5.00       7.332100       0.218144       0.218144         9       8.0       9.0       0.552796   323.860    37.440   -36.520    0     119.845612      -0.708470
    -50.00     10.00       2.664200       0.216036       0.216036         9       8.0       9.0       0.552796   325.780    38.270   -31.810    0     119.829521      -0.709040
    -45.00    -15.00      26.003710       0.098730       0.098730         9       8.0       9.0       0.552796   354.910    74.350    30.630    0     119.908363      -0.661020
    -45.00    -10.00      21.335800       0.171751       0.171751         9       8.0       9.0       0.552796   347.340    59.260    -3.890    0     119.892273      -0.661590
    -45.00     -5.00      16.667900       0.255395       0.255395         9       8.0       9.0       0.552796   337.980    55.240   -22.220    0     119.876183      -0.662150
    -45.00      0.00      12.000000       0.301006       0.301006         9       8.0       9.0       0.552796   334.650    53.690   -24.510    0     119.860092      -0.662720
    -45.00      5.00       7.332100       0.311435       0.311435         9       8.0       9.0       0.552796   331.330    46.630   -23.490    0     119.844040      -0.663280
    -45.00     10.00       2.664200       0.322241       0.322241         9       8.0       9.0       0.552796   329.290    41.800   -26.000    0     119.827950      -0.663850
    -40.00    -15.00      26.003710       0.124555       0.124555         9       8.0       9.0       0.552796     6.750    52.870    24.530    0     119.906792      -0.615830
    -40.00    -10.00      21.335800       0.231901       0.231901         9       8.0       9.0       0.552796   352.840    46.300    -0.040    0     119.890701      -0.616400
    -40.00     -5.00      16.667900       0.304018       0.304018         9       8.0       9.0       0.552796   342.390    52.150   -15.190    0     119.874619      -0.616960
    -40.00      0.00      12.000000       0.363724       0.363724         9       8.0       9.0       0.552796   338.110    52.280   -19.990    0     119.858528      -0.617530
    -40.00      5.00       7.332100       0.358150       0.358150         9       8.0       9.0       0.552796   334.990    50.080   -21.580    0     119.842468      -0.618090
    -40.00     10.00       2.664200       0.370661       0.370661         9       8.0       9.0       0.552796   333.210    44.750   -23.080    0     119.826378      -0.618660
    -35.00    -15.00      26.003710       0.148959       0.148959         9       8.0       9.0       0.552796    11.650    42.150    24.720    0     119.905220      -0.570640
    -35.00    -10.00      21.335800       0.264936       0.264936         9       8.0       9.0       0.552796   358.950    41.770     7.150    0     119.889137      -0.571210
    -35.00     -5.00      16.667900       0.331953       0.331953         9       8.0       9.0       0.552796   346.620    47.980    -9.210    0     119.873047      -0.571770
    -35.00      0.00      12.000000       0.382116       0.382116         9       8.0       9.0       0.552796   341.950    52.200   -16.390    0     119.856956      -0.572340
    -35.00      5.00       7.332100       0.380355       0.380355         9       8.0       9.0       0.552796   338.590    51.960   -20.820    0     119.840897      -0.572900
    -35.00     10.00       2.664200       0.385749       0.385749         9       8.0       9.0       0.552796   337.730    47.920   -20.920    0     119.824806      -0.573470
    -30.00    -15.00      26.003710       0.169333       0.169333         9       8.0       9.0       0.552796    14.800    35.650    26.880    0     119.903664      -0.525450
    -30.00    -10.00      21.335800       0.269286       0.269286         9       8.0       9.0       0.552796     3.370    41.480    12.510    0     119.887573      -0.526020
    -30.00     -5.00      16.667900       0.328928       0.328928         9       8.0       9.0       0.552796   350.790    46.960    -5.070    0     119.871483      -0.526580
    -30.00      0.00      12.000000       0.372683       0.372683         9       8.0       9.0       0.552796   345.540    53.260   -14.020    0     119.855400      -0.527150
    -30.00      5.00       7.332100       0.380276       0.380276         9       8.0       9.0       0.552796   342.590    55.430   -21.200    0     119.839333      -0.527710
    -30.00     10.00       2.664200       0.377372       0.377372         9       8.0       9.0       0.552796   342.610    52.340   -19.940    0     119.823242      -0.528280
    -25.00    -15.00      26.003710       0.175238       0.175238         9       8.0       9.0       0.552796    18.770    33.520    29.300    0     119.902092      -0.480260
    -25.00    -10.00      21.335800       0.261453       0.261453         9       8.0       9.0       0.552796     7.600    41.790    15.830    0     119.886002      -0.480820
    -25.00     -5.00      16.667900       0.302508       0.302508         9       8.0       9.0       0.552796   354.520    48.290    -2.660    0     119.869919      -0.481390
    -25.00      0.00      12.000000       0.341883       0.341883         9       8.0       9.0       0.552796   348.500    56.430   -14.970    0     119.853828      -0.481950
    -25.00      5.00       7.332100       0.362963       0.362963         9       8.0       9.0       0.552796   347.280    60.270   -22.400    0     119.837761      -0.482520
    -25.00     10.00       2.664200       0.355449       0.355449         9       8.0       9.0       0.552796   347.750    58.600   -21.000    0     119.821671      -0.483090
    -20.00    -15.00      26.003710       0.160618       0.160618         9       8.0       9.0       0.552796    19.770    35.180    27.380    0     119.900528      -0.435070
    -20.00    -10.00      21.335800       0.227996       0.227996         9       8.0       9.0       0.552796    10.250    45.600    17.360    0     119.884438      -0.435630
    -20.00     -5.00      16.667900       0.255683       0.255683         9       8.0       9.0       0.552796   357.620    52.930    -0.540    0     119.868347      -0.436200
    -20.00      0.00      12.000000       0.293100       0.293100         9       8.0       9.0       0.552796   350.820    61.310   -17.560    0     119.852257      -0.436760
    -20.00      5.00       7.332100       0.332375       0.332375         9       8.0       9.0       0.552796   352.130    67.370   -26.220    0     119.836189      -0.437330
    -20.00     10.00       2.664200       0.324404       0.324404         9       8.0       9.0       0.552796   353.450    67.860   -25.250    0     119.820099      -0.437900
    -15.00    -15.00      26.003710       0.129319       0.129319         9       8.0       9.0       0.552796    21.150    43.060    26.440    0     119.898956      -0.389880
    -15.00    -10.00      21.335800       0.182651       0.182651         9       8.0       9.0       0.552796    10.510    55.620    19.580    0     119.882874      -0.390440
    -15.00     -5.00      16.667900       0.198253       0.198253         9       8.0       9.0       0.552796   359.120    64.600     2.480    0     119.866791      -0.391010
    -15.00      0.00      12.000000       0.233800       0.233800         9       8.0       9.0       0.552796   353.000    68.490   -18.970    0     119.850700      -0.391570
    -15.00      5.00       7.332100       0.290117       0.290117         9       8.0       9.0       0.552796   356.440    73.650   -28.900    0     119.834618      -0.392140
    -15.00     10.00       2.664200       0.290745       0.290745         9       8.0       9.0       0.552796   358.860    76.720   -30.230    0     119.818527      -0.392700
    -10.00    -15.00      26.003710       0.099860       0.099860         9       8.0       9.0       0.552796    20.320    51.940    24.680    0     119.897392      -0.344690
    -10.00    -10.00      21.335800       0.139683       0.139683         9       8.0       9.0       0.552796     6.270    73.800    24.780    0     119.881310      -0.345250
    -10.00     -5.00      16.667900       0.154388       0.154388         9       8.0       9.0       0.552796   357.570    87.020     9.740    0     119.865219      -0.345820
    -10.00      0.00      12.000000       0.179186       0.179186         9       8.0       9.0       0.552796   355.520    81.490   -15.450    0     119.849129      -0.346380
    -10.00      5.00       7.332100       0.245864       0.245864         9       8.0       9.0       0.552796   359.600    78.320   -30.390    0     119.833054      -0.346950
    -10.00     10.00       2.664200       0.258900       0.258900         9       8.0       9.0       0.552796     4.040    84.250   -35.300    0     119.816963      -0.347510
     -5.00    -15.00      26.003710       0.071576       0.071576         9       8.0       9.0       0.552796    16.320    64.960    19.700    0     119.895828      -0.299500
     -5.00    -10.00      21.335800       0.111201       0.111201         9       8.0       9.0       0.552796     1.340    87.660    20.160    0     119.879738      -0.300060
     -5.00     -5.00      16.667900       0.131906       0.131906         9       8.0       9.0       0.552796   175.700    74.280    -9.790    0     119.863647      -0.300630
     -5.00      0.00      12.000000       0.152440       0.152440         9       8.0       9.0       0.552796   176.610    86.630    10.570    0     119.847572      -0.301190
     -5.00      5.00       7.332100       0.215685       0.215685         9       8.0       9.0       0.552796     3.820    84.710   -34.010    0     119.831482      -0.301760
     -5.00     10.00       2.664200       0.241262       0.241262         9       8.0       9.0       0.552796   189.440    88.550    41.580    0     119.815399      -0.302320
      0.00    -15.00      26.003710       0.057244       0.057244         9       8.0       9.0       0.552796   188.050    84.680   -14.280    0     119.894257      -0.254300
      0.00    -10.00      21.335800       0.108010       0.108010         9       8.0       9.0       0.552796   171.860    75.100   -27.830    0     119.878166      -0.254870
      0.00     -5.00      16.667900       0.143722       0.143722         9       8.0       9.0       0.552796   167.660    63.060   -23.230    0     119.862091      -0.255430
      0.00      0.00      12.000000       0.159340       0.159340         9       8.0       9.0       0.552796   175.420    75.480    -3.440    0     119.846001      -0.256000
      0.00      5.00       7.332100       0.193725       0.193725         9       8.0       9.0       0.552796   184.760    85.390    33.930    0     119.829910      -0.256570
      0.00     10.00       2.664200       0.227620       0.227620         9       8.0       9.0       0.552796   189.040    83.800    41.540    0     119.813828      -0.257130
      5.00    -15.00      26.003710       0.062941       0.062941         9       8.0       9.0       0.552796   185.470    65.130   -16.450    0     119.892693      -0.209110
      5.00    -10.00      21.335800       0.116279       0.116279         9       8.0       9.0       0.552796   167.720    66.890   -35.930    0     119.876602      -0.209680
      5.00     -5.00      16.667900       0.166488       0.166488         9       8.0       9.0       0.552796   164.020    60.490   -31.890    0     119.860519      -0.210240
      5.00      0.00      12.000000       0.179382       0.179382         9       8.0       9.0       0.552796   175.270    69.630   -11.210    0     119.844429      -0.210810
      5.00      5.00       7.332100       0.190059       0.190059         9       8.0       9.0       0.552796   184.810    66.440    17.250    0     119.828346      -0.211370
      5.00     10.00       2.664200       0.216781       0.216781         9       8.0       9.0       0.552796   187.170    77.220    33.230    0     119.812263      -0.211940
     10.00    -15.00      26.003710       0.068761       0.068761         9       8.0       9.0       0.552796   183.590    57.070   -16.260    0     119.891121      -0.163920
     10.00    -10.00      21.335800       0.114877       0.114877         9       8.0       9.0       0.552796   167.780    64.880   -33.260    0     119.875038      -0.164490
     10.00     -5.00      16.667900       0.168616       0.168616         9       8.0       9.0       0.552796   163.380    60.110   -32.270    0     119.858948      -0.165050
     10.00      0.00      12.000000       0.176091       0.176091         9       8.0       9.0       0.552796   174.860    67.780   -10.010    0     119.842873      -0.165620
     10.00      5.00       7.332100       0.193199       0.193199         9       8.0       9.0       0.552796   183.190    62.910     9.130    0     119.826782      -0.166180
     10.00     10.00       2.664200       0.217638       0.217638         9       8.0       9.0       0.552796   186.550    73.480    26.030    0     119.810692      -0.166750
     15.00    -15.00      26.003710       0.062895       0.062895         9       8.0       9.0       0.552796   193.560    69.660    -1.690    0     119.889549      -0.118730
     15.00    -10.00      21.335800       0.091925       0.091925         9       8.0       9.0       0.552796   180.370    78.630   -13.830    0     119.873466      -0.119300
     15.00     -5.00      16.667900       0.144071       0.144071         9       8.0       9.0       0.552796   170.790    67.990   -24.760    0     119.857384      -0.119860
     15.00      0.00      12.000000       0.164937       0.164937         9       8.0       9.0       0.552796   175.830    73.420    -7.680    0     119.841301      -0.120430
     15.00      5.00       7.332100       0.195144       0.195144         9       8.0       9.0       0.552796   180.090    63.940     0.810    0     119.825218      -0.120990
     15.00     10.00       2.664200       0.220944       0.220944         9       8.0       9.0       0.552796   183.740    74.460    20.420    0     119.809128      -0.121560
     20.00    -15.00      26.003710       0.072441       0.072441         9       8.0       9.0       0.552796   201.150    85.130    27.980    0     119.887978      -0.073540
     20.00    -10.00      21.335800       0.092265       0.092265         9       8.0       9.0       0.552796     9.010    83.730   -11.950    0     119.871902      -0.074100
     20.00     -5.00      16.667900       0.123933       0.123933         9       8.0       9.0       0.552796   179.140    86.510    -6.020    0     119.855812      -0.074670
     20.00      0.00      12.000000       0.152631       0.152631         9       8.0       9.0       0.552796   176.650    85.980     3.420    0     119.839737      -0.075240
     20.00      5.00       7.332100       0.184000       0.184000         9       8.0       9.0       0.552796   178.140    74.340     3.830    0     119.823647      -0.075800
     20.00     10.00       2.664200       0.216118       0.216118         9       8.0       9.0       0.552796   177.300    87.350    27.670    0     119.807564      -0.076370
     25.00    -15.00      26.003710       0.101725       0.101725         9       8.0       9.0       0.552796   219.510    77.720    55.550    0     119.886414      -0.028350
     25.00    -10.00      21.335800       0.109933       0.109933         9       8.0       9.0       0.552796   206.350    81.820    42.960    0     119.870331      -0.028910
     25.00     -5.00      16.667900       0.120464       0.120464         9       8.0       9.0       0.552796   359.300    67.790   -13.080    0     119.854240      -0.029480
     25.00      0.00      12.000000       0.150027       0.150027         9       8.0       9.0       0.552796   349.470    67.830   -27.280    0     119.838173      -0.030050
     25.00      5.00       7.332100       0.179218       0.179218         9       8.0       9.0       0.552796   346.870    71.260   -34.230    0     119.822083      -0.030610
     25.00     10.00       2.664200       0.211295       0.211295         9       8.0       9.0       0.552796   349.020    77.770   -38.720    0     119.806000      -0.031180
     30.00    -15.00      26.003710       0.125625       0.125625         9       8.0       9.0       0.552796   108.440    24.900   140.910    1     119.884850       0.016840
     30.00    -10.00      21.335800       0.143896       0.143896         9       8.0       9.0       0.552796    87.880    21.710   119.060    1     119.868759       0.016280
     30.00     -5.00      16.667900       0.121167       0.121167         9       8.0       9.0       0.552796   357.560    45.020    -4.190    0     119.852669       0.015710
     30.00      0.00      12.000000       0.140399       0.140399         9       8.0       9.0       0.552796   345.670    60.560   -30.980    0     119.836601       0.015150
     30.00      5.00       7.332100       0.180791       0.180791         9       8.0       9.0       0.552796   340.070    59.620   -37.360    0     119.820518       0.014580
     30.00     10.00       2.664200       0.197011       0.197011         9       8.0       9.0       0.552796   344.900    68.860   -38.200    0     119.804428       0.014020
     35.00    -15.00      26.003710       0.126323       0.126323         9       8.0       9.0       0.552796   108.210    25.890   133.230    1     119.883278       0.062030
     35.00    -10.00      21.335800       0.157212       0.157212         9       8.0       9.0       0.552796    92.050    21.410   118.780    1     119.867188       0.061470
     35.00     -5.00      16.667900       0.136265       0.136265         9       8.0       9.0       0.552796    23.310    13.160    45.920    0     119.851097       0.060900
     35.00      0.00      12.000000       0.128146       0.128146         9       8.0       9.0       0.552796   341.520    48.470   -25.700    0     119.835037       0.060340
     35.00      5.00       7.332100       0.168253       0.168253         9       8.0       9.0       0.552796   333.820    49.240   -32.000    0     119.818947       0.059770
     35.00     10.00       2.664200       0.175832       0.175832         9       8.0       9.0       0.552796   339.370    55.440   -29.490    0     119.802856       0.059210
     40.00    -15.00      26.003710       0.103908       0.103908         9       8.0       9.0       0.552796   105.100    34.630   118.650    1     119.881706       0.107230
     40.00    -10.00      21.335800       0.139481       0.139481         9       8.0       9.0       0.552796    96.630    27.710   121.160    1     119.865623       0.106660
     40.00     -5.00      16.667900       0.118786       0.118786         9       8.0       9.0       0.552796    68.250    15.140    94.530    1     119.849533       0.106090
     40.00      0.00      12.000000       0.113127       0.113127         9       8.0       9.0       0.552796   337.610    29.950   -13.110    0     119.833473       0.105530
     40.00      5.00       7.332100       0.152638       0.152638         9       8.0       9.0       0.552796   324.050    32.000   -22.460    0     119.817390       0.104960
     40.00     10.00       2.664200       0.157299       0.157299         9       8.0       9.0       0.552796   334.260    32.760   -13.130    0     119.801300       0.104400
     45.00    -15.00      26.003710       0.100241       0.100241         9       8.0       9.0       0.552796    85.580    50.090    88.420    1     119.880142       0.152420
     45.00    -10.00      21.335800       0.103529       0.103529         9       8.0       9.0       0.552796    94.610    35.610   120.710    1     119.864052       0.151850
     45.00     -5.00      16.667900       0.090613       0.090613         9       8.0       9.0       0.552796    89.320    32.610   120.090    1     119.847961       0.151280
     45.00      0.00      12.000000       0.095361       0.095361         9       8.0       9.0       0.552796     0.150     9.170    28.710    0     119.831909       0.150720
     45.00      5.00       7.332100       0.128354       0.128354         9       8.0       9.0       0.552796   318.690    16.720   -13.520    0     119.815819       0.150150
     45.00     10.00       2.664200       0.128665       0.128665         9       8.0       9.0       0.552796   345.100    18.410     6.130    0     119.799728       0.149590
     50.00    -15.00      26.003710       0.158809       0.158809         9       8.0       9.0       0.552796    87.860    61.400    92.810    1     119.878571       0.197610
     50.00    -10.00      21.335800       0.064614       0.064614         9       8.0       9.0       0.552796    85.670    31.770   113.450    1     119.862480       0.197040
     50.00     -5.00      16.667900       0.066534       0.066534         9       8.0       9.0       0.552796    93.000    56.100   121.800    1     119.846390       0.196470
     50.00      0.00      12.000000       0.057773       0.057773         9       8.0       9.0       0.552796    64.130    11.720    91.120    1     119.830338       0.195910
     50.00      5.00       7.332100       0.073486       0.073486         9       8.0       9.0       0.552796   332.960    11.340     8.610    0     119.814247       0.195340
     50.00     10.00       2.664200       0.070507       0.070507         9       8.0       9.0       0.552796    19.000    14.270    38.760    0     119.798172       0.194780
