   -185.00    -15.00      26.003710       0.000000       0.000000         4       6.0       8.0       0.376401
   -185.00    -10.00      21.335800       0.000000       0.000000         4       6.0       8.0       0.376401
   -185.00     -5.00      16.667900       0.000000       0.000000         4       6.0       8.0       0.376401
   -185.00      0.00      12.000000       0.000000       0.000000         4       6.0       8.0       0.376401
   -185.00      5.00       7.332100       0.000000       0.000000         4       6.0       8.0       0.376401
   -185.00     10.00       2.664200       0.000000       0.000000         4       6.0       8.0       0.376401
   -180.00    -15.00      26.003710       0.000000       0.000000         4       6.0       8.0       0.376401
   -180.00    -10.00      21.335800       0.000000       0.000000         4       6.0       8.0       0.376401
   -180.00     -5.00      16.667900       0.000000       0.000000         4       6.0       8.0       0.376401
   -180.00      0.00      12.000000       0.000000       0.000000         4       6.0       8.0       0.376401
   -180.00      5.00       7.332100       0.000000       0.000000         4       6.0       8.0       0.376401
   -180.00     10.00       2.664200       0.000000       0.000000         4       6.0       8.0       0.376401
   -175.00    -15.00      26.003710       0.000000       0.000000         4       6.0       8.0       0.376401
   -175.00    -10.00      21.335800       0.000000       0.000000         4       6.0       8.0       0.376401
   -175.00     -5.00      16.667900       0.000000       0.000000         4       6.0       8.0       0.376401
   -175.00      0.00      12.000000       0.000000       0.000000         4       6.0       8.0       0.376401
   -175.00      5.00       7.332100       0.000000       0.000000         4       6.0       8.0       0.376401
   -175.00     10.00       2.664200       0.000000       0.000000         4       6.0       8.0       0.376401
   -170.00    -15.00      26.003710       0.000000       0.000000         4       6.0       8.0       0.376401
   -170.00    -10.00      21.335800       0.000000       0.000000         4       6.0       8.0       0.376401
   -170.00     -5.00      16.667900       0.000000       0.000000         4       6.0       8.0       0.376401
   -170.00      0.00      12.000000       0.000000       0.000000         4       6.0       8.0       0.376401
   -170.00      5.00       7.332100       0.000000       0.000000         4       6.0       8.0       0.376401
   -170.00     10.00       2.664200       0.000000       0.000000         4       6.0       8.0       0.376401
   -165.00    -15.00      26.003710       0.000000       0.000000         4       6.0       8.0       0.376401
   -165.00    -10.00      21.335800       0.000000       0.000000         4       6.0       8.0       0.376401
   -165.00     -5.00      16.667900       0.000000       0.000000         4       6.0       8.0       0.376401
   -165.00      0.00      12.000000       0.000000       0.000000         4       6.0       8.0       0.376401
   -165.00      5.00       7.332100       0.000000       0.000000         4       6.0       8.0       0.376401
   -165.00     10.00       2.664200       0.000000       0.000000         4       6.0       8.0       0.376401
   -160.00    -15.00      26.003710       0.000000       0.000000         4       6.0       8.0       0.376401
   -160.00    -10.00      21.335800       0.000000       0.000000         4       6.0       8.0       0.376401
   -160.00     -5.00      16.667900       0.000000       0.000000         4       6.0       8.0       0.376401
   -160.00      0.00      12.000000       0.000000       0.000000         4       6.0       8.0       0.376401
   -160.00      5.00       7.332100       0.000000       0.000000         4       6.0       8.0       0.376401
   -160.00     10.00       2.664200       0.000000       0.000000         4       6.0       8.0       0.376401
   -155.00    -15.00      26.003710       0.000000       0.000000         4       6.0       8.0       0.376401
   -155.00    -10.00      21.335800       0.000000       0.000000         4       6.0       8.0       0.376401
   -155.00     -5.00      16.667900       0.000000       0.000000         4       6.0       8.0       0.376401
   -155.00      0.00      12.000000       0.000000       0.000000         4       6.0       8.0       0.376401
   -155.00      5.00       7.332100       0.000000       0.000000         4       6.0       8.0       0.376401
   -155.00     10.00       2.664200       0.000000       0.000000         4       6.0       8.0       0.376401
   -150.00    -15.00      26.003710       0.000000       0.000000         4       6.0       8.0       0.376401
   -150.00    -10.00      21.335800       0.000000       0.000000         4       6.0       8.0       0.376401
   -150.00     -5.00      16.667900       0.000000       0.000000         4       6.0       8.0       0.376401
   -150.00      0.00      12.000000       0.000000       0.000000         4       6.0       8.0       0.376401
   -150.00      5.00       7.332100       0.000000       0.000000         4       6.0       8.0       0.376401
   -150.00     10.00       2.664200       0.000000       0.000000         4       6.0       8.0       0.376401
   -145.00    -15.00      26.003710       0.000000       0.000000         4       6.0       8.0       0.376401
   -145.00    -10.00      21.335800       0.000000       0.000000         4       6.0       8.0       0.376401
   -145.00     -5.00      16.667900       0.000000       0.000000         4       6.0       8.0       0.376401
   -145.00      0.00      12.000000       0.000000       0.000000         4       6.0       8.0       0.376401
   -145.00      5.00       7.332100       0.000000       0.000000         4       6.0       8.0       0.376401
   -145.00     10.00       2.664200       0.000000       0.000000         4       6.0       8.0       0.376401
   -140.00    -15.00      26.003710       0.000000       0.000000         4       6.0       8.0       0.376401
   -140.00    -10.00      21.335800       0.000000       0.000000         4       6.0       8.0       0.376401
   -140.00     -5.00      16.667900       0.000000       0.000000         4       6.0       8.0       0.376401
   -140.00      0.00      12.000000       0.000000       0.000000         4       6.0       8.0       0.376401
   -140.00      5.00       7.332100       0.000000       0.000000         4       6.0       8.0       0.376401
   -140.00     10.00       2.664200       0.000000       0.000000         4       6.0       8.0       0.376401
   -135.00    -15.00      26.003710       0.000000       0.000000         4       6.0       8.0       0.376401
   -135.00    -10.00      21.335800       0.000000       0.000000         4       6.0       8.0       0.376401
   -135.00     -5.00      16.667900       0.000000       0.000000         4       6.0       8.0       0.376401
   -135.00      0.00      12.000000       0.000000       0.000000         4       6.0       8.0       0.376401
   -135.00      5.00       7.332100       0.000000       0.000000         4       6.0       8.0       0.376401
   -135.00     10.00       2.664200       0.000000       0.000000         4       6.0       8.0       0.376401
   -130.00    -15.00      26.003710       0.000000       0.000000         4       6.0       8.0       0.376401
   -130.00    -10.00      21.335800       0.000000       0.000000         4       6.0       8.0       0.376401
   -130.00     -5.00      16.667900       0.000000       0.000000         4       6.0       8.0       0.376401
   -130.00      0.00      12.000000       0.000000       0.000000         4       6.0       8.0       0.376401
   -130.00      5.00       7.332100       0.000000       0.000000         4       6.0       8.0       0.376401
   -130.00     10.00       2.664200       0.000000       0.000000         4       6.0       8.0       0.376401
   -125.00    -15.00      26.003710       0.000000       0.000000         4       6.0       8.0       0.376401
   -125.00    -10.00      21.335800       0.000000       0.000000         4       6.0       8.0       0.376401
   -125.00     -5.00      16.667900       0.000000       0.000000         4       6.0       8.0       0.376401
   -125.00      0.00      12.000000       0.000000       0.000000         4       6.0       8.0       0.376401
   -125.00      5.00       7.332100       0.000000       0.000000         4       6.0       8.0       0.376401
   -125.00     10.00       2.664200       0.000000       0.000000         4       6.0       8.0       0.376401
   -120.00    -15.00      26.003710       0.000000       0.000000         4       6.0       8.0       0.376401
   -120.00    -10.00      21.335800       0.000000       0.000000         4       6.0       8.0       0.376401
   -120.00     -5.00      16.667900       0.000000       0.000000         4       6.0       8.0       0.376401
   -120.00      0.00      12.000000       0.000000       0.000000         4       6.0       8.0       0.376401
   -120.00      5.00       7.332100       0.000000       0.000000         4       6.0       8.0       0.376401
   -120.00     10.00       2.664200       0.000000       0.000000         4       6.0       8.0       0.376401
   -115.00    -15.00      26.003710       0.000000       0.000000         4       6.0       8.0       0.376401
   -115.00    -10.00      21.335800       0.000000       0.000000         4       6.0       8.0       0.376401
   -115.00     -5.00      16.667900       0.000000       0.000000         4       6.0       8.0       0.376401
   -115.00      0.00      12.000000       0.000000       0.000000         4       6.0       8.0       0.376401
   -115.00      5.00       7.332100       0.000000       0.000000         4       6.0       8.0       0.376401
   -115.00     10.00       2.664200       0.000000       0.000000         4       6.0       8.0       0.376401
   -110.00    -15.00      26.003710       0.000000       0.000000         4       6.0       8.0       0.376401
   -110.00    -10.00      21.335800       0.000000       0.000000         4       6.0       8.0       0.376401
   -110.00     -5.00      16.667900       0.000000       0.000000         4       6.0       8.0       0.376401
   -110.00      0.00      12.000000       0.000000       0.000000         4       6.0       8.0       0.376401
   -110.00      5.00       7.332100       0.000000       0.000000         4       6.0       8.0       0.376401
   -110.00     10.00       2.664200       0.000000       0.000000         4       6.0       8.0       0.376401
   -105.00    -15.00      26.003710       0.000000       0.000000         4       6.0       8.0       0.376401
   -105.00    -10.00      21.335800       0.000000       0.000000         4       6.0       8.0       0.376401
   -105.00     -5.00      16.667900       0.000000       0.000000         4       6.0       8.0       0.376401
   -105.00      0.00      12.000000       0.000000       0.000000         4       6.0       8.0       0.376401
   -105.00      5.00       7.332100       0.000000       0.000000         4       6.0       8.0       0.376401
   -105.00     10.00       2.664200       0.000000       0.000000         4       6.0       8.0       0.376401
   -100.00    -15.00      26.003710       0.000000       0.000000         4       6.0       8.0       0.376401
   -100.00    -10.00      21.335800       0.000000       0.000000         4       6.0       8.0       0.376401
   -100.00     -5.00      16.667900       0.000000       0.000000         4       6.0       8.0       0.376401
   -100.00      0.00      12.000000       0.000000       0.000000         4       6.0       8.0       0.376401
   -100.00      5.00       7.332100       0.000000       0.000000         4       6.0       8.0       0.376401
   -100.00     10.00       2.664200       0.000000       0.000000         4       6.0       8.0       0.376401
    -95.00    -15.00      26.003710       0.000000       0.000000         4       6.0       8.0       0.376401
    -95.00    -10.00      21.335800       0.000000       0.000000         4       6.0       8.0       0.376401
    -95.00     -5.00      16.667900       0.000000       0.000000         4       6.0       8.0       0.376401
    -95.00      0.00      12.000000       0.000000       0.000000         4       6.0       8.0       0.376401
    -95.00      5.00       7.332100       0.000000       0.000000         4       6.0       8.0       0.376401
    -95.00     10.00       2.664200       0.000000       0.000000         4       6.0       8.0       0.376401
    -90.00    -15.00      26.003710       0.000000       0.000000         4       6.0       8.0       0.376401
    -90.00    -10.00      21.335800       0.000000       0.000000         4       6.0       8.0       0.376401
    -90.00     -5.00      16.667900       0.000000       0.000000         4       6.0       8.0       0.376401
    -90.00      0.00      12.000000       0.000000       0.000000         4       6.0       8.0       0.376401
    -90.00      5.00       7.332100       0.000000       0.000000         4       6.0       8.0       0.376401
    -90.00     10.00       2.664200       0.000000       0.000000         4       6.0       8.0       0.376401
    -85.00    -15.00      26.003710       0.000000       0.000000         4       6.0       8.0       0.376401
    -85.00    -10.00      21.335800       0.000000       0.000000         4       6.0       8.0       0.376401
    -85.00     -5.00      16.667900       0.000000       0.000000         4       6.0       8.0       0.376401
    -85.00      0.00      12.000000       0.000000       0.000000         4       6.0       8.0       0.376401
    -85.00      5.00       7.332100       0.000000       0.000000         4       6.0       8.0       0.376401
    -85.00     10.00       2.664200       0.000000       0.000000         4       6.0       8.0       0.376401
    -80.00    -15.00      26.003710       0.000000       0.000000         4       6.0       8.0       0.376401
    -80.00    -10.00      21.335800       0.000000       0.000000         4       6.0       8.0       0.376401
    -80.00     -5.00      16.667900       0.000000       0.000000         4       6.0       8.0       0.376401
    -80.00      0.00      12.000000       0.000000       0.000000         4       6.0       8.0       0.376401
    -80.00      5.00       7.332100       0.000000       0.000000         4       6.0       8.0       0.376401
    -80.00     10.00       2.664200       0.000000       0.000000         4       6.0       8.0       0.376401
    -75.00    -15.00      26.003710       0.000000       0.000000         4       6.0       8.0       0.376401
    -75.00    -10.00      21.335800       0.000000       0.000000         4       6.0       8.0       0.376401
    -75.00     -5.00      16.667900       0.000000       0.000000         4       6.0       8.0       0.376401
    -75.00      0.00      12.000000       0.000000       0.000000         4       6.0       8.0       0.376401
    -75.00      5.00       7.332100       0.000000       0.000000         4       6.0       8.0       0.376401
    -75.00     10.00       2.664200       0.000000       0.000000         4       6.0       8.0       0.376401
    -70.00    -15.00      26.003710       0.000000       0.000000         4       6.0       8.0       0.376401
    -70.00    -10.00      21.335800       0.000000       0.000000         4       6.0       8.0       0.376401
    -70.00     -5.00      16.667900       0.000000       0.000000         4       6.0       8.0       0.376401
    -70.00      0.00      12.000000       0.000000       0.000000         4       6.0       8.0       0.376401
    -70.00      5.00       7.332100       0.000000       0.000000         4       6.0       8.0       0.376401
    -70.00     10.00       2.664200       0.000000       0.000000         4       6.0       8.0       0.376401
    -65.00    -15.00      26.003710       0.000000       0.000000         4       6.0       8.0       0.376401
    -65.00    -10.00      21.335800       0.000000       0.000000         4       6.0       8.0       0.376401
    -65.00     -5.00      16.667900       0.000000       0.000000         4       6.0       8.0       0.376401
    -65.00      0.00      12.000000       0.000000       0.000000         4       6.0       8.0       0.376401
    -65.00      5.00       7.332100       0.000000       0.000000         4       6.0       8.0       0.376401
    -65.00     10.00       2.664200       0.000000       0.000000         4       6.0       8.0       0.376401
    -60.00    -15.00      26.003710       0.000000       0.000000         4       6.0       8.0       0.376401
    -60.00    -10.00      21.335800       0.000000       0.000000         4       6.0       8.0       0.376401
    -60.00     -5.00      16.667900       0.000000       0.000000         4       6.0       8.0       0.376401
    -60.00      0.00      12.000000       0.000000       0.000000         4       6.0       8.0       0.376401
    -60.00      5.00       7.332100       0.000000       0.000000         4       6.0       8.0       0.376401
    -60.00     10.00       2.664200       0.000000       0.000000         4       6.0       8.0       0.376401
    -55.00    -15.00      26.003710       0.000000       0.000000         4       6.0       8.0       0.376401
    -55.00    -10.00      21.335800       0.000000       0.000000         4       6.0       8.0       0.376401
    -55.00     -5.00      16.667900       0.000000       0.000000         4       6.0       8.0       0.376401
    -55.00      0.00      12.000000       0.000000       0.000000         4       6.0       8.0       0.376401
    -55.00      5.00       7.332100       0.000000       0.000000         4       6.0       8.0       0.376401
    -55.00     10.00       2.664200       0.000000       0.000000         4       6.0       8.0       0.376401
    -50.00    -15.00      26.003710       0.003818       0.013883         4       6.0       8.0       0.376401
    -50.00    -10.00      21.335800       0.017248       0.062721         4       6.0       8.0       0.376401
    -50.00     -5.00      16.667900       0.020344       0.073977         4       6.0       8.0       0.376401
    -50.00      0.00      12.000000       0.017414       0.063323         4       6.0       8.0       0.376401
    -50.00      5.00       7.332100       0.014945       0.054347         4       6.0       8.0       0.376401
    -50.00     10.00       2.664200       0.014010       0.050946         4       6.0       8.0       0.376401
    -45.00    -15.00      26.003710       0.041368       0.056699         4       6.0       8.0       0.376401
    -45.00    -10.00      21.335800       0.047651       0.075296         4       6.0       8.0       0.376401
    -45.00     -5.00      16.667900       0.050933       0.108427         4       6.0       8.0       0.376401
    -45.00      0.00      12.000000       0.050584       0.103287         4       6.0       8.0       0.376401
    -45.00      5.00       7.332100       0.052464       0.099042         4       6.0       8.0       0.376401
    -45.00     10.00       2.664200       0.048167       0.092734         4       6.0       8.0       0.376401
    -40.00    -15.00      26.003710       0.060447       0.082850         4       6.0       8.0       0.376401
    -40.00    -10.00      21.335800       0.084947       0.110622         4       6.0       8.0       0.376401
    -40.00     -5.00      16.667900       0.092157       0.129541         4       6.0       8.0       0.376401
    -40.00      0.00      12.000000       0.085286       0.133438         4       6.0       8.0       0.376401
    -40.00      5.00       7.332100       0.089883       0.134799         4       6.0       8.0       0.376401
    -40.00     10.00       2.664200       0.088798       0.130599         4       6.0       8.0       0.376401
    -35.00    -15.00      26.003710       0.069013       0.087324         4       6.0       8.0       0.376401
    -35.00    -10.00      21.335800       0.107563       0.137702         4       6.0       8.0       0.376401
    -35.00     -5.00      16.667900       0.127182       0.163264         4       6.0       8.0       0.376401
    -35.00      0.00      12.000000       0.128374       0.173591         4       6.0       8.0       0.376401
    -35.00      5.00       7.332100       0.137899       0.176014         4       6.0       8.0       0.376401
    -35.00     10.00       2.664200       0.134471       0.174996         4       6.0       8.0       0.376401
    -30.00    -15.00      26.003710       0.076514       0.104161         4       6.0       8.0       0.376401
    -30.00    -10.00      21.335800       0.127211       0.157338         4       6.0       8.0       0.376401
    -30.00     -5.00      16.667900       0.163028       0.188942         4       6.0       8.0       0.376401
    -30.00      0.00      12.000000       0.184864       0.205799         4       6.0       8.0       0.376401
    -30.00      5.00       7.332100       0.199145       0.223256         4       6.0       8.0       0.376401
    -30.00     10.00       2.664200       0.191803       0.224159         4       6.0       8.0       0.376401
    -25.00    -15.00      26.003710       0.085771       0.115712         4       6.0       8.0       0.376401
    -25.00    -10.00      21.335800       0.149452       0.175436         4       6.0       8.0       0.376401
    -25.00     -5.00      16.667900       0.199945       0.208392         4       6.0       8.0       0.376401
    -25.00      0.00      12.000000       0.238063       0.241238         4       6.0       8.0       0.376401
    -25.00      5.00       7.332100       0.254527       0.270362         4       6.0       8.0       0.376401
    -25.00     10.00       2.664200       0.249041       0.274935         4       6.0       8.0       0.376401
    -20.00    -15.00      26.003710       0.096606       0.124917         4       6.0       8.0       0.376401
    -20.00    -10.00      21.335800       0.171944       0.192359         4       6.0       8.0       0.376401
    -20.00     -5.00      16.667900       0.233183       0.238991         4       6.0       8.0       0.376401
    -20.00      0.00      12.000000       0.281313       0.288843         4       6.0       8.0       0.376401
    -20.00      5.00       7.332100       0.300396       0.308943         4       6.0       8.0       0.376401
    -20.00     10.00       2.664200       0.298823       0.319061         4       6.0       8.0       0.376401
    -15.00    -15.00      26.003710       0.106682       0.131850         4       6.0       8.0       0.376401
    -15.00    -10.00      21.335800       0.189782       0.205191         4       6.0       8.0       0.376401
    -15.00     -5.00      16.667900       0.257601       0.268492         4       6.0       8.0       0.376401
    -15.00      0.00      12.000000       0.311024       0.318295         4       6.0       8.0       0.376401
    -15.00      5.00       7.332100       0.332554       0.343083         4       6.0       8.0       0.376401
    -15.00     10.00       2.664200       0.336435       0.351784         4       6.0       8.0       0.376401
    -10.00    -15.00      26.003710       0.113658       0.121357         4       6.0       8.0       0.376401
    -10.00    -10.00      21.335800       0.201005       0.207565         4       6.0       8.0       0.376401
    -10.00     -5.00      16.667900       0.272479       0.290206         4       6.0       8.0       0.376401
    -10.00      0.00      12.000000       0.327369       0.337778         4       6.0       8.0       0.376401
    -10.00      5.00       7.332100       0.351221       0.359199         4       6.0       8.0       0.376401
    -10.00     10.00       2.664200       0.360026       0.372925         4       6.0       8.0       0.376401
     -5.00    -15.00      26.003710       0.118130       0.127211         4       6.0       8.0       0.376401
     -5.00    -10.00      21.335800       0.206230       0.221954         4       6.0       8.0       0.376401
     -5.00     -5.00      16.667900       0.277640       0.298768         4       6.0       8.0       0.376401
     -5.00      0.00      12.000000       0.330008       0.343539         4       6.0       8.0       0.376401
     -5.00      5.00       7.332100       0.354790       0.361022         4       6.0       8.0       0.376401
     -5.00     10.00       2.664200       0.367342       0.376401         4       6.0       8.0       0.376401
      0.00    -15.00      26.003710       0.119023       0.136136         4       6.0       8.0       0.376401
      0.00    -10.00      21.335800       0.203540       0.222134         4       6.0       8.0       0.376401
      0.00     -5.00      16.667900       0.271141       0.296047         4       6.0       8.0       0.376401
      0.00      0.00      12.000000       0.318543       0.330139         4       6.0       8.0       0.376401
      0.00      5.00       7.332100       0.343988       0.347719         4       6.0       8.0       0.376401
      0.00     10.00       2.664200       0.358277       0.363103         4       6.0       8.0       0.376401
      5.00    -15.00      26.003710       0.114852       0.129373         4       6.0       8.0       0.376401
      5.00    -10.00      21.335800       0.194657       0.211912         4       6.0       8.0       0.376401
      5.00     -5.00      16.667900       0.255410       0.278115         4       6.0       8.0       0.376401
      5.00      0.00      12.000000       0.295365       0.304315         4       6.0       8.0       0.376401
      5.00      5.00       7.332100       0.320494       0.323256         4       6.0       8.0       0.376401
      5.00     10.00       2.664200       0.334843       0.337767         4       6.0       8.0       0.376401
     10.00    -15.00      26.003710       0.103781       0.119780         4       6.0       8.0       0.376401
     10.00    -10.00      21.335800       0.178398       0.196517         4       6.0       8.0       0.376401
     10.00     -5.00      16.667900       0.230283       0.249481         4       6.0       8.0       0.376401
     10.00      0.00      12.000000       0.263391       0.276001         4       6.0       8.0       0.376401
     10.00      5.00       7.332100       0.285745       0.288733         4       6.0       8.0       0.376401
     10.00     10.00       2.664200       0.298961       0.302893         4       6.0       8.0       0.376401
     15.00    -15.00      26.003710       0.089333       0.109873         4       6.0       8.0       0.376401
     15.00    -10.00      21.335800       0.157039       0.175991         4       6.0       8.0       0.376401
     15.00     -5.00      16.667900       0.199439       0.213618         4       6.0       8.0       0.376401
     15.00      0.00      12.000000       0.224363       0.231139         4       6.0       8.0       0.376401
     15.00      5.00       7.332100       0.241904       0.244056         4       6.0       8.0       0.376401
     15.00     10.00       2.664200       0.254044       0.257386         4       6.0       8.0       0.376401
     20.00    -15.00      26.003710       0.074415       0.095385         4       6.0       8.0       0.376401
     20.00    -10.00      21.335800       0.129002       0.151114         4       6.0       8.0       0.376401
     20.00     -5.00      16.667900       0.161956       0.165409         4       6.0       8.0       0.376401
     20.00      0.00      12.000000       0.179660       0.182181         4       6.0       8.0       0.376401
     20.00      5.00       7.332100       0.194680       0.201487         4       6.0       8.0       0.376401
     20.00     10.00       2.664200       0.204847       0.211548         4       6.0       8.0       0.376401
     25.00    -15.00      26.003710       0.057633       0.076429         4       6.0       8.0       0.376401
     25.00    -10.00      21.335800       0.098763       0.121598         4       6.0       8.0       0.376401
     25.00     -5.00      16.667900       0.120828       0.142649         4       6.0       8.0       0.376401
     25.00      0.00      12.000000       0.136880       0.143109         4       6.0       8.0       0.376401
     25.00      5.00       7.332100       0.152501       0.166471         4       6.0       8.0       0.376401
     25.00     10.00       2.664200       0.157810       0.166617         4       6.0       8.0       0.376401
     30.00    -15.00      26.003710       0.040807       0.067048         4       6.0       8.0       0.376401
     30.00    -10.00      21.335800       0.063301       0.080513         4       6.0       8.0       0.376401
     30.00     -5.00      16.667900       0.085025       0.110345         4       6.0       8.0       0.376401
     30.00      0.00      12.000000       0.116535       0.127453         4       6.0       8.0       0.376401
     30.00      5.00       7.332100       0.135434       0.149614         4       6.0       8.0       0.376401
     30.00     10.00       2.664200       0.132029       0.149814         4       6.0       8.0       0.376401
     35.00    -15.00      26.003710       0.035849       0.053560         4       6.0       8.0       0.376401
     35.00    -10.00      21.335800       0.035094       0.056680         4       6.0       8.0       0.376401
     35.00     -5.00      16.667900       0.056627       0.084858         4       6.0       8.0       0.376401
     35.00      0.00      12.000000       0.101589       0.117066         4       6.0       8.0       0.376401
     35.00      5.00       7.332100       0.126642       0.137275         4       6.0       8.0       0.376401
     35.00     10.00       2.664200       0.119548       0.138936         4       6.0       8.0       0.376401
     40.00    -15.00      26.003710       0.042861       0.079356         4       6.0       8.0       0.376401
     40.00    -10.00      21.335800       0.031205       0.037848         4       6.0       8.0       0.376401
     40.00     -5.00      16.667900       0.044852       0.048994         4       6.0       8.0       0.376401
     40.00      0.00      12.000000       0.083878       0.103864         4       6.0       8.0       0.376401
     40.00      5.00       7.332100       0.103192       0.117878         4       6.0       8.0       0.376401
     40.00     10.00       2.664200       0.094268       0.115459         4       6.0       8.0       0.376401
     45.00    -15.00      26.003710       0.031907       0.059135         4       6.0       8.0       0.376401
     45.00    -10.00      21.335800       0.022020       0.037113         4       6.0       8.0       0.376401
     45.00     -5.00      16.667900       0.032230       0.051187         4       6.0       8.0       0.376401
     45.00      0.00      12.000000       0.047526       0.062312         4       6.0       8.0       0.376401
     45.00      5.00       7.332100       0.053853       0.088256         4       6.0       8.0       0.376401
     45.00     10.00       2.664200       0.047125       0.076436         4       6.0       8.0       0.376401
     50.00    -15.00      26.003710       0.010654       0.038741         4       6.0       8.0       0.376401
     50.00    -10.00      21.335800       0.016472       0.059898         4       6.0       8.0       0.376401
     50.00     -5.00      16.667900       0.008503       0.030919         4       6.0       8.0       0.376401
     50.00      0.00      12.000000       0.014026       0.051003         4       6.0       8.0       0.376401
     50.00      5.00       7.332100       0.012563       0.045683         4       6.0       8.0       0.376401
     50.00     10.00       2.664200       0.008585       0.031218         4       6.0       8.0       0.376401
