      xloc      yloc          depth         ave SR         max SR         #     start       end     max SR all       str       dip      rake flag
   -185.00    -15.00      26.003710       0.047056       0.047056        33      32.0      33.0       0.373029    98.600    60.770    97.400    1
   -185.00    -10.00      21.335800       0.055267       0.055267        33      32.0      33.0       0.373029    70.220    67.970    75.720    1
   -185.00     -5.00      16.667900       0.036449       0.036449        33      32.0      33.0       0.373029    66.500    74.480    90.850    1
   -185.00      0.00      12.000000       0.024325       0.024325        33      32.0      33.0       0.373029   180.100    83.670    15.080    0
   -185.00      5.00       7.332100       0.049939       0.049939        33      32.0      33.0       0.373029     5.220    89.690   -59.980    0
   -185.00     10.00       2.664200       0.065660       0.065660        33      32.0      33.0       0.373029     4.600    89.720   -68.790    0
   -180.00    -15.00      26.003710       0.053865       0.053865        33      32.0      33.0       0.373029    84.760    62.330    84.490    1
   -180.00    -10.00      21.335800       0.071063       0.071063        33      32.0      33.0       0.373029    60.730    70.160    70.900    1
   -180.00     -5.00      16.667900       0.048923       0.048923        33      32.0      33.0       0.373029   198.000    36.840    22.870    0
   -180.00      0.00      12.000000       0.047122       0.047122        33      32.0      33.0       0.373029   184.800    84.240    27.560    0
   -180.00      5.00       7.332100       0.089643       0.089643        33      32.0      33.0       0.373029   186.900    88.270    60.640    0
   -180.00     10.00       2.664200       0.118278       0.118278        33      32.0      33.0       0.373029   184.480    89.350    67.510    0
   -175.00    -15.00      26.003710       0.047369       0.047369        33      32.0      33.0       0.373029    60.200    70.190    61.250    1
   -175.00    -10.00      21.335800       0.068410       0.068410        33      32.0      33.0       0.373029    45.360    74.520    59.370    1
   -175.00     -5.00      16.667900       0.056150       0.056150        33      32.0      33.0       0.373029   193.690    76.450   -12.420    0
   -175.00      0.00      12.000000       0.067250       0.067250        33      32.0      33.0       0.373029   190.010    80.120    34.330    0
   -175.00      5.00       7.332100       0.119211       0.119211        33      32.0      33.0       0.373029   188.850    86.090    60.070    0
   -175.00     10.00       2.664200       0.154906       0.154906        33      32.0      33.0       0.373029   184.510    88.390    65.750    0
   -170.00    -15.00      26.003710       0.043051       0.043051        33      32.0      33.0       0.373029   299.830    44.150   166.850    1
   -170.00    -10.00      21.335800       0.066335       0.066335        33      32.0      33.0       0.373029   290.730    44.240   167.350    1
   -170.00     -5.00      16.667900       0.061885       0.061885        33      32.0      33.0       0.373029   194.200    87.330   -17.030    0
   -170.00      0.00      12.000000       0.081220       0.081220        33      32.0      33.0       0.373029   195.800    75.620    37.470    0
   -170.00      5.00       7.332100       0.135152       0.135152        33      32.0      33.0       0.373029   191.060    83.880    57.740    0
   -170.00     10.00       2.664200       0.174240       0.174240        33      32.0      33.0       0.373029   184.970    87.330    63.390    0
   -165.00    -15.00      26.003710       0.041741       0.041741        33      32.0      33.0       0.373029    26.400    85.860    43.840    0
   -165.00    -10.00      21.335800       0.066914       0.066914        33      32.0      33.0       0.373029    22.160    83.440    40.510    0
   -165.00     -5.00      16.667900       0.067671       0.067671        33      32.0      33.0       0.373029    16.080    83.870    19.760    0
   -165.00      0.00      12.000000       0.090336       0.090336        33      32.0      33.0       0.373029   200.830    73.370    38.840    0
   -165.00      5.00       7.332100       0.140610       0.140610        33      32.0      33.0       0.373029   194.840    80.070    53.220    0
   -165.00     10.00       2.664200       0.179161       0.179161        33      32.0      33.0       0.373029   186.570    85.740    60.100    0
   -160.00    -15.00      26.003710       0.041992       0.041992        33      32.0      33.0       0.373029    18.300    87.400    44.310    0
   -160.00    -10.00      21.335800       0.070092       0.070092        33      32.0      33.0       0.373029    21.580    79.240    35.470    0
   -160.00     -5.00      16.667900       0.074657       0.074657        33      32.0      33.0       0.373029    20.210    75.760    21.730    0
   -160.00      0.00      12.000000       0.094942       0.094942        33      32.0      33.0       0.373029   205.300    70.900    37.510    0
   -160.00      5.00       7.332100       0.137761       0.137761        33      32.0      33.0       0.373029   199.350    75.630    47.130    0
   -160.00     10.00       2.664200       0.172854       0.172854        33      32.0      33.0       0.373029   189.610    83.310    55.180    0
   -155.00    -15.00      26.003710       0.043270       0.043270        33      32.0      33.0       0.373029    14.890    87.940    43.960    0
   -155.00    -10.00      21.335800       0.073926       0.073926        33      32.0      33.0       0.373029    24.540    73.600    29.810    0
   -155.00     -5.00      16.667900       0.081111       0.081111        33      32.0      33.0       0.373029    24.310    70.430    21.790    0
   -155.00      0.00      12.000000       0.096533       0.096533        33      32.0      33.0       0.373029   207.570    70.280    32.850    0
   -155.00      5.00       7.332100       0.132315       0.132315        33      32.0      33.0       0.373029   204.370    69.820    39.790    0
   -155.00     10.00       2.664200       0.160645       0.160645        33      32.0      33.0       0.373029   194.840    78.730    47.740    0
   -150.00    -15.00      26.003710       0.044136       0.044136        33      32.0      33.0       0.373029    21.180    79.100    32.490    0
   -150.00    -10.00      21.335800       0.078510       0.078510        33      32.0      33.0       0.373029   288.990    67.940   155.560    1
   -150.00     -5.00      16.667900       0.088395       0.088395        33      32.0      33.0       0.373029   289.980    69.870   156.450    1
   -150.00      0.00      12.000000       0.096697       0.096697        33      32.0      33.0       0.373029   207.400    73.700    22.590    0
   -150.00      5.00       7.332100       0.125002       0.125002        33      32.0      33.0       0.373029   207.350    66.340    33.480    0
   -150.00     10.00       2.664200       0.146858       0.146858        33      32.0      33.0       0.373029   200.580    72.580    39.060    0
   -145.00    -15.00      26.003710       0.046023       0.046023        33      32.0      33.0       0.373029    26.800    71.830    25.340    0
   -145.00    -10.00      21.335800       0.084496       0.084496        33      32.0      33.0       0.373029   292.340    70.020   153.160    1
   -145.00     -5.00      16.667900       0.098416       0.098416        33      32.0      33.0       0.373029   292.700    70.080   152.950    1
   -145.00      0.00      12.000000       0.097111       0.097111        33      32.0      33.0       0.373029   206.300    88.360     3.410    0
   -145.00      5.00       7.332100       0.114151       0.114151        33      32.0      33.0       0.373029   207.760    66.440    26.900    0
   -145.00     10.00       2.664200       0.131878       0.131878        33      32.0      33.0       0.373029   203.820    68.270    31.830    0
   -140.00    -15.00      26.003710       0.045870       0.045870        33      32.0      33.0       0.373029   291.700    67.600   160.620    1
   -140.00    -10.00      21.335800       0.089411       0.089411        33      32.0      33.0       0.373029   295.370    71.230   152.410    1
   -140.00     -5.00      16.667900       0.108514       0.108514        33      32.0      33.0       0.373029   295.040    70.370   150.930    1
   -140.00      0.00      12.000000       0.101493       0.101493        33      32.0      33.0       0.373029   297.060    77.550   167.820    1
   -140.00      5.00       7.332100       0.100762       0.100762        33      32.0      33.0       0.373029   205.500    73.250    16.440    0
   -140.00     10.00       2.664200       0.115497       0.115497        33      32.0      33.0       0.373029   204.210    67.770    25.870    0
   -135.00    -15.00      26.003710       0.047119       0.047119        33      32.0      33.0       0.373029   295.580    66.560   163.300    1
   -135.00    -10.00      21.335800       0.093273       0.093273        33      32.0      33.0       0.373029   297.540    71.080   152.030    1
   -135.00     -5.00      16.667900       0.115408       0.115408        33      32.0      33.0       0.373029   296.520    70.270   149.690    1
   -135.00      0.00      12.000000       0.105204       0.105204        33      32.0      33.0       0.373029   296.720    70.650   161.910    1
   -135.00      5.00       7.332100       0.090734       0.090734        33      32.0      33.0       0.373029   203.540    89.760    -0.400    0
   -135.00     10.00       2.664200       0.098993       0.098993        33      32.0      33.0       0.373029   202.500    71.810    18.890    0
   -130.00    -15.00      26.003710       0.047424       0.047424        33      32.0      33.0       0.373029   299.410    69.780   164.240    1
   -130.00    -10.00      21.335800       0.093947       0.093947        33      32.0      33.0       0.373029   299.020    70.230   152.230    1
   -130.00     -5.00      16.667900       0.118057       0.118057        33      32.0      33.0       0.373029   297.150    69.930   148.120    1
   -130.00      0.00      12.000000       0.106993       0.106993        33      32.0      33.0       0.373029   295.700    68.740   155.670    1
   -130.00      5.00       7.332100       0.087516       0.087516        33      32.0      33.0       0.373029    25.050    74.810    12.490    0
   -130.00     10.00       2.664200       0.085460       0.085460        33      32.0      33.0       0.373029   199.490    83.150     7.690    0
   -125.00    -15.00      26.003710       0.047903       0.047903        33      32.0      33.0       0.373029   302.470    72.850   162.250    1
   -125.00    -10.00      21.335800       0.091500       0.091500        33      32.0      33.0       0.373029   299.780    69.560   151.560    1
   -125.00     -5.00      16.667900       0.115120       0.115120        33      32.0      33.0       0.373029   296.370    69.540   144.290    1
   -125.00      0.00      12.000000       0.106155       0.106155        33      32.0      33.0       0.373029   293.440    70.040   147.180    1
   -125.00      5.00       7.332100       0.085945       0.085945        33      32.0      33.0       0.373029    25.970    64.140    18.090    0
   -125.00     10.00       2.664200       0.078262       0.078262        33      32.0      33.0       0.373029    17.710    78.220     8.100    0
   -120.00    -15.00      26.003710       0.044901       0.044901        33      32.0      33.0       0.373029   304.310    72.840   159.780    1
   -120.00    -10.00      21.335800       0.084644       0.084644        33      32.0      33.0       0.373029   298.880    68.800   147.540    1
   -120.00     -5.00      16.667900       0.108087       0.108087        33      32.0      33.0       0.373029    42.180    51.260    29.230    1
   -120.00      0.00      12.000000       0.102668       0.102668        33      32.0      33.0       0.373029   289.650    71.390   138.330    1
   -120.00      5.00       7.332100       0.083254       0.083254        33      32.0      33.0       0.373029    24.520    56.960    20.490    0
   -120.00     10.00       2.664200       0.077195       0.077195        33      32.0      33.0       0.373029    16.480    65.730    18.060    0
   -115.00    -15.00      26.003710       0.037380       0.037380        33      32.0      33.0       0.373029   303.720    68.410   153.490    1
   -115.00    -10.00      21.335800       0.074825       0.074825        33      32.0      33.0       0.373029    45.900    51.310    33.120    1
   -115.00     -5.00      16.667900       0.098213       0.098213        33      32.0      33.0       0.373029    44.980    43.750    37.890    1
   -115.00      0.00      12.000000       0.098374       0.098374        33      32.0      33.0       0.373029    34.860    43.470    28.810    1
   -115.00      5.00       7.332100       0.080673       0.080673        33      32.0      33.0       0.373029    20.050    52.440    22.520    0
   -115.00     10.00       2.664200       0.078458       0.078458        33      32.0      33.0       0.373029    12.350    60.880    23.060    0
   -110.00    -15.00      26.003710       0.029777       0.029777        33      32.0      33.0       0.373029    61.500    42.580    53.900    1
   -110.00    -10.00      21.335800       0.064588       0.064588        33      32.0      33.0       0.373029    56.590    38.490    52.260    1
   -110.00     -5.00      16.667900       0.090390       0.090390        33      32.0      33.0       0.373029    48.730    35.640    49.860    1
   -110.00      0.00      12.000000       0.093988       0.093988        33      32.0      33.0       0.373029    34.050    39.540    37.860    1
   -110.00      5.00       7.332100       0.079696       0.079696        33      32.0      33.0       0.373029    13.600    53.760    28.720    0
   -110.00     10.00       2.664200       0.080895       0.080895        33      32.0      33.0       0.373029     6.050    61.120    27.000    0
   -105.00    -15.00      26.003710       0.028024       0.028024        33      32.0      33.0       0.373029    86.590    23.340    90.000    1
   -105.00    -10.00      21.335800       0.057154       0.057154        33      32.0      33.0       0.373029    64.480    29.660    66.610    1
   -105.00     -5.00      16.667900       0.080847       0.080847        33      32.0      33.0       0.373029    44.820    32.590    55.580    1
   -105.00      0.00      12.000000       0.088801       0.088801        33      32.0      33.0       0.373029    28.890    40.020    45.900    1
   -105.00      5.00       7.332100       0.079735       0.079735        33      32.0      33.0       0.373029     7.680    57.750    36.300    0
   -105.00     10.00       2.664200       0.082383       0.082383        33      32.0      33.0       0.373029   359.900    64.120    29.280    0
   -100.00    -15.00      26.003710       0.033801       0.033801        33      32.0      33.0       0.373029    78.270     8.190    86.530    1
   -100.00    -10.00      21.335800       0.048218       0.048218        33      32.0      33.0       0.373029   259.680    68.450   102.140    1
   -100.00     -5.00      16.667900       0.069048       0.069048        33      32.0      33.0       0.373029    29.470    37.500    55.830    1
   -100.00      0.00      12.000000       0.084382       0.084382        33      32.0      33.0       0.373029    23.320    41.540    52.940    0
   -100.00      5.00       7.332100       0.078825       0.078825        33      32.0      33.0       0.373029     6.510    58.340    43.230    0
   -100.00     10.00       2.664200       0.079936       0.079936        33      32.0      33.0       0.373029   354.150    69.420    25.920    0
    -95.00    -15.00      26.003710       0.037111       0.037111        33      32.0      33.0       0.373029   154.260     1.390   155.180    0
    -95.00    -10.00      21.335800       0.042779       0.042779        33      32.0      33.0       0.373029   337.240    57.810    45.240    0
    -95.00     -5.00      16.667900       0.056023       0.056023        33      32.0      33.0       0.373029    17.300    45.390    61.890    0
    -95.00      0.00      12.000000       0.072915       0.072915        33      32.0      33.0       0.373029    21.860    41.490    59.580    0
    -95.00      5.00       7.332100       0.069228       0.069228        33      32.0      33.0       0.373029     4.840    59.100    43.830    0
    -95.00     10.00       2.664200       0.070510       0.070510        33      32.0      33.0       0.373029   346.520    89.480     5.660    0
    -90.00    -15.00      26.003710       0.035851       0.035851        33      32.0      33.0       0.373029   204.830    10.180  -171.190    0
    -90.00    -10.00      21.335800       0.035884       0.035884        33      32.0      33.0       0.373029   331.080    76.660    46.720    0
    -90.00     -5.00      16.667900       0.039536       0.039536        33      32.0      33.0       0.373029   218.380    40.580    94.820    1
    -90.00      0.00      12.000000       0.052224       0.052224        33      32.0      33.0       0.373029   228.690    52.410    99.970    1
    -90.00      5.00       7.332100       0.049958       0.049958        33      32.0      33.0       0.373029   351.150    80.430    13.930    0
    -90.00     10.00       2.664200       0.054622       0.054622        33      32.0      33.0       0.373029   165.030    75.850     8.150    0
    -85.00    -15.00      26.003710       0.020336       0.020336        33      32.0      33.0       0.373029    64.680     8.580    57.610    1
    -85.00    -10.00      21.335800       0.025108       0.025108        33      32.0      33.0       0.373029     6.270    82.900    72.930    0
    -85.00     -5.00      16.667900       0.015161       0.015161        33      32.0      33.0       0.373029   200.850    59.530    60.190    0
    -85.00      0.00      12.000000       0.019221       0.019221        33      32.0      33.0       0.373029   177.280    70.080    31.470    0
    -85.00      5.00       7.332100       0.020484       0.020484        33      32.0      33.0       0.373029   164.520    76.070    17.090    0
    -85.00     10.00       2.664200       0.021068       0.021068        33      32.0      33.0       0.373029   159.850    84.090    10.460    0
    -80.00    -15.00      26.003710       0.000000       0.000000        33      32.0      33.0       0.373029   180.000    45.000    90.000    0
    -80.00    -10.00      21.335800       0.000000       0.000000        33      32.0      33.0       0.373029   180.000    45.000    90.000    0
    -80.00     -5.00      16.667900       0.000000       0.000000        33      32.0      33.0       0.373029   180.000    45.000    90.000    0
    -80.00      0.00      12.000000       0.000000       0.000000        33      32.0      33.0       0.373029   180.000    45.000    90.000    0
    -80.00      5.00       7.332100       0.000000       0.000000        33      32.0      33.0       0.373029   180.000    45.000    90.000    0
    -80.00     10.00       2.664200       0.000000       0.000000        33      32.0      33.0       0.373029   180.000    45.000    90.000    0
    -75.00    -15.00      26.003710       0.000000       0.000000        33      32.0      33.0       0.373029   180.000    45.000    90.000    0
    -75.00    -10.00      21.335800       0.000000       0.000000        33      32.0      33.0       0.373029   180.000    45.000    90.000    0
    -75.00     -5.00      16.667900       0.000000       0.000000        33      32.0      33.0       0.373029   180.000    45.000    90.000    0
    -75.00      0.00      12.000000       0.000000       0.000000        33      32.0      33.0       0.373029   180.000    45.000    90.000    0
    -75.00      5.00       7.332100       0.000000       0.000000        33      32.0      33.0       0.373029   180.000    45.000    90.000    0
    -75.00     10.00       2.664200       0.000000       0.000000        33      32.0      33.0       0.373029   180.000    45.000    90.000    0
    -70.00    -15.00      26.003710       0.000000       0.000000        33      32.0      33.0       0.373029   180.000    45.000    90.000    0
    -70.00    -10.00      21.335800       0.000000       0.000000        33      32.0      33.0       0.373029   180.000    45.000    90.000    0
    -70.00     -5.00      16.667900       0.000000       0.000000        33      32.0      33.0       0.373029   180.000    45.000    90.000    0
    -70.00      0.00      12.000000       0.000000       0.000000        33      32.0      33.0       0.373029   180.000    45.000    90.000    0
    -70.00      5.00       7.332100       0.000000       0.000000        33      32.0      33.0       0.373029   180.000    45.000    90.000    0
    -70.00     10.00       2.664200       0.000000       0.000000        33      32.0      33.0       0.373029   180.000    45.000    90.000    0
    -65.00    -15.00      26.003710       0.000000       0.000000        33      32.0      33.0       0.373029   180.000    45.000    90.000    0
    -65.00    -10.00      21.335800       0.000000       0.000000        33      32.0      33.0       0.373029   180.000    45.000    90.000    0
    -65.00     -5.00      16.667900       0.000000       0.000000        33      32.0      33.0       0.373029   180.000    45.000    90.000    0
    -65.00      0.00      12.000000       0.000000       0.000000        33      32.0      33.0       0.373029   180.000    45.000    90.000    0
    -65.00      5.00       7.332100       0.000000       0.000000        33      32.0      33.0       0.373029   180.000    45.000    90.000    0
    -65.00     10.00       2.664200       0.000000       0.000000        33      32.0      33.0       0.373029   180.000    45.000    90.000    0
    -60.00    -15.00      26.003710       0.000000       0.000000        33      32.0      33.0       0.373029   180.000    45.000    90.000    0
    -60.00    -10.00      21.335800       0.000000       0.000000        33      32.0      33.0       0.373029   180.000    45.000    90.000    0
    -60.00     -5.00      16.667900       0.000000       0.000000        33      32.0      33.0       0.373029   180.000    45.000    90.000    0
    -60.00      0.00      12.000000       0.000000       0.000000        33      32.0      33.0       0.373029   180.000    45.000    90.000    0
    -60.00      5.00       7.332100       0.000000       0.000000        33      32.0      33.0       0.373029   180.000    45.000    90.000    0
    -60.00     10.00       2.664200       0.000000       0.000000        33      32.0      33.0       0.373029   180.000    45.000    90.000    0
    -55.00    -15.00      26.003710       0.000000       0.000000        33      32.0      33.0       0.373029   180.000    45.000    90.000    0
    -55.00    -10.00      21.335800       0.000000       0.000000        33      32.0      33.0       0.373029   180.000    45.000    90.000    0
    -55.00     -5.00      16.667900       0.000000       0.000000        33      32.0      33.0       0.373029   180.000    45.000    90.000    0
    -55.00      0.00      12.000000       0.000000       0.000000        33      32.0      33.0       0.373029   180.000    45.000    90.000    0
    -55.00      5.00       7.332100       0.000000       0.000000        33      32.0      33.0       0.373029   180.000    45.000    90.000    0
    -55.00     10.00       2.664200       0.000000       0.000000        33      32.0      33.0       0.373029   180.000    45.000    90.000    0
    -50.00    -15.00      26.003710       0.000000       0.000000        33      32.0      33.0       0.373029   180.000    45.000    90.000    0
    -50.00    -10.00      21.335800       0.000000       0.000000        33      32.0      33.0       0.373029   180.000    45.000    90.000    0
    -50.00     -5.00      16.667900       0.000000       0.000000        33      32.0      33.0       0.373029   180.000    45.000    90.000    0
    -50.00      0.00      12.000000       0.000000       0.000000        33      32.0      33.0       0.373029   180.000    45.000    90.000    0
    -50.00      5.00       7.332100       0.000000       0.000000        33      32.0      33.0       0.373029   180.000    45.000    90.000    0
    -50.00     10.00       2.664200       0.000000       0.000000        33      32.0      33.0       0.373029   180.000    45.000    90.000    0
    -45.00    -15.00      26.003710       0.000000       0.000000        33      32.0      33.0       0.373029   180.000    45.000    90.000    0
    -45.00    -10.00      21.335800       0.000000       0.000000        33      32.0      33.0       0.373029   180.000    45.000    90.000    0
    -45.00     -5.00      16.667900       0.000000       0.000000        33      32.0      33.0       0.373029   180.000    45.000    90.000    0
    -45.00      0.00      12.000000       0.000000       0.000000        33      32.0      33.0       0.373029   180.000    45.000    90.000    0
    -45.00      5.00       7.332100       0.000000       0.000000        33      32.0      33.0       0.373029   180.000    45.000    90.000    0
    -45.00     10.00       2.664200       0.000000       0.000000        33      32.0      33.0       0.373029   180.000    45.000    90.000    0
    -40.00    -15.00      26.003710       0.000000       0.000000        33      32.0      33.0       0.373029   180.000    45.000    90.000    0
    -40.00    -10.00      21.335800       0.000000       0.000000        33      32.0      33.0       0.373029   180.000    45.000    90.000    0
    -40.00     -5.00      16.667900       0.000000       0.000000        33      32.0      33.0       0.373029   180.000    45.000    90.000    0
    -40.00      0.00      12.000000       0.000000       0.000000        33      32.0      33.0       0.373029   180.000    45.000    90.000    0
    -40.00      5.00       7.332100       0.000000       0.000000        33      32.0      33.0       0.373029   180.000    45.000    90.000    0
    -40.00     10.00       2.664200       0.000000       0.000000        33      32.0      33.0       0.373029   180.000    45.000    90.000    0
    -35.00    -15.00      26.003710       0.000000       0.000000        33      32.0      33.0       0.373029   180.000    45.000    90.000    0
    -35.00    -10.00      21.335800       0.000000       0.000000        33      32.0      33.0       0.373029   180.000    45.000    90.000    0
    -35.00     -5.00      16.667900       0.000000       0.000000        33      32.0      33.0       0.373029   180.000    45.000    90.000    0
    -35.00      0.00      12.000000       0.000000       0.000000        33      32.0      33.0       0.373029   180.000    45.000    90.000    0
    -35.00      5.00       7.332100       0.000000       0.000000        33      32.0      33.0       0.373029   180.000    45.000    90.000    0
    -35.00     10.00       2.664200       0.000000       0.000000        33      32.0      33.0       0.373029   180.000    45.000    90.000    0
    -30.00    -15.00      26.003710       0.000000       0.000000        33      32.0      33.0       0.373029   180.000    45.000    90.000    0
    -30.00    -10.00      21.335800       0.000000       0.000000        33      32.0      33.0       0.373029   180.000    45.000    90.000    0
    -30.00     -5.00      16.667900       0.000000       0.000000        33      32.0      33.0       0.373029   180.000    45.000    90.000    0
    -30.00      0.00      12.000000       0.000000       0.000000        33      32.0      33.0       0.373029   180.000    45.000    90.000    0
    -30.00      5.00       7.332100       0.000000       0.000000        33      32.0      33.0       0.373029   180.000    45.000    90.000    0
    -30.00     10.00       2.664200       0.000000       0.000000        33      32.0      33.0       0.373029   180.000    45.000    90.000    0
    -25.00    -15.00      26.003710       0.000000       0.000000        33      32.0      33.0       0.373029   180.000    45.000    90.000    0
    -25.00    -10.00      21.335800       0.000000       0.000000        33      32.0      33.0       0.373029   180.000    45.000    90.000    0
    -25.00     -5.00      16.667900       0.000000       0.000000        33      32.0      33.0       0.373029   180.000    45.000    90.000    0
    -25.00      0.00      12.000000       0.000000       0.000000        33      32.0      33.0       0.373029   180.000    45.000    90.000    0
    -25.00      5.00       7.332100       0.000000       0.000000        33      32.0      33.0       0.373029   180.000    45.000    90.000    0
    -25.00     10.00       2.664200       0.000000       0.000000        33      32.0      33.0       0.373029   180.000    45.000    90.000    0
    -20.00    -15.00      26.003710       0.000000       0.000000        33      32.0      33.0       0.373029   180.000    45.000    90.000    0
    -20.00    -10.00      21.335800       0.000000       0.000000        33      32.0      33.0       0.373029   180.000    45.000    90.000    0
    -20.00     -5.00      16.667900       0.000000       0.000000        33      32.0      33.0       0.373029   180.000    45.000    90.000    0
    -20.00      0.00      12.000000       0.000000       0.000000        33      32.0      33.0       0.373029   180.000    45.000    90.000    0
    -20.00      5.00       7.332100       0.000000       0.000000        33      32.0      33.0       0.373029   180.000    45.000    90.000    0
    -20.00     10.00       2.664200       0.000000       0.000000        33      32.0      33.0       0.373029   180.000    45.000    90.000    0
    -15.00    -15.00      26.003710       0.000000       0.000000        33      32.0      33.0       0.373029   180.000    45.000    90.000    0
    -15.00    -10.00      21.335800       0.000000       0.000000        33      32.0      33.0       0.373029   180.000    45.000    90.000    0
    -15.00     -5.00      16.667900       0.000000       0.000000        33      32.0      33.0       0.373029   180.000    45.000    90.000    0
    -15.00      0.00      12.000000       0.000000       0.000000        33      32.0      33.0       0.373029   180.000    45.000    90.000    0
    -15.00      5.00       7.332100       0.000000       0.000000        33      32.0      33.0       0.373029   180.000    45.000    90.000    0
    -15.00     10.00       2.664200       0.000000       0.000000        33      32.0      33.0       0.373029   180.000    45.000    90.000    0
    -10.00    -15.00      26.003710       0.000000       0.000000        33      32.0      33.0       0.373029   180.000    45.000    90.000    0
    -10.00    -10.00      21.335800       0.000000       0.000000        33      32.0      33.0       0.373029   180.000    45.000    90.000    0
    -10.00     -5.00      16.667900       0.000000       0.000000        33      32.0      33.0       0.373029   180.000    45.000    90.000    0
    -10.00      0.00      12.000000       0.000000       0.000000        33      32.0      33.0       0.373029   180.000    45.000    90.000    0
    -10.00      5.00       7.332100       0.000000       0.000000        33      32.0      33.0       0.373029   180.000    45.000    90.000    0
    -10.00     10.00       2.664200       0.000000       0.000000        33      32.0      33.0       0.373029   180.000    45.000    90.000    0
     -5.00    -15.00      26.003710       0.000000       0.000000        33      32.0      33.0       0.373029   180.000    45.000    90.000    0
     -5.00    -10.00      21.335800       0.000000       0.000000        33      32.0      33.0       0.373029   180.000    45.000    90.000    0
     -5.00     -5.00      16.667900       0.000000       0.000000        33      32.0      33.0       0.373029   180.000    45.000    90.000    0
     -5.00      0.00      12.000000       0.000000       0.000000        33      32.0      33.0       0.373029   180.000    45.000    90.000    0
     -5.00      5.00       7.332100       0.000000       0.000000        33      32.0      33.0       0.373029   180.000    45.000    90.000    0
     -5.00     10.00       2.664200       0.000000       0.000000        33      32.0      33.0       0.373029   180.000    45.000    90.000    0
      0.00    -15.00      26.003710       0.000000       0.000000        33      32.0      33.0       0.373029   180.000    45.000    90.000    0
      0.00    -10.00      21.335800       0.000000       0.000000        33      32.0      33.0       0.373029   180.000    45.000    90.000    0
      0.00     -5.00      16.667900       0.000000       0.000000        33      32.0      33.0       0.373029   180.000    45.000    90.000    0
      0.00      0.00      12.000000       0.000000       0.000000        33      32.0      33.0       0.373029   180.000    45.000    90.000    0
      0.00      5.00       7.332100       0.000000       0.000000        33      32.0      33.0       0.373029   180.000    45.000    90.000    0
      0.00     10.00       2.664200       0.000000       0.000000        33      32.0      33.0       0.373029   180.000    45.000    90.000    0
      5.00    -15.00      26.003710       0.000000       0.000000        33      32.0      33.0       0.373029   180.000    45.000    90.000    0
      5.00    -10.00      21.335800       0.000000       0.000000        33      32.0      33.0       0.373029   180.000    45.000    90.000    0
      5.00     -5.00      16.667900       0.000000       0.000000        33      32.0      33.0       0.373029   180.000    45.000    90.000    0
      5.00      0.00      12.000000       0.000000       0.000000        33      32.0      33.0       0.373029   180.000    45.000    90.000    0
      5.00      5.00       7.332100       0.000000       0.000000        33      32.0      33.0       0.373029   180.000    45.000    90.000    0
      5.00     10.00       2.664200       0.000000       0.000000        33      32.0      33.0       0.373029   180.000    45.000    90.000    0
     10.00    -15.00      26.003710       0.000000       0.000000        33      32.0      33.0       0.373029   180.000    45.000    90.000    0
     10.00    -10.00      21.335800       0.000000       0.000000        33      32.0      33.0       0.373029   180.000    45.000    90.000    0
     10.00     -5.00      16.667900       0.000000       0.000000        33      32.0      33.0       0.373029   180.000    45.000    90.000    0
     10.00      0.00      12.000000       0.000000       0.000000        33      32.0      33.0       0.373029   180.000    45.000    90.000    0
     10.00      5.00       7.332100       0.000000       0.000000        33      32.0      33.0       0.373029   180.000    45.000    90.000    0
     10.00     10.00       2.664200       0.000000       0.000000        33      32.0      33.0       0.373029   180.000    45.000    90.000    0
     15.00    -15.00      26.003710       0.000000       0.000000        33      32.0      33.0       0.373029   180.000    45.000    90.000    0
     15.00    -10.00      21.335800       0.000000       0.000000        33      32.0      33.0       0.373029   180.000    45.000    90.000    0
     15.00     -5.00      16.667900       0.000000       0.000000        33      32.0      33.0       0.373029   180.000    45.000    90.000    0
     15.00      0.00      12.000000       0.000000       0.000000        33      32.0      33.0       0.373029   180.000    45.000    90.000    0
     15.00      5.00       7.332100       0.000000       0.000000        33      32.0      33.0       0.373029   180.000    45.000    90.000    0
     15.00     10.00       2.664200       0.000000       0.000000        33      32.0      33.0       0.373029   180.000    45.000    90.000    0
     20.00    -15.00      26.003710       0.000000       0.000000        33      32.0      33.0       0.373029   180.000    45.000    90.000    0
     20.00    -10.00      21.335800       0.000000       0.000000        33      32.0      33.0       0.373029   180.000    45.000    90.000    0
     20.00     -5.00      16.667900       0.000000       0.000000        33      32.0      33.0       0.373029   180.000    45.000    90.000    0
     20.00      0.00      12.000000       0.000000       0.000000        33      32.0      33.0       0.373029   180.000    45.000    90.000    0
     20.00      5.00       7.332100       0.000000       0.000000        33      32.0      33.0       0.373029   180.000    45.000    90.000    0
     20.00     10.00       2.664200       0.000000       0.000000        33      32.0      33.0       0.373029   180.000    45.000    90.000    0
     25.00    -15.00      26.003710       0.000000       0.000000        33      32.0      33.0       0.373029   180.000    45.000    90.000    0
     25.00    -10.00      21.335800       0.000000       0.000000        33      32.0      33.0       0.373029   180.000    45.000    90.000    0
     25.00     -5.00      16.667900       0.000000       0.000000        33      32.0      33.0       0.373029   180.000    45.000    90.000    0
     25.00      0.00      12.000000       0.000000       0.000000        33      32.0      33.0       0.373029   180.000    45.000    90.000    0
     25.00      5.00       7.332100       0.000000       0.000000        33      32.0      33.0       0.373029   180.000    45.000    90.000    0
     25.00     10.00       2.664200       0.000000       0.000000        33      32.0      33.0       0.373029   180.000    45.000    90.000    0
     30.00    -15.00      26.003710       0.000000       0.000000        33      32.0      33.0       0.373029   180.000    45.000    90.000    0
     30.00    -10.00      21.335800       0.000000       0.000000        33      32.0      33.0       0.373029   180.000    45.000    90.000    0
     30.00     -5.00      16.667900       0.000000       0.000000        33      32.0      33.0       0.373029   180.000    45.000    90.000    0
     30.00      0.00      12.000000       0.000000       0.000000        33      32.0      33.0       0.373029   180.000    45.000    90.000    0
     30.00      5.00       7.332100       0.000000       0.000000        33      32.0      33.0       0.373029   180.000    45.000    90.000    0
     30.00     10.00       2.664200       0.000000       0.000000        33      32.0      33.0       0.373029   180.000    45.000    90.000    0
     35.00    -15.00      26.003710       0.000000       0.000000        33      32.0      33.0       0.373029   180.000    45.000    90.000    0
     35.00    -10.00      21.335800       0.000000       0.000000        33      32.0      33.0       0.373029   180.000    45.000    90.000    0
     35.00     -5.00      16.667900       0.000000       0.000000        33      32.0      33.0       0.373029   180.000    45.000    90.000    0
     35.00      0.00      12.000000       0.000000       0.000000        33      32.0      33.0       0.373029   180.000    45.000    90.000    0
     35.00      5.00       7.332100       0.000000       0.000000        33      32.0      33.0       0.373029   180.000    45.000    90.000    0
     35.00     10.00       2.664200       0.000000       0.000000        33      32.0      33.0       0.373029   180.000    45.000    90.000    0
     40.00    -15.00      26.003710       0.000000       0.000000        33      32.0      33.0       0.373029   180.000    45.000    90.000    0
     40.00    -10.00      21.335800       0.000000       0.000000        33      32.0      33.0       0.373029   180.000    45.000    90.000    0
     40.00     -5.00      16.667900       0.000000       0.000000        33      32.0      33.0       0.373029   180.000    45.000    90.000    0
     40.00      0.00      12.000000       0.000000       0.000000        33      32.0      33.0       0.373029   180.000    45.000    90.000    0
     40.00      5.00       7.332100       0.000000       0.000000        33      32.0      33.0       0.373029   180.000    45.000    90.000    0
     40.00     10.00       2.664200       0.000000       0.000000        33      32.0      33.0       0.373029   180.000    45.000    90.000    0
     45.00    -15.00      26.003710       0.000000       0.000000        33      32.0      33.0       0.373029   180.000    45.000    90.000    0
     45.00    -10.00      21.335800       0.000000       0.000000        33      32.0      33.0       0.373029   180.000    45.000    90.000    0
     45.00     -5.00      16.667900       0.000000       0.000000        33      32.0      33.0       0.373029   180.000    45.000    90.000    0
     45.00      0.00      12.000000       0.000000       0.000000        33      32.0      33.0       0.373029   180.000    45.000    90.000    0
     45.00      5.00       7.332100       0.000000       0.000000        33      32.0      33.0       0.373029   180.000    45.000    90.000    0
     45.00     10.00       2.664200       0.000000       0.000000        33      32.0      33.0       0.373029   180.000    45.000    90.000    0
     50.00    -15.00      26.003710       0.000000       0.000000        33      32.0      33.0       0.373029   180.000    45.000    90.000    0
     50.00    -10.00      21.335800       0.000000       0.000000        33      32.0      33.0       0.373029   180.000    45.000    90.000    0
     50.00     -5.00      16.667900       0.000000       0.000000        33      32.0      33.0       0.373029   180.000    45.000    90.000    0
     50.00      0.00      12.000000       0.000000       0.000000        33      32.0      33.0       0.373029   180.000    45.000    90.000    0
     50.00      5.00       7.332100       0.000000       0.000000        33      32.0      33.0       0.373029   180.000    45.000    90.000    0
     50.00     10.00       2.664200       0.000000       0.000000        33      32.0      33.0       0.373029   180.000    45.000    90.000    0
