     119.952240      -1.926360      26.003710       0.000000            NaN            NaN            NaN            NaN            NaN            NaN   26
     119.950684      -1.881170      26.003710       0.000000            NaN            NaN            NaN            NaN            NaN            NaN   26
     119.949112      -1.835980      26.003710       0.000000            NaN            NaN            NaN            NaN            NaN            NaN   26
     119.947540      -1.790790      26.003710       0.000000            NaN            NaN            NaN            NaN            NaN            NaN   26
     119.945969      -1.745600      26.003710       0.000000            NaN            NaN            NaN            NaN            NaN            NaN   26
     119.944397      -1.700410      26.003710       0.056600      -0.130000       0.195000      -0.065000       0.485000       1.317500      -0.310000   26
     119.942841      -1.655220      26.003710       0.153200      -1.647500       1.687500      -0.040000      -3.305000      -0.077500       0.992500   26
     119.941269      -1.610030      26.003710       0.221100      -2.085000       2.482500      -0.397500      -4.620000       1.192500       1.575000   26
     119.939697      -1.564840      26.003710       0.228800      -2.855000       4.530001      -1.675000      -3.587500       1.462500       1.545000   26
     119.938133      -1.519650      26.003710       0.183300      -1.150000       3.220000      -2.070000      -3.815000      -0.770000       1.505000   26
     119.936562      -1.474460      26.003710       0.154700       0.937500       0.265000      -1.202500      -3.365000      -1.415000      -0.732500   26
     119.934998      -1.429270      26.003710       0.251100       2.740000      -2.475000      -0.265000      -3.610000       0.592500      -4.422500   26
     119.933434      -1.384080      26.003710       0.377000       3.720000      -4.640000       0.920000      -3.255000       2.357500      -7.442499   26
     119.931862      -1.338890      26.003710       0.482600       4.910000      -6.257500       1.347500      -3.247500       3.812500      -9.427500   26
     119.930290      -1.293690      26.003710       0.542900       0.573000      -0.571500      -0.001500      -0.207750       0.608000      -1.052250   26
     119.928726      -1.248500      26.003710       0.668000       1.119250      -0.896500      -0.222750      -0.034750       0.683000      -1.152750   26
     119.927162      -1.203310      26.003710       0.724300       1.189000      -0.657750      -0.531250      -0.036750       0.848500      -1.243500   26
     119.925591      -1.158120      26.003710       0.792500       1.000750      -0.139000      -0.861750      -0.128750       1.112500      -1.362250   26
     119.924026      -1.112930      26.003710       0.770100       0.857750       0.283250      -1.141000       0.021500       1.024250      -1.375500   26
     119.922462      -1.067740      26.003710       0.802700       0.690750       0.571750      -1.262500       0.022250       1.050750      -1.435000   26
     119.920891      -1.022550      26.003710       0.769700       0.746000       0.584500      -1.330500       0.316500       0.926750      -1.459500   26
     119.919319      -0.977360      26.003710       0.763200       0.850750       0.353250      -1.204000       0.744750       0.412500      -1.461500   26
     119.917763      -0.932170      26.003710       0.709900       0.432250       0.633000      -1.065250       0.346000       0.058000      -1.509750   26
     119.916191      -0.886980      26.003710       0.747500       0.046750       0.826500      -0.873250      -0.296000      -0.045250      -1.637000   26
     119.914619      -0.841790      26.003710       0.905600      -0.104000       0.840250      -0.736250      -0.369500      -0.663250      -1.984000   26
     119.913063      -0.796600      26.003710       0.969900       0.357250       0.124500      -0.481750      -0.414000      -0.718500      -2.288500   26
     119.911491      -0.751410      26.003710       1.101900       0.537750      -0.339750      -0.198000      -0.639000      -0.900000      -2.581750   26
     119.909920      -0.706210      26.003710       1.224600       0.328000      -0.183250      -0.144750      -1.068000      -1.187500      -2.731500   26
     119.908363      -0.661020      26.003710       1.268300       0.044500       0.353250      -0.397750      -1.144750      -0.872750      -2.844750   26
     119.906792      -0.615830      26.003710       1.301100      -0.032250       0.698000      -0.665750      -0.812500      -0.661500      -3.011500   26
     119.905220      -0.570640      26.003710       1.204600      -0.000750       0.634250      -0.633500      -0.621250       0.099250      -2.876500   26
     119.903664      -0.525450      26.003710       1.243300       0.305000       0.380500      -0.685500      -0.572250       0.910500      -2.855250   26
     119.902092      -0.480260      26.003710       1.302200      -0.250500       0.930000      -0.679500      -0.993000       0.844250      -2.925750   26
     119.900528      -0.435070      26.003710       1.316900      -0.130250       0.815750      -0.685500      -1.038500       0.458750      -3.019500   26
     119.898956      -0.389880      26.003710       1.303400       0.274000       0.339250      -0.613250      -0.801000       0.323750      -3.097000   26
     119.897392      -0.344690      26.003710       1.453100       0.298000       0.339500      -0.637500      -0.919500       0.380000      -3.450250   26
     119.895828      -0.299500      26.003710       1.469900       0.292750       0.209000      -0.501750      -0.819500       0.179500      -3.554250   26
     119.894257      -0.254300      26.003710       1.449900       0.088000       0.178750      -0.266750      -1.206750      -0.160250      -3.408500   26
     119.892693      -0.209110      26.003710       1.442500       0.050750       0.055750      -0.106500      -1.850500      -0.357750      -3.086250   26
     119.891121      -0.163920      26.003710       1.258200       0.559000      -0.335000      -0.224000      -1.675250      -0.216000      -2.647500   26
     119.889549      -0.118730      26.003710       0.997600       0.575250       0.076500      -0.651750      -1.254000      -0.467000      -2.089750   26
     119.887978      -0.073540      26.003710       0.685400       0.745500       0.181500      -0.927000      -0.949500      -0.326250      -1.135000   26
     119.886414      -0.028350      26.003710       0.575400       1.171500      -0.454750      -0.716750      -0.893000      -0.163000      -0.498500   26
     119.884850       0.016840      26.003710       0.648100       1.376000      -0.608750      -0.767250      -1.003250      -0.489250      -0.309750   26
     119.883278       0.062030      26.003710       0.384800       8.082500       0.132499      -8.214999      -5.142500      -0.702500      -1.457500   26
     119.881706       0.107230      26.003710       0.271500       3.680000       4.735001      -8.415001       0.515000      -0.630000       1.235000   26
     119.880142       0.152420      26.003710       0.215600       1.197500       4.667500      -5.865000       0.282500      -0.007500       1.087500   26
     119.878571       0.197610      26.003710       0.151400      -0.820000       3.465000      -2.645000       0.347500       1.967500      -0.792500   26
     119.936150      -1.926930      21.335800       0.000000            NaN            NaN            NaN            NaN            NaN            NaN   26
     119.934578      -1.881740      21.335800       0.000000            NaN            NaN            NaN            NaN            NaN            NaN   26
     119.933006      -1.836550      21.335800       0.000000            NaN            NaN            NaN            NaN            NaN            NaN   26
     119.931450      -1.791360      21.335800       0.000000            NaN            NaN            NaN            NaN            NaN            NaN   26
     119.929878      -1.746170      21.335800       0.000000            NaN            NaN            NaN            NaN            NaN            NaN   26
     119.928307      -1.700980      21.335800       0.067200      -0.170000       0.645000      -0.475000      -1.370000      -0.812500       0.252500   26
     119.926743      -1.655790      21.335800       0.063000      -1.035000       0.875000       0.160000      -0.512500      -0.660000       1.015000   26
     119.925179      -1.610590      21.335800       0.171200      -3.165000       3.837500      -0.672500      -1.747500       0.810000       1.502500   26
     119.923607      -1.565400      21.335800       0.187500      -3.020000       5.067501      -2.047500      -1.825000       0.790000       0.695000   26
     119.922043      -1.520210      21.335800       0.165000      -1.065000       3.715000      -2.650000       0.132500      -1.847500      -1.615000   26
     119.920471      -1.475020      21.335800       0.245900       2.135000      -0.507500      -1.627500      -1.092500      -3.325000      -5.057500   26
     119.918907      -1.429830      21.335800       0.480500       0.602250      -0.724000       0.121750      -0.440000      -0.159000      -1.036250   26
     119.917343      -1.384640      21.335800       0.723400       0.753750      -1.115750       0.362000      -0.536250       0.170750      -1.487500   26
     119.915771      -1.339450      21.335800       0.840500       0.956250      -1.346250       0.390000      -0.365000       0.314500      -1.762750   26
     119.914200      -1.294260      21.335800       0.901100       0.899250      -1.123750       0.224500      -0.405750       0.278000      -2.033000   26
     119.912643      -1.249070      21.335800       1.030700       1.443500      -1.222250      -0.221250      -0.297000       0.477000      -2.282500   26
     119.911072      -1.203880      21.335800       1.124300       1.726250      -1.001500      -0.724750      -0.433750       0.751750      -2.301000   26
     119.909500      -1.158690      21.335800       1.195600       1.636000      -0.152500      -1.483500      -0.367750       1.150750      -2.319500   26
     119.907944      -1.113500      21.335800       1.292800       1.291000       0.859500      -2.150500      -0.187750       1.426750      -2.362250   26
     119.906372      -1.068310      21.335800       1.392300       0.753000       1.695750      -2.448750       0.089500       1.391500      -2.485000   26
     119.904800      -1.023120      21.335800       1.464500       0.454750       2.093250      -2.548000       0.752750       1.307000      -2.498750   26
     119.903236      -0.977920      21.335800       1.387300       0.740250       1.554000      -2.294250       1.164750       0.712250      -2.553250   26
     119.901672      -0.932730      21.335800       1.285000       0.767750       1.235750      -2.003500       0.747000       0.171250      -2.647500   26
     119.900101      -0.887540      21.335800       1.381200       0.415000       1.309000      -1.724000      -0.164500       0.044000      -3.096500   26
     119.898537      -0.842350      21.335800       1.648000       0.224000       1.207750      -1.431750      -0.530750      -0.856750      -3.785250   26
     119.896973      -0.797160      21.335800       1.854600       0.487000       0.434250      -0.921250      -0.811250      -1.308750      -4.368000   26
     119.895401      -0.751970      21.335800       2.151500       0.406500       0.172500      -0.579000      -1.216750      -1.737750      -5.004750   26
     119.893837      -0.706780      21.335800       2.346300       0.219500       0.264250      -0.483750      -1.836500      -2.002500      -5.305000   26
     119.892273      -0.661590      21.335800       2.403800      -0.407000       1.133500      -0.726500      -2.036250      -1.384000      -5.407250   26
     119.890701      -0.616400      21.335800       2.355800      -0.371500       1.465250      -1.093750      -1.202000      -0.684750      -5.571250   26
     119.889137      -0.571210      21.335800       2.302600      -0.592250       1.866750      -1.274500      -1.089000       0.275750      -5.433750   26
     119.887573      -0.526020      21.335800       2.322300      -0.732500       2.047000      -1.314500      -1.288750       1.156250      -5.335000   26
     119.886002      -0.480820      21.335800       2.394200      -1.041250       2.350000      -1.308750      -1.702000       1.261500      -5.397500   26
     119.884438      -0.435630      21.335800       2.424400      -0.619250       1.837250      -1.218000      -1.872750       1.010750      -5.538000   26
     119.882874      -0.390440      21.335800       2.514600      -0.423250       1.291250      -0.868000      -2.206500       0.958750      -5.770000   26
     119.881310      -0.345250      21.335800       2.758000      -0.230500       1.341250      -1.110750      -2.417000       0.570000      -6.340250   26
     119.879738      -0.300060      21.335800       2.898400      -0.215750       1.293250      -1.077500      -2.626750       0.458750      -6.652251   26
     119.878166      -0.254870      21.335800       2.884300      -0.298750       1.210500      -0.911750      -2.879000      -0.147000      -6.523500   26
     119.876602      -0.209680      21.335800       2.732800      -0.213250       0.909250      -0.696000      -3.163250      -0.791250      -5.953999   26
     119.875038      -0.164490      21.335800       2.277600       0.409750       0.219500      -0.629250      -2.643750      -0.695000      -5.007250   26
     119.873466      -0.119300      21.335800       1.924800       0.494000       0.512000      -1.006000      -2.710750      -0.870500      -3.845500   26
     119.871902      -0.074100      21.335800       1.218700       0.890000       0.604750      -1.494750      -1.731250      -0.266750      -2.137250   26
     119.870331      -0.028910      21.335800       0.936900       1.535500      -0.045000      -1.490500      -1.409500      -0.155500      -1.095000   26
     119.868759       0.016280      21.335800       0.942800       2.040250      -0.557000      -1.483250      -1.375000      -0.294000      -0.685750   26
     119.867188       0.061470      21.335800       0.683200       1.659750      -0.096250      -1.563500      -0.418000      -0.014000      -0.380750   26
     119.865623       0.106660      21.335800       0.481100       0.826500       0.623250      -1.449750      -0.074500      -0.348250       0.054250   26
     119.864052       0.151850      21.335800       0.481900      -0.009750       1.150250      -1.140500      -0.342000      -0.087250       0.151750   26
     119.862480       0.197040      21.335800       0.342900      -2.912500       8.927500      -6.015000      -4.120000      -1.605000      -0.077500   26
     119.920059      -1.927490      16.667900       0.000000            NaN            NaN            NaN            NaN            NaN            NaN   26
     119.918488      -1.882300      16.667900       0.000000            NaN            NaN            NaN            NaN            NaN            NaN   26
     119.916924      -1.837110      16.667900       0.000000            NaN            NaN            NaN            NaN            NaN            NaN   26
     119.915352      -1.791920      16.667900       0.000000            NaN            NaN            NaN            NaN            NaN            NaN   26
     119.913788      -1.746730      16.667900       0.000000            NaN            NaN            NaN            NaN            NaN            NaN   26
     119.912216      -1.701540      16.667900       0.057700      -0.317500      -0.147500       0.465000       1.440000       0.022500      -0.010000   26
     119.910652      -1.656350      16.667900       0.208600      -4.202500       3.950000       0.252500       3.202500       0.465000      -0.347500   26
     119.909081      -1.611160      16.667900       0.358600      -7.292500       8.647500      -1.355000       3.702500       1.585000      -0.090000   26
     119.907516      -1.565970      16.667900       0.276300      -5.192500       7.449999      -2.257500       2.180000       0.907500      -1.192500   26
     119.905952      -1.520780      16.667900       0.301000      -4.132500       5.872500      -1.740000       0.672500      -2.977500      -4.752500   26
     119.904381      -1.475590      16.667900       0.435600      -0.980000       0.165000       0.815000      -1.427500      -5.480000      -9.270000   26
     119.902809      -1.430400      16.667900       0.748600       0.699750      -1.234500       0.534750      -0.530750      -0.512250      -1.520750   26
     119.901253      -1.385210      16.667900       1.033000       1.163500      -2.006000       0.842500      -0.818250      -0.333250      -2.041500   26
     119.899681      -1.340020      16.667900       1.186100       1.156250      -2.049750       0.893500      -0.931500      -0.372500      -2.443750   26
     119.898109      -1.294830      16.667900       1.254500       1.084750      -1.709500       0.624750      -0.866000      -0.558250      -2.793000   26
     119.896553      -1.249630      16.667900       1.289500       1.441500      -1.511500       0.070000      -0.695000      -0.284250      -3.053500   26
     119.894981      -1.204440      16.667900       1.313800       1.834250      -1.180000      -0.654250      -0.696250      -0.052250      -3.095500   26
     119.893410      -1.159250      16.667900       1.380900       1.944750      -0.253750      -1.691000      -0.753250       0.236750      -3.038000   26
     119.891853      -1.114060      16.667900       1.539400       1.498250       1.192000      -2.690250      -0.570000       0.838500      -3.033750   26
     119.890282      -1.068870      16.667900       1.768600       0.918250       2.460250      -3.378500       0.065500       1.208000      -3.130000   26
     119.888710      -1.023680      16.667900       1.910000       0.236750       3.297000      -3.533750       0.774000       1.063750      -3.092500   26
     119.887154      -0.978490      16.667900       1.859700       0.129000       2.994750      -3.123750       1.106500       0.879500      -3.214250   26
     119.885582      -0.933300      16.667900       1.831200       0.027000       2.676500      -2.703500       0.724500       0.214500      -3.626250   26
     119.884010      -0.888110      16.667900       1.978900       0.140250       2.167750      -2.308000      -0.195750      -0.420500      -4.389000   26
     119.882446      -0.842920      16.667900       2.260600       0.506750       1.298000      -1.804750      -0.985250      -1.041500      -5.270250   26
     119.880882      -0.797730      16.667900       2.632800       0.439500       0.932500      -1.372000      -1.393000      -1.806500      -6.131250   26
     119.879311      -0.752540      16.667900       3.024900       0.191250       0.880500      -1.071750      -1.820250      -2.391750      -6.954500   26
     119.877747      -0.707340      16.667900       3.211200      -0.093500       1.043250      -0.949750      -2.229750      -2.508750      -7.301250   26
     119.876183      -0.662150      16.667900       3.244200      -0.787500       1.784750      -0.997250      -2.381750      -1.826000      -7.378749   26
     119.874619      -0.616960      16.667900       3.183900      -1.162250       2.507500      -1.345250      -1.883250      -0.722250      -7.420249   26
     119.873047      -0.571770      16.667900       3.219600      -1.796000       3.443000      -1.647000      -1.986750       0.150500      -7.383500   26
     119.871483      -0.526580      16.667900       3.199600      -2.131000       3.998250      -1.867250      -1.952750       0.889000      -7.214500   26
     119.869919      -0.481390      16.667900       3.248600      -2.287000       4.088000      -1.801000      -2.184000       1.353250      -7.267750   26
     119.868347      -0.436200      16.667900       3.286900      -1.685500       3.303250      -1.617750      -2.508750       1.562500      -7.425500   26
     119.866791      -0.391010      16.667900       3.396700      -1.315250       2.666250      -1.351000      -2.853000       1.152750      -7.767000   26
     119.865219      -0.345820      16.667900       3.738300      -1.057250       2.452000      -1.394750      -3.427500       0.475250      -8.506001   26
     119.863647      -0.300630      16.667900       4.054300      -0.938750       2.323500      -1.384750      -4.251750      -0.012750      -9.017750   26
     119.862091      -0.255430      16.667900       4.096000      -0.997750       2.223500      -1.225750      -4.490250      -0.711500      -8.979752   26
     119.860519      -0.210240      16.667900       3.765400      -0.982000       1.984750      -1.002750      -4.165250      -1.173000      -8.181250   26
     119.858948      -0.165050      16.667900       3.075000      -0.418250       1.349750      -0.931500      -3.621000      -1.016500      -6.603000   26
     119.857384      -0.119860      16.667900       2.409900       0.094750       1.382500      -1.477250      -3.028000      -1.162250      -4.908750   26
     119.855812      -0.074670      16.667900       1.617700       0.684750       1.144250      -1.829000      -2.199750      -0.317500      -2.979750   26
     119.854240      -0.029480      16.667900       1.271900       1.394250       0.558750      -1.953000      -1.973500      -0.292000      -1.759500   26
     119.852669       0.015710      16.667900       1.075900       1.667000       0.468250      -2.135250      -1.501000      -0.166500      -1.087000   26
     119.851097       0.060900      16.667900       0.888700       1.517750       0.602250      -2.120000      -0.940000      -0.243750      -0.670500   26
     119.849533       0.106090      16.667900       0.658400       0.979750       0.888750      -1.868500      -0.374500      -0.427500      -0.301000   26
     119.847961       0.151280      16.667900       0.586600       0.054250       1.392500      -1.446750      -0.307000      -0.194750      -0.029500   26
     119.846390       0.196470      16.667900       0.492800      -0.666750       1.502000      -0.835250      -0.407250      -0.083750      -0.030750   26
     119.903961      -1.928060      12.000000       0.000000            NaN            NaN            NaN            NaN            NaN            NaN   26
     119.902397      -1.882870      12.000000       0.000000            NaN            NaN            NaN            NaN            NaN            NaN   26
     119.900833      -1.837680      12.000000       0.000000            NaN            NaN            NaN            NaN            NaN            NaN   26
     119.899261      -1.792490      12.000000       0.000000            NaN            NaN            NaN            NaN            NaN            NaN   26
     119.897690      -1.747300      12.000000       0.000000            NaN            NaN            NaN            NaN            NaN            NaN   26
     119.896133      -1.702110      12.000000       0.043500      -5.700000       6.300000      -0.600000       4.625000      -8.400000       0.150000   26
     119.894562      -1.656920      12.000000       0.141700      -2.285000       3.245000      -0.960000       1.792500      -1.097500      -0.125000   26
     119.892990      -1.611730      12.000000       0.232200      -4.172500       5.947500      -1.775000       2.697500       0.352500      -0.767500   26
     119.891418      -1.566530      12.000000       0.276200      -4.957500       6.480000      -1.522500       3.092500      -0.097500      -2.680000   26
     119.889862      -1.521340      12.000000       0.406700      -5.857500       5.925000      -0.067500      -0.030000      -4.220000      -7.352500   26
     119.888290      -1.476150      12.000000       0.642800      -0.393250       0.106500       0.286750      -0.328250      -0.855000      -1.274500   26
     119.886719      -1.430960      12.000000       0.980200       0.261500      -1.122750       0.861250      -0.774750      -1.010750      -1.902000   26
     119.885162      -1.385770      12.000000       1.360500       1.005000      -2.309750       1.304750      -1.255250      -1.178500      -2.442750   26
     119.883591      -1.340580      12.000000       1.595800       1.335750      -2.691250       1.355500      -1.588000      -1.442750      -2.871250   26
     119.882019      -1.295390      12.000000       1.656600       1.337000      -2.407750       1.070750      -1.611000      -1.569250      -3.215750   26
     119.880463      -1.250200      12.000000       1.602800       1.464250      -1.922750       0.458500      -1.565000      -1.305250      -3.479250   26
     119.878891      -1.205010      12.000000       1.529600       1.597500      -1.124750      -0.472750      -1.461250      -1.078500      -3.532000   26
     119.877319      -1.159820      12.000000       1.544600       1.699750      -0.040250      -1.659500      -1.297000      -0.666250      -3.464500   26
     119.875763      -1.114630      12.000000       1.645700       1.534250       1.317750      -2.852000      -0.944750       0.124750      -3.303250   26
     119.874191      -1.069440      12.000000       1.922600       0.834500       2.994500      -3.829000      -0.189500       0.742500      -3.298500   26
     119.872620      -1.024250      12.000000       2.204700      -0.053750       4.181750      -4.128000       0.514000       0.938000      -3.462250   26
     119.871063      -0.979050      12.000000       2.261500      -0.531000       4.395500      -3.864500       0.761000       0.695000      -3.708000   26
     119.869492      -0.933860      12.000000       2.312700      -0.411750       3.805000      -3.393250       0.631000       0.207000      -4.475250   26
     119.867928      -0.888670      12.000000       2.456700      -0.075250       2.788500      -2.713250      -0.287500      -0.675750      -5.441500   26
     119.866364      -0.843480      12.000000       2.756100       0.451250       1.575250      -2.026500      -1.188500      -1.304250      -6.442250   26
     119.864792      -0.798290      12.000000       3.317700      -0.049750       1.718250      -1.668500      -1.877500      -2.405750      -7.575251   26
     119.863228      -0.753100      12.000000       3.663700      -0.505250       1.852500      -1.347250      -2.341250      -2.773500      -8.284000   26
     119.861656      -0.707910      12.000000       3.917800      -1.091000       2.390750      -1.299750      -2.568750      -2.701500      -8.825500   26
     119.860092      -0.662720      12.000000       3.944000      -1.650750       3.008250      -1.357500      -2.533000      -2.005750      -8.951500   26
     119.858528      -0.617530      12.000000       3.853300      -2.143000       3.682000      -1.539000      -2.379500      -0.791250      -8.850000   26
     119.856956      -0.572340      12.000000       3.853100      -2.546750       4.542000      -1.995250      -2.542750       0.197250      -8.709000   26
     119.855400      -0.527150      12.000000       3.843200      -3.256500       5.547500      -2.291000      -2.350500       0.852000      -8.510250   26
     119.853828      -0.481950      12.000000       3.851000      -3.438000       5.691500      -2.253500      -2.465250       1.570500      -8.457500   26
     119.852257      -0.436760      12.000000       3.920800      -3.291250       5.300250      -2.009000      -2.911750       1.799750      -8.675000   26
     119.850700      -0.391570      12.000000       4.079900      -2.689750       4.358500      -1.668750      -3.415000       1.257750      -9.202749   26
     119.849129      -0.346380      12.000000       4.354400      -2.397750       3.822000      -1.424250      -3.953500       0.597500      -9.833250   26
     119.847572      -0.301190      12.000000       4.837600      -0.286225       0.424650      -0.138425      -0.482650      -0.058125      -1.058100   26
     119.846001      -0.256000      12.000000       4.891200      -0.276175       0.396800      -0.120625      -0.513000      -0.133300      -1.050500   26
     119.844429      -0.210810      12.000000       4.486700      -2.175000       3.275250      -1.100250      -5.046000      -1.710250      -9.447249   26
     119.842873      -0.165620      12.000000       3.709000      -1.303250       2.420750      -1.117500      -4.551250      -1.542750      -7.648000   26
     119.841301      -0.120430      12.000000       2.760600      -0.443500       2.147000      -1.703500      -3.617000      -1.146750      -5.423750   26
     119.839737      -0.075240      12.000000       1.992600       0.099750       1.913500      -2.013250      -2.647750      -0.735750      -3.662250   26
     119.838173      -0.030050      12.000000       1.540100       0.623750       1.643500      -2.267250      -2.371750      -0.159500      -2.271250   26
     119.836601       0.015150      12.000000       1.220500       1.127250       1.390750      -2.518000      -1.443500       0.099500      -1.565750   26
     119.835037       0.060340      12.000000       1.020500       1.247500       1.223000      -2.470500      -0.978750      -0.204000      -1.061000   26
     119.833473       0.105530      12.000000       0.813600       0.861750       1.284500      -2.146250      -0.573500      -0.451750      -0.651750   26
     119.831909       0.150720      12.000000       0.711100      -0.293250       1.843750      -1.550500      -0.189250      -0.319500      -0.337500   26
     119.830338       0.195910      12.000000       0.516500      -0.807250       1.638250      -0.831000       0.180000      -0.105000      -0.109000   26
     119.887871      -1.928620       7.332100       0.000000            NaN            NaN            NaN            NaN            NaN            NaN   26
     119.886299      -1.883430       7.332100       0.000000            NaN            NaN            NaN            NaN            NaN            NaN   26
     119.884743      -1.838240       7.332100       0.000000            NaN            NaN            NaN            NaN            NaN            NaN   26
     119.883171      -1.793050       7.332100       0.000000            NaN            NaN            NaN            NaN            NaN            NaN   26
     119.881599      -1.747860       7.332100       0.000000            NaN            NaN            NaN            NaN            NaN            NaN   26
     119.880028      -1.702670       7.332100       0.060900       0.372500      -0.390000       0.017500      -1.185000      -0.867500      -0.130000   26
     119.878471      -1.657480       7.332100       0.084600       0.832500      -0.675000      -0.157500       0.922500      -1.772500       0.150000   26
     119.876900      -1.612290       7.332100       0.155100      -1.202500       2.090000      -0.887500       3.375000      -0.445000      -1.027500   26
     119.875328      -1.567100       7.332100       0.210600      -3.727500       4.355000      -0.627500       1.790000      -0.427500      -3.387500   26
     119.873772      -1.521910       7.332100       0.433200      -5.780000       4.162500       1.617500      -1.960000      -4.802500      -8.002501   26
     119.872200      -1.476720       7.332100       0.742500      -0.520250      -0.025750       0.546000      -0.538500      -0.960750      -1.402750   26
     119.870628      -1.431530       7.332100       1.166600      -0.148000      -0.967250       1.115250      -1.016500      -1.455500      -2.114250   26
     119.869072      -1.386340       7.332100       1.604700       0.502250      -2.106000       1.603750      -1.566500      -1.946000      -2.674250   26
     119.867500      -1.341150       7.332100       1.948500       0.876500      -2.615500       1.739000      -2.096250      -2.436750      -3.168000   26
     119.865929      -1.295960       7.332100       2.040800       1.123250      -2.598500       1.475250      -2.322250      -2.567500      -3.448250   26
     119.864372      -1.250760       7.332100       1.956400       1.240750      -2.031250       0.790500      -2.381750      -2.453750      -3.646000   26
     119.862801      -1.205570       7.332100       1.723900       1.536250      -1.297750      -0.238500      -2.199000      -1.971750      -3.661250   26
     119.861229      -1.160380       7.332100       1.635400       1.715750      -0.220000      -1.495750      -1.769750      -1.103750      -3.509000   26
     119.859673      -1.115190       7.332100       1.669400       1.496500       1.255250      -2.751750      -1.288500      -0.421000      -3.319000   26
     119.858101      -1.070000       7.332100       1.956400       0.751500       3.104250      -3.855750      -0.592250       0.287750      -3.355500   26
     119.856537      -1.024810       7.332100       2.346400      -0.113250       4.595500      -4.482250       0.264000       0.866500      -3.602750   26
     119.854973      -0.979620       7.332100       2.579900      -0.795500       5.227000      -4.431500       0.581500       0.710500      -4.158249   26
     119.853401      -0.934430       7.332100       2.638800      -0.641250       4.559750      -3.918500       0.559750       0.335000      -5.009499   26
     119.851837      -0.889240       7.332100       2.775300      -0.162500       3.336250      -3.173750      -0.189000      -0.669750      -6.086750   26
     119.850273      -0.844050       7.332100       3.135500       0.112000       2.247750      -2.359750      -1.333750      -1.781500      -7.179999   26
     119.848701      -0.798860       7.332100       3.689500      -0.306000       2.216750      -1.910750      -2.339250      -2.464500      -8.355500   26
     119.847137      -0.753670       7.332100       4.072500      -0.984500       2.670000      -1.685500      -2.499750      -2.870500      -9.160749   26
     119.845612      -0.708470       7.332100       4.331800      -1.704750       3.275250      -1.570500      -2.599000      -2.702750      -9.756750   26
     119.844040      -0.663280       7.332100       4.331200      -2.098250       3.681750      -1.583500      -2.537500      -1.896000      -9.887250   26
     119.842468      -0.618090       7.332100       4.281300      -2.823250       4.533750      -1.710500      -2.743750      -0.682250      -9.743000   26
     119.840897      -0.572900       7.332100       4.237200      -3.471250       5.563500      -2.092250      -2.588250       0.182750      -9.528500   26
     119.839333      -0.527710       7.332100       4.258800      -4.456501       6.933751      -2.477250      -2.459000       0.929750      -9.298249   26
     119.837761      -0.482520       7.332100       4.280800      -4.595749       7.088749      -2.493000      -2.681250       1.622250      -9.261500   26
     119.836189      -0.437330       7.332100       4.324400      -4.294001       6.537251      -2.243250      -3.190500       1.779000      -9.457252   26
     119.834618      -0.392140       7.332100       4.490100      -0.377675       0.559900      -0.182225      -0.375900       0.125800      -1.000175   26
     119.833054      -0.346950       7.332100       4.825600      -0.346925       0.486925      -0.140000      -0.447825       0.007700      -1.068800   26
     119.831482      -0.301760       7.332100       5.212300      -0.387000       0.513725      -0.126725      -0.488450      -0.111425      -1.130975   26
     119.829910      -0.256570       7.332100       5.216400      -0.368225       0.482700      -0.114475      -0.491675      -0.177200      -1.122700   26
     119.828346      -0.211370       7.332100       4.885600      -0.314225       0.422125      -0.107900      -0.528475      -0.218275      -1.012375   26
     119.826782      -0.166180       7.332100       4.042800      -1.973250       3.207500      -1.234250      -5.045250      -2.032250      -8.045000   26
     119.825218      -0.120990       7.332100       3.068700      -1.172000       2.876000      -1.704000      -4.253750      -1.374000      -5.709750   26
     119.823647      -0.075800       7.332100       2.185900      -0.082000       2.223000      -2.141000      -3.037250      -0.768000      -3.909500   26
     119.822083      -0.030610       7.332100       1.702400       0.370000       2.129000      -2.499000      -2.508500      -0.128750      -2.561500   26
     119.820518       0.014580       7.332100       1.404000       0.728500       2.072250      -2.800750      -1.662250       0.088750      -1.796750   26
     119.818947       0.059770       7.332100       1.142300       0.816000       1.874500      -2.690500      -0.874500      -0.114500      -1.356000   26
     119.817390       0.104960       7.332100       0.929000       0.530000       1.763250      -2.293250      -0.500250      -0.276750      -0.948750   26
     119.815819       0.150150       7.332100       0.783300      -0.280000       1.972000      -1.692000      -0.123500      -0.419250      -0.499750   26
     119.814247       0.195340       7.332100       0.507400      -0.799500       1.576000      -0.776500      -0.005250      -0.154750      -0.169500   26
     119.871780      -1.929190       2.664200       0.000000            NaN            NaN            NaN            NaN            NaN            NaN   26
     119.870209      -1.884000       2.664200       0.000000            NaN            NaN            NaN            NaN            NaN            NaN   26
     119.868637      -1.838810       2.664200       0.000000            NaN            NaN            NaN            NaN            NaN            NaN   26
     119.867081      -1.793620       2.664200       0.000000            NaN            NaN            NaN            NaN            NaN            NaN   26
     119.865509      -1.748430       2.664200       0.000000            NaN            NaN            NaN            NaN            NaN            NaN   26
     119.863937      -1.703240       2.664200       0.023900       2.950000      -3.175000       0.225000       3.600000      -3.825000      -0.225000   26
     119.862373      -1.658050       2.664200       0.065200       0.925000      -0.937500       0.012500       1.335000      -0.100000       0.005000   26
     119.860809      -1.612860       2.664200       0.058800       0.052500       0.142500      -0.195000       0.787500       0.807500      -1.115000   26
     119.859238      -1.567660       2.664200       0.145900      -2.130000       1.895000       0.235000       0.072500       0.220000      -3.502500   26
     119.857681      -1.522470       2.664200       0.414500      -4.930000       2.412500       2.517500      -2.612500      -4.167500      -8.070001   26
     119.856110      -1.477280       2.664200       0.787500      -0.529000      -0.107500       0.636500      -0.656500      -1.083500      -1.407000   26
     119.854538      -1.432090       2.664200       1.266700      -0.252750      -0.923500       1.176250      -1.171000      -1.820500      -2.117250   26
     119.852982      -1.386900       2.664200       1.722300       0.243500      -1.903750       1.660250      -1.694000      -2.422750      -2.708750   26
     119.851410      -1.341710       2.664200       2.125500       0.749250      -2.614000       1.864750      -2.314250      -2.994500      -3.197000   26
     119.849838      -1.296520       2.664200       2.272900       1.078000      -2.736000       1.658000      -2.666250      -3.189000      -3.491250   26
     119.848282      -1.251330       2.664200       2.168000       1.212250      -2.183000       0.970750      -2.733250      -3.026000      -3.666000   26
     119.846710      -1.206140       2.664200       1.870000       1.358250      -1.297500      -0.060750      -2.513250      -2.485000      -3.662500   26
     119.845207      -1.160950       2.664200       1.699500       1.472500      -0.106250      -1.366250      -2.063000      -1.567000      -3.533750   26
     119.843643      -1.115760       2.664200       1.713700       1.303750       1.366250      -2.670000      -1.507750      -0.702000      -3.358500   26
     119.842072      -1.070570       2.664200       1.966400       0.759000       3.086000      -3.845000      -0.771750       0.066750      -3.379000   26
     119.840500      -1.025380       2.664200       2.358600       0.039750       4.558250      -4.598000      -0.018750       0.714000      -3.648000   26
     119.838928      -0.980190       2.664200       2.678000      -0.629500       5.345500      -4.716000       0.378750       0.785000      -4.318250   26
     119.837357      -0.934990       2.664200       2.817500      -0.737750       4.988250      -4.250500       0.410500       0.380500      -5.283751   26
     119.835793      -0.889800       2.664200       2.968400      -0.327250       3.772750      -3.445500      -0.168000      -0.563750      -6.456000   26
     119.834221      -0.844610       2.664200       3.326900      -0.142500       2.707250      -2.564750      -1.217500      -1.770000      -7.597500   26
     119.832657      -0.799420       2.664200       3.854700      -0.468500       2.455500      -1.987000      -2.315000      -2.584500      -8.728500   26
     119.831093      -0.754230       2.664200       4.262800      -1.117000       2.833250      -1.716250      -2.771000      -2.932000      -9.559750   26
     119.829521      -0.709040       2.664200       4.508300      -0.182375       0.344475      -0.162100      -0.287675      -0.270975      -1.012625   26
     119.827950      -0.663850       2.664200       4.540700      -0.236575       0.406050      -0.169475      -0.282250      -0.192800      -1.028400   26
     119.826378      -0.618660       2.664200       4.481500      -0.310350       0.497700      -0.187350      -0.281600      -0.069500      -1.016025   26
     119.824806      -0.573470       2.664200       4.427200      -3.876000       6.073250      -2.197250      -2.687500       0.191500      -9.899250   26
     119.823242      -0.528280       2.664200       4.447900      -4.797250       7.323750      -2.526500      -2.719750       0.833250      -9.657250   26
     119.821671      -0.483090       2.664200       4.470400      -5.114500       7.688250      -2.573750      -2.966750       1.441250      -9.592251   26
     119.820099      -0.437900       2.664200       4.488400      -4.825000       7.143250      -2.318250      -3.415500       1.626000      -9.724251   26
     119.818527      -0.392700       2.664200       4.667500      -0.438575       0.626100      -0.187525      -0.393250       0.107500      -1.028175   26
     119.816963      -0.347510       2.664200       4.984200      -0.412275       0.558850      -0.146575      -0.450400       0.000250      -1.095050   26
     119.815399      -0.302320       2.664200       5.244100      -0.408050       0.531050      -0.123000      -0.486950      -0.109850      -1.136400   26
     119.813828      -0.257130       2.664200       5.198300      -0.383775       0.495725      -0.111950      -0.496400      -0.184450      -1.108925   26
     119.812263      -0.211940       2.664200       4.807300      -3.133250       4.258749      -1.125500      -5.089500      -2.205000      -9.975250   26
     119.810692      -0.166750       2.664200       4.054000      -2.275250       3.590500      -1.315250      -4.928250      -1.996750      -8.035250   26
     119.809128      -0.121560       2.664200       3.108600      -1.271000       2.969500      -1.698500      -4.285000      -1.308500      -5.803750   26
     119.807564      -0.076370       2.664200       2.311700      -0.393000       2.562000      -2.169000      -3.431500      -0.746250      -3.931250   26
     119.806000      -0.031180       2.664200       1.795500       0.224500       2.346250      -2.570750      -2.621000      -0.273250      -2.707750   26
     119.804428       0.014020       2.664200       1.468300       0.622000       2.205250      -2.827250      -1.751000      -0.071750      -1.948500   26
     119.802856       0.059210       2.664200       1.225100       0.574750       2.175750      -2.750500      -0.969500      -0.179250      -1.468000   26
     119.801300       0.104400       2.664200       1.043000       0.132000       2.220750      -2.352750      -0.558250      -0.367750      -1.059000   26
     119.799728       0.149590       2.664200       0.821500      -0.414500       2.101250      -1.686750      -0.267000      -0.366000      -0.611250   26
     119.798172       0.194780       2.664200       0.460100      -0.556250       1.388000      -0.831750      -0.046750      -0.082250      -0.253000   26
