      xloc      yloc          depth         ave SR         max SR         #     start       end     max SR all       str       dip      rake flag
   -185.00    -15.00      26.003710       0.000000       0.000000        17      16.0      17.0       0.502400   180.000    45.000    90.000    0     119.952240      -1.926360
   -185.00    -10.00      21.335800       0.000000       0.000000        17      16.0      17.0       0.502400   180.000    45.000    90.000    0     119.936150      -1.926930
   -185.00     -5.00      16.667900       0.000000       0.000000        17      16.0      17.0       0.502400   180.000    45.000    90.000    0     119.920059      -1.927490
   -185.00      0.00      12.000000       0.000000       0.000000        17      16.0      17.0       0.502400   180.000    45.000    90.000    0     119.903961      -1.928060
   -185.00      5.00       7.332100       0.000000       0.000000        17      16.0      17.0       0.502400   180.000    45.000    90.000    0     119.887871      -1.928620
   -185.00     10.00       2.664200       0.000000       0.000000        17      16.0      17.0       0.502400   180.000    45.000    90.000    0     119.871780      -1.929190
   -180.00    -15.00      26.003710       0.000000       0.000000        17      16.0      17.0       0.502400   180.000    45.000    90.000    0     119.950684      -1.881170
   -180.00    -10.00      21.335800       0.000000       0.000000        17      16.0      17.0       0.502400   180.000    45.000    90.000    0     119.934578      -1.881740
   -180.00     -5.00      16.667900       0.000000       0.000000        17      16.0      17.0       0.502400   180.000    45.000    90.000    0     119.918488      -1.882300
   -180.00      0.00      12.000000       0.000000       0.000000        17      16.0      17.0       0.502400   180.000    45.000    90.000    0     119.902397      -1.882870
   -180.00      5.00       7.332100       0.000000       0.000000        17      16.0      17.0       0.502400   180.000    45.000    90.000    0     119.886299      -1.883430
   -180.00     10.00       2.664200       0.000000       0.000000        17      16.0      17.0       0.502400   180.000    45.000    90.000    0     119.870209      -1.884000
   -175.00    -15.00      26.003710       0.000000       0.000000        17      16.0      17.0       0.502400   180.000    45.000    90.000    0     119.949112      -1.835980
   -175.00    -10.00      21.335800       0.000000       0.000000        17      16.0      17.0       0.502400   180.000    45.000    90.000    0     119.933006      -1.836550
   -175.00     -5.00      16.667900       0.000000       0.000000        17      16.0      17.0       0.502400   180.000    45.000    90.000    0     119.916924      -1.837110
   -175.00      0.00      12.000000       0.000000       0.000000        17      16.0      17.0       0.502400   180.000    45.000    90.000    0     119.900833      -1.837680
   -175.00      5.00       7.332100       0.000000       0.000000        17      16.0      17.0       0.502400   180.000    45.000    90.000    0     119.884743      -1.838240
   -175.00     10.00       2.664200       0.000000       0.000000        17      16.0      17.0       0.502400   180.000    45.000    90.000    0     119.868637      -1.838810
   -170.00    -15.00      26.003710       0.000000       0.000000        17      16.0      17.0       0.502400   180.000    45.000    90.000    0     119.947540      -1.790790
   -170.00    -10.00      21.335800       0.000000       0.000000        17      16.0      17.0       0.502400   180.000    45.000    90.000    0     119.931450      -1.791360
   -170.00     -5.00      16.667900       0.000000       0.000000        17      16.0      17.0       0.502400   180.000    45.000    90.000    0     119.915352      -1.791920
   -170.00      0.00      12.000000       0.000000       0.000000        17      16.0      17.0       0.502400   180.000    45.000    90.000    0     119.899261      -1.792490
   -170.00      5.00       7.332100       0.000000       0.000000        17      16.0      17.0       0.502400   180.000    45.000    90.000    0     119.883171      -1.793050
   -170.00     10.00       2.664200       0.000000       0.000000        17      16.0      17.0       0.502400   180.000    45.000    90.000    0     119.867081      -1.793620
   -165.00    -15.00      26.003710       0.000000       0.000000        17      16.0      17.0       0.502400   180.000    45.000    90.000    0     119.945969      -1.745600
   -165.00    -10.00      21.335800       0.000000       0.000000        17      16.0      17.0       0.502400   180.000    45.000    90.000    0     119.929878      -1.746170
   -165.00     -5.00      16.667900       0.000000       0.000000        17      16.0      17.0       0.502400   180.000    45.000    90.000    0     119.913788      -1.746730
   -165.00      0.00      12.000000       0.000000       0.000000        17      16.0      17.0       0.502400   180.000    45.000    90.000    0     119.897690      -1.747300
   -165.00      5.00       7.332100       0.000000       0.000000        17      16.0      17.0       0.502400   180.000    45.000    90.000    0     119.881599      -1.747860
   -165.00     10.00       2.664200       0.000000       0.000000        17      16.0      17.0       0.502400   180.000    45.000    90.000    0     119.865509      -1.748430
   -160.00    -15.00      26.003710       0.000000       0.000000        17      16.0      17.0       0.502400   180.000    45.000    90.000    0     119.944397      -1.700410
   -160.00    -10.00      21.335800       0.000000       0.000000        17      16.0      17.0       0.502400   180.000    45.000    90.000    0     119.928307      -1.700980
   -160.00     -5.00      16.667900       0.000000       0.000000        17      16.0      17.0       0.502400   180.000    45.000    90.000    0     119.912216      -1.701540
   -160.00      0.00      12.000000       0.000000       0.000000        17      16.0      17.0       0.502400   180.000    45.000    90.000    0     119.896133      -1.702110
   -160.00      5.00       7.332100       0.000000       0.000000        17      16.0      17.0       0.502400   180.000    45.000    90.000    0     119.880028      -1.702670
   -160.00     10.00       2.664200       0.000000       0.000000        17      16.0      17.0       0.502400   180.000    45.000    90.000    0     119.863937      -1.703240
   -155.00    -15.00      26.003710       0.000000       0.000000        17      16.0      17.0       0.502400   180.000    45.000    90.000    0     119.942841      -1.655220
   -155.00    -10.00      21.335800       0.000000       0.000000        17      16.0      17.0       0.502400   180.000    45.000    90.000    0     119.926743      -1.655790
   -155.00     -5.00      16.667900       0.000000       0.000000        17      16.0      17.0       0.502400   180.000    45.000    90.000    0     119.910652      -1.656350
   -155.00      0.00      12.000000       0.000000       0.000000        17      16.0      17.0       0.502400   180.000    45.000    90.000    0     119.894562      -1.656920
   -155.00      5.00       7.332100       0.000000       0.000000        17      16.0      17.0       0.502400   180.000    45.000    90.000    0     119.878471      -1.657480
   -155.00     10.00       2.664200       0.000000       0.000000        17      16.0      17.0       0.502400   180.000    45.000    90.000    0     119.862373      -1.658050
   -150.00    -15.00      26.003710       0.000000       0.000000        17      16.0      17.0       0.502400   180.000    45.000    90.000    0     119.941269      -1.610030
   -150.00    -10.00      21.335800       0.000000       0.000000        17      16.0      17.0       0.502400   180.000    45.000    90.000    0     119.925179      -1.610590
   -150.00     -5.00      16.667900       0.000000       0.000000        17      16.0      17.0       0.502400   180.000    45.000    90.000    0     119.909081      -1.611160
   -150.00      0.00      12.000000       0.000000       0.000000        17      16.0      17.0       0.502400   180.000    45.000    90.000    0     119.892990      -1.611730
   -150.00      5.00       7.332100       0.000000       0.000000        17      16.0      17.0       0.502400   180.000    45.000    90.000    0     119.876900      -1.612290
   -150.00     10.00       2.664200       0.000000       0.000000        17      16.0      17.0       0.502400   180.000    45.000    90.000    0     119.860809      -1.612860
   -145.00    -15.00      26.003710       0.000000       0.000000        17      16.0      17.0       0.502400   180.000    45.000    90.000    0     119.939697      -1.564840
   -145.00    -10.00      21.335800       0.000000       0.000000        17      16.0      17.0       0.502400   180.000    45.000    90.000    0     119.923607      -1.565400
   -145.00     -5.00      16.667900       0.000000       0.000000        17      16.0      17.0       0.502400   180.000    45.000    90.000    0     119.907516      -1.565970
   -145.00      0.00      12.000000       0.000000       0.000000        17      16.0      17.0       0.502400   180.000    45.000    90.000    0     119.891418      -1.566530
   -145.00      5.00       7.332100       0.000000       0.000000        17      16.0      17.0       0.502400   180.000    45.000    90.000    0     119.875328      -1.567100
   -145.00     10.00       2.664200       0.000000       0.000000        17      16.0      17.0       0.502400   180.000    45.000    90.000    0     119.859238      -1.567660
   -140.00    -15.00      26.003710       0.000000       0.000000        17      16.0      17.0       0.502400   180.000    45.000    90.000    0     119.938133      -1.519650
   -140.00    -10.00      21.335800       0.000000       0.000000        17      16.0      17.0       0.502400   180.000    45.000    90.000    0     119.922043      -1.520210
   -140.00     -5.00      16.667900       0.000000       0.000000        17      16.0      17.0       0.502400   180.000    45.000    90.000    0     119.905952      -1.520780
   -140.00      0.00      12.000000       0.000000       0.000000        17      16.0      17.0       0.502400   180.000    45.000    90.000    0     119.889862      -1.521340
   -140.00      5.00       7.332100       0.000000       0.000000        17      16.0      17.0       0.502400   180.000    45.000    90.000    0     119.873772      -1.521910
   -140.00     10.00       2.664200       0.000000       0.000000        17      16.0      17.0       0.502400   180.000    45.000    90.000    0     119.857681      -1.522470
   -135.00    -15.00      26.003710       0.000000       0.000000        17      16.0      17.0       0.502400   180.000    45.000    90.000    0     119.936562      -1.474460
   -135.00    -10.00      21.335800       0.000000       0.000000        17      16.0      17.0       0.502400   180.000    45.000    90.000    0     119.920471      -1.475020
   -135.00     -5.00      16.667900       0.000000       0.000000        17      16.0      17.0       0.502400   180.000    45.000    90.000    0     119.904381      -1.475590
   -135.00      0.00      12.000000       0.000000       0.000000        17      16.0      17.0       0.502400   180.000    45.000    90.000    0     119.888290      -1.476150
   -135.00      5.00       7.332100       0.000000       0.000000        17      16.0      17.0       0.502400   180.000    45.000    90.000    0     119.872200      -1.476720
   -135.00     10.00       2.664200       0.000000       0.000000        17      16.0      17.0       0.502400   180.000    45.000    90.000    0     119.856110      -1.477280
   -130.00    -15.00      26.003710       0.000000       0.000000        17      16.0      17.0       0.502400   180.000    45.000    90.000    0     119.934998      -1.429270
   -130.00    -10.00      21.335800       0.000000       0.000000        17      16.0      17.0       0.502400   180.000    45.000    90.000    0     119.918907      -1.429830
   -130.00     -5.00      16.667900       0.000000       0.000000        17      16.0      17.0       0.502400   180.000    45.000    90.000    0     119.902809      -1.430400
   -130.00      0.00      12.000000       0.000000       0.000000        17      16.0      17.0       0.502400   180.000    45.000    90.000    0     119.886719      -1.430960
   -130.00      5.00       7.332100       0.000000       0.000000        17      16.0      17.0       0.502400   180.000    45.000    90.000    0     119.870628      -1.431530
   -130.00     10.00       2.664200       0.000000       0.000000        17      16.0      17.0       0.502400   180.000    45.000    90.000    0     119.854538      -1.432090
   -125.00    -15.00      26.003710       0.000000       0.000000        17      16.0      17.0       0.502400   180.000    45.000    90.000    0     119.933434      -1.384080
   -125.00    -10.00      21.335800       0.000000       0.000000        17      16.0      17.0       0.502400   180.000    45.000    90.000    0     119.917343      -1.384640
   -125.00     -5.00      16.667900       0.000000       0.000000        17      16.0      17.0       0.502400   180.000    45.000    90.000    0     119.901253      -1.385210
   -125.00      0.00      12.000000       0.000000       0.000000        17      16.0      17.0       0.502400   180.000    45.000    90.000    0     119.885162      -1.385770
   -125.00      5.00       7.332100       0.000000       0.000000        17      16.0      17.0       0.502400   180.000    45.000    90.000    0     119.869072      -1.386340
   -125.00     10.00       2.664200       0.000000       0.000000        17      16.0      17.0       0.502400   180.000    45.000    90.000    0     119.852982      -1.386900
   -120.00    -15.00      26.003710       0.000000       0.000000        17      16.0      17.0       0.502400   180.000    45.000    90.000    0     119.931862      -1.338890
   -120.00    -10.00      21.335800       0.000000       0.000000        17      16.0      17.0       0.502400   180.000    45.000    90.000    0     119.915771      -1.339450
   -120.00     -5.00      16.667900       0.000000       0.000000        17      16.0      17.0       0.502400   180.000    45.000    90.000    0     119.899681      -1.340020
   -120.00      0.00      12.000000       0.000000       0.000000        17      16.0      17.0       0.502400   180.000    45.000    90.000    0     119.883591      -1.340580
   -120.00      5.00       7.332100       0.000000       0.000000        17      16.0      17.0       0.502400   180.000    45.000    90.000    0     119.867500      -1.341150
   -120.00     10.00       2.664200       0.000000       0.000000        17      16.0      17.0       0.502400   180.000    45.000    90.000    0     119.851410      -1.341710
   -115.00    -15.00      26.003710       0.000000       0.000000        17      16.0      17.0       0.502400   180.000    45.000    90.000    0     119.930290      -1.293690
   -115.00    -10.00      21.335800       0.000000       0.000000        17      16.0      17.0       0.502400   180.000    45.000    90.000    0     119.914200      -1.294260
   -115.00     -5.00      16.667900       0.000000       0.000000        17      16.0      17.0       0.502400   180.000    45.000    90.000    0     119.898109      -1.294830
   -115.00      0.00      12.000000       0.000000       0.000000        17      16.0      17.0       0.502400   180.000    45.000    90.000    0     119.882019      -1.295390
   -115.00      5.00       7.332100       0.000000       0.000000        17      16.0      17.0       0.502400   180.000    45.000    90.000    0     119.865929      -1.295960
   -115.00     10.00       2.664200       0.000000       0.000000        17      16.0      17.0       0.502400   180.000    45.000    90.000    0     119.849838      -1.296520
   -110.00    -15.00      26.003710       0.000000       0.000000        17      16.0      17.0       0.502400   180.000    45.000    90.000    0     119.928726      -1.248500
   -110.00    -10.00      21.335800       0.000000       0.000000        17      16.0      17.0       0.502400   180.000    45.000    90.000    0     119.912643      -1.249070
   -110.00     -5.00      16.667900       0.000000       0.000000        17      16.0      17.0       0.502400   180.000    45.000    90.000    0     119.896553      -1.249630
   -110.00      0.00      12.000000       0.000000       0.000000        17      16.0      17.0       0.502400   180.000    45.000    90.000    0     119.880463      -1.250200
   -110.00      5.00       7.332100       0.000000       0.000000        17      16.0      17.0       0.502400   180.000    45.000    90.000    0     119.864372      -1.250760
   -110.00     10.00       2.664200       0.000000       0.000000        17      16.0      17.0       0.502400   180.000    45.000    90.000    0     119.848282      -1.251330
   -105.00    -15.00      26.003710       0.000000       0.000000        17      16.0      17.0       0.502400   180.000    45.000    90.000    0     119.927162      -1.203310
   -105.00    -10.00      21.335800       0.000000       0.000000        17      16.0      17.0       0.502400   180.000    45.000    90.000    0     119.911072      -1.203880
   -105.00     -5.00      16.667900       0.000000       0.000000        17      16.0      17.0       0.502400   180.000    45.000    90.000    0     119.894981      -1.204440
   -105.00      0.00      12.000000       0.000000       0.000000        17      16.0      17.0       0.502400   180.000    45.000    90.000    0     119.878891      -1.205010
   -105.00      5.00       7.332100       0.000000       0.000000        17      16.0      17.0       0.502400   180.000    45.000    90.000    0     119.862801      -1.205570
   -105.00     10.00       2.664200       0.000000       0.000000        17      16.0      17.0       0.502400   180.000    45.000    90.000    0     119.846710      -1.206140
   -100.00    -15.00      26.003710       0.000000       0.000000        17      16.0      17.0       0.502400   180.000    45.000    90.000    0     119.925591      -1.158120
   -100.00    -10.00      21.335800       0.000000       0.000000        17      16.0      17.0       0.502400   180.000    45.000    90.000    0     119.909500      -1.158690
   -100.00     -5.00      16.667900       0.000000       0.000000        17      16.0      17.0       0.502400   180.000    45.000    90.000    0     119.893410      -1.159250
   -100.00      0.00      12.000000       0.000000       0.000000        17      16.0      17.0       0.502400   180.000    45.000    90.000    0     119.877319      -1.159820
   -100.00      5.00       7.332100       0.000000       0.000000        17      16.0      17.0       0.502400   180.000    45.000    90.000    0     119.861229      -1.160380
   -100.00     10.00       2.664200       0.000000       0.000000        17      16.0      17.0       0.502400   180.000    45.000    90.000    0     119.845207      -1.160950
    -95.00    -15.00      26.003710       0.000000       0.000000        17      16.0      17.0       0.502400   180.000    45.000    90.000    0     119.924026      -1.112930
    -95.00    -10.00      21.335800       0.000000       0.000000        17      16.0      17.0       0.502400   180.000    45.000    90.000    0     119.907944      -1.113500
    -95.00     -5.00      16.667900       0.000000       0.000000        17      16.0      17.0       0.502400   180.000    45.000    90.000    0     119.891853      -1.114060
    -95.00      0.00      12.000000       0.000000       0.000000        17      16.0      17.0       0.502400   180.000    45.000    90.000    0     119.875763      -1.114630
    -95.00      5.00       7.332100       0.000000       0.000000        17      16.0      17.0       0.502400   180.000    45.000    90.000    0     119.859673      -1.115190
    -95.00     10.00       2.664200       0.000000       0.000000        17      16.0      17.0       0.502400   180.000    45.000    90.000    0     119.843643      -1.115760
    -90.00    -15.00      26.003710       0.000000       0.000000        17      16.0      17.0       0.502400   180.000    45.000    90.000    0     119.922462      -1.067740
    -90.00    -10.00      21.335800       0.000000       0.000000        17      16.0      17.0       0.502400   180.000    45.000    90.000    0     119.906372      -1.068310
    -90.00     -5.00      16.667900       0.000000       0.000000        17      16.0      17.0       0.502400   180.000    45.000    90.000    0     119.890282      -1.068870
    -90.00      0.00      12.000000       0.000000       0.000000        17      16.0      17.0       0.502400   180.000    45.000    90.000    0     119.874191      -1.069440
    -90.00      5.00       7.332100       0.000000       0.000000        17      16.0      17.0       0.502400   180.000    45.000    90.000    0     119.858101      -1.070000
    -90.00     10.00       2.664200       0.000000       0.000000        17      16.0      17.0       0.502400   180.000    45.000    90.000    0     119.842072      -1.070570
    -85.00    -15.00      26.003710       0.000000       0.000000        17      16.0      17.0       0.502400   180.000    45.000    90.000    0     119.920891      -1.022550
    -85.00    -10.00      21.335800       0.000000       0.000000        17      16.0      17.0       0.502400   180.000    45.000    90.000    0     119.904800      -1.023120
    -85.00     -5.00      16.667900       0.000000       0.000000        17      16.0      17.0       0.502400   180.000    45.000    90.000    0     119.888710      -1.023680
    -85.00      0.00      12.000000       0.000000       0.000000        17      16.0      17.0       0.502400   180.000    45.000    90.000    0     119.872620      -1.024250
    -85.00      5.00       7.332100       0.000000       0.000000        17      16.0      17.0       0.502400   180.000    45.000    90.000    0     119.856537      -1.024810
    -85.00     10.00       2.664200       0.000000       0.000000        17      16.0      17.0       0.502400   180.000    45.000    90.000    0     119.840500      -1.025380
    -80.00    -15.00      26.003710       0.000000       0.000000        17      16.0      17.0       0.502400   180.000    45.000    90.000    0     119.919319      -0.977360
    -80.00    -10.00      21.335800       0.000000       0.000000        17      16.0      17.0       0.502400   180.000    45.000    90.000    0     119.903236      -0.977920
    -80.00     -5.00      16.667900       0.000000       0.000000        17      16.0      17.0       0.502400   180.000    45.000    90.000    0     119.887154      -0.978490
    -80.00      0.00      12.000000       0.000000       0.000000        17      16.0      17.0       0.502400   180.000    45.000    90.000    0     119.871063      -0.979050
    -80.00      5.00       7.332100       0.000000       0.000000        17      16.0      17.0       0.502400   180.000    45.000    90.000    0     119.854973      -0.979620
    -80.00     10.00       2.664200       0.000000       0.000000        17      16.0      17.0       0.502400   180.000    45.000    90.000    0     119.838928      -0.980190
    -75.00    -15.00      26.003710       0.000000       0.000000        17      16.0      17.0       0.502400   180.000    45.000    90.000    0     119.917763      -0.932170
    -75.00    -10.00      21.335800       0.000000       0.000000        17      16.0      17.0       0.502400   180.000    45.000    90.000    0     119.901672      -0.932730
    -75.00     -5.00      16.667900       0.000000       0.000000        17      16.0      17.0       0.502400   180.000    45.000    90.000    0     119.885582      -0.933300
    -75.00      0.00      12.000000       0.000000       0.000000        17      16.0      17.0       0.502400   180.000    45.000    90.000    0     119.869492      -0.933860
    -75.00      5.00       7.332100       0.000000       0.000000        17      16.0      17.0       0.502400   180.000    45.000    90.000    0     119.853401      -0.934430
    -75.00     10.00       2.664200       0.000000       0.000000        17      16.0      17.0       0.502400   180.000    45.000    90.000    0     119.837357      -0.934990
    -70.00    -15.00      26.003710       0.033703       0.033703        17      16.0      17.0       0.502400   100.340    61.290   -91.470    1     119.916191      -0.886980
    -70.00    -10.00      21.335800       0.052902       0.052902        17      16.0      17.0       0.502400   344.730    85.470    72.850    0     119.900101      -0.887540
    -70.00     -5.00      16.667900       0.052234       0.052234        17      16.0      17.0       0.502400   333.860    33.710    -6.470    0     119.884010      -0.888110
    -70.00      0.00      12.000000       0.086188       0.086188        17      16.0      17.0       0.502400    -7.280     6.550    18.880    0     119.867928      -0.888670
    -70.00      5.00       7.332100       0.085102       0.085102        17      16.0      17.0       0.502400    97.830    25.610   124.020    1     119.851837      -0.889240
    -70.00     10.00       2.664200       0.058120       0.058120        17      16.0      17.0       0.502400    93.030    32.040   130.000    1     119.835793      -0.889800
    -65.00    -15.00      26.003710       0.118835       0.118835        17      16.0      17.0       0.502400   336.040    80.360   -62.840    0     119.914619      -0.841790
    -65.00    -10.00      21.335800       0.091393       0.091393        17      16.0      17.0       0.502400   339.790    85.140   -23.960    0     119.898537      -0.842350
    -65.00     -5.00      16.667900       0.115272       0.115272        17      16.0      17.0       0.502400   353.940    43.650    19.640    0     119.882446      -0.842920
    -65.00      0.00      12.000000       0.149179       0.149179        17      16.0      17.0       0.502400     5.820    26.490    18.990    0     119.866364      -0.843480
    -65.00      5.00       7.332100       0.161150       0.161150        17      16.0      17.0       0.502400    49.000    13.020    81.660    1     119.850273      -0.844050
    -65.00     10.00       2.664200       0.143120       0.143120        17      16.0      17.0       0.502400    76.020    16.970   119.270    1     119.834221      -0.844610
    -60.00    -15.00      26.003710       0.119226       0.119226        17      16.0      17.0       0.502400   337.580    84.010   -61.060    0     119.913063      -0.796600
    -60.00    -10.00      21.335800       0.130229       0.130229        17      16.0      17.0       0.502400   163.020    88.080    29.340    0     119.896973      -0.797160
    -60.00     -5.00      16.667900       0.152816       0.152816        17      16.0      17.0       0.502400   345.700    63.490     4.820    0     119.880882      -0.797730
    -60.00      0.00      12.000000       0.181966       0.181966        17      16.0      17.0       0.502400   350.430    48.210     2.220    0     119.864792      -0.798290
    -60.00      5.00       7.332100       0.203789       0.203789        17      16.0      17.0       0.502400   347.900    40.470    -1.370    0     119.848701      -0.798860
    -60.00     10.00       2.664200       0.196537       0.196537        17      16.0      17.0       0.502400   349.030    48.360    -6.380    0     119.832657      -0.799420
    -55.00    -15.00      26.003710       0.093872       0.093872        17      16.0      17.0       0.502400   340.150    86.410   -51.660    0     119.911491      -0.751410
    -55.00    -10.00      21.335800       0.147291       0.147291        17      16.0      17.0       0.502400   166.200    83.660    22.000    0     119.895401      -0.751970
    -55.00     -5.00      16.667900       0.192711       0.192711        17      16.0      17.0       0.502400   344.390    78.860    -3.840    0     119.879311      -0.752540
    -55.00      0.00      12.000000       0.223059       0.223059        17      16.0      17.0       0.502400   345.980    64.360    -7.260    0     119.863228      -0.753100
    -55.00      5.00       7.332100       0.252607       0.252607        17      16.0      17.0       0.502400   345.630    55.400   -10.900    0     119.847137      -0.753670
    -55.00     10.00       2.664200       0.255000       0.255000        17      16.0      17.0       0.502400   346.510    58.310   -13.720    0     119.831093      -0.754230
    -50.00    -15.00      26.003710       0.070906       0.070906        17      16.0      17.0       0.502400   164.620    86.370    27.390    0     119.909920      -0.706210
    -50.00    -10.00      21.335800       0.156266       0.156266        17      16.0      17.0       0.502400   166.820    85.940     9.050    0     119.893837      -0.706780
    -50.00     -5.00      16.667900       0.220989       0.220989        17      16.0      17.0       0.502400   345.070    87.010    -3.540    0     119.877747      -0.707340
    -50.00      0.00      12.000000       0.259723       0.259723        17      16.0      17.0       0.502400   344.790    71.640    -9.850    0     119.861656      -0.707910
    -50.00      5.00       7.332100       0.284087       0.284087        17      16.0      17.0       0.502400   344.680    64.560   -13.750    0     119.845612      -0.708470
    -50.00     10.00       2.664200       0.293744       0.293744        17      16.0      17.0       0.502400   345.220    64.650   -14.830    0     119.829521      -0.709040
    -45.00    -15.00      26.003710       0.071831       0.071831        17      16.0      17.0       0.502400   164.390    79.600     5.680    0     119.908363      -0.661020
    -45.00    -10.00      21.335800       0.162645       0.162645        17      16.0      17.0       0.502400   167.020    84.770    -2.470    0     119.892273      -0.661590
    -45.00     -5.00      16.667900       0.235444       0.235444        17      16.0      17.0       0.502400   165.440    87.960    -0.760    0     119.876183      -0.662150
    -45.00      0.00      12.000000       0.278094       0.278094        17      16.0      17.0       0.502400   345.010    78.660    -7.450    0     119.860092      -0.662720
    -45.00      5.00       7.332100       0.305858       0.305858        17      16.0      17.0       0.502400   344.420    70.190   -13.100    0     119.844040      -0.663280
    -45.00     10.00       2.664200       0.317965       0.317965        17      16.0      17.0       0.502400   345.000    70.420   -12.080    0     119.827950      -0.663850
    -40.00    -15.00      26.003710       0.079949       0.079949        17      16.0      17.0       0.502400   165.850    73.830    -2.490    0     119.906792      -0.615830
    -40.00    -10.00      21.335800       0.168446       0.168446        17      16.0      17.0       0.502400   165.510    83.480   -12.530    0     119.890701      -0.616400
    -40.00     -5.00      16.667900       0.237816       0.237816        17      16.0      17.0       0.502400   165.070    88.030    -5.390    0     119.874619      -0.616960
    -40.00      0.00      12.000000       0.282460       0.282460        17      16.0      17.0       0.502400   344.990    83.730    -3.620    0     119.858528      -0.617530
    -40.00      5.00       7.332100       0.315416       0.315416        17      16.0      17.0       0.502400   344.320    74.810   -10.010    0     119.842468      -0.618090
    -40.00     10.00       2.664200       0.330379       0.330379        17      16.0      17.0       0.502400   345.210    76.890    -6.130    0     119.826378      -0.618660
    -35.00    -15.00      26.003710       0.086042       0.086042        17      16.0      17.0       0.502400   167.310    73.100    -3.460    0     119.905220      -0.570640
    -35.00    -10.00      21.335800       0.167591       0.167591        17      16.0      17.0       0.502400   163.400    80.100   -19.570    0     119.889137      -0.571210
    -35.00     -5.00      16.667900       0.228602       0.228602        17      16.0      17.0       0.502400   164.050    86.090   -10.080    0     119.873047      -0.571770
    -35.00      0.00      12.000000       0.276080       0.276080        17      16.0      17.0       0.502400   344.500    87.120     0.100    0     119.856956      -0.572340
    -35.00      5.00       7.332100       0.313289       0.313289        17      16.0      17.0       0.502400   344.250    78.940    -5.550    0     119.840897      -0.572900
    -35.00     10.00       2.664200       0.330709       0.330709        17      16.0      17.0       0.502400   344.990    84.570     1.790    0     119.824806      -0.573470
    -30.00    -15.00      26.003710       0.085435       0.085435        17      16.0      17.0       0.502400   168.540    76.820    -0.650    0     119.903664      -0.525450
    -30.00    -10.00      21.335800       0.157119       0.157119        17      16.0      17.0       0.502400   162.970    79.550   -22.170    0     119.887573      -0.526020
    -30.00     -5.00      16.667900       0.211938       0.211938        17      16.0      17.0       0.502400   162.370    83.660   -15.300    0     119.871483      -0.526580
    -30.00      0.00      12.000000       0.258648       0.258648        17      16.0      17.0       0.502400   163.320    89.920    -4.620    0     119.855400      -0.527150
    -30.00      5.00       7.332100       0.296085       0.296085        17      16.0      17.0       0.502400   344.050    83.600     0.050    0     119.839333      -0.527710
    -30.00     10.00       2.664200       0.319287       0.319287        17      16.0      17.0       0.502400   163.680    88.240    -9.770    0     119.823242      -0.528280
    -25.00    -15.00      26.003710       0.078250       0.078250        17      16.0      17.0       0.502400   168.660    77.730     1.630    0     119.902092      -0.480260
    -25.00    -10.00      21.335800       0.139298       0.139298        17      16.0      17.0       0.502400   161.790    80.570   -22.320    0     119.886002      -0.480820
    -25.00     -5.00      16.667900       0.189465       0.189465        17      16.0      17.0       0.502400   159.750    81.140   -19.300    0     119.869919      -0.481390
    -25.00      0.00      12.000000       0.230021       0.230021        17      16.0      17.0       0.502400   161.570    88.430    -8.060    0     119.853828      -0.481950
    -25.00      5.00       7.332100       0.266745       0.266745        17      16.0      17.0       0.502400   343.260    86.320     3.230    0     119.837761      -0.482520
    -25.00     10.00       2.664200       0.294209       0.294209        17      16.0      17.0       0.502400   161.700    83.430   -15.450    0     119.821671      -0.483090
    -20.00    -15.00      26.003710       0.065296       0.065296        17      16.0      17.0       0.502400   165.890    81.850     1.250    0     119.900528      -0.435070
    -20.00    -10.00      21.335800       0.111529       0.111529        17      16.0      17.0       0.502400   160.560    82.700   -17.400    0     119.884438      -0.435630
    -20.00     -5.00      16.667900       0.158704       0.158704        17      16.0      17.0       0.502400   157.430    81.200   -20.280    0     119.868347      -0.436200
    -20.00      0.00      12.000000       0.194773       0.194773        17      16.0      17.0       0.502400   159.420    89.510    -8.540    0     119.852257      -0.436760
    -20.00      5.00       7.332100       0.226541       0.226541        17      16.0      17.0       0.502400   342.210    85.760     2.980    0     119.836189      -0.437330
    -20.00     10.00       2.664200       0.254930       0.254930        17      16.0      17.0       0.502400   159.530    80.110   -19.400    0     119.820099      -0.437900
    -15.00    -15.00      26.003710       0.048884       0.048884        17      16.0      17.0       0.502400   162.460    83.480     3.530    0     119.898956      -0.389880
    -15.00    -10.00      21.335800       0.085264       0.085264        17      16.0      17.0       0.502400   157.550    88.090    -8.460    0     119.882874      -0.390440
    -15.00     -5.00      16.667900       0.123430       0.123430        17      16.0      17.0       0.502400   155.120    85.410   -16.000    0     119.866791      -0.391010
    -15.00      0.00      12.000000       0.154759       0.154759        17      16.0      17.0       0.502400   337.080    84.640     1.930    0     119.850700      -0.391570
    -15.00      5.00       7.332100       0.183270       0.183270        17      16.0      17.0       0.502400   339.970    83.070    -2.510    0     119.834618      -0.392140
    -15.00     10.00       2.664200       0.206632       0.206632        17      16.0      17.0       0.502400   156.640    76.860   -22.670    0     119.818527      -0.392700
    -10.00    -15.00      26.003710       0.038342       0.038342        17      16.0      17.0       0.502400   333.150    75.780   -17.800    0     119.897392      -0.344690
    -10.00    -10.00      21.335800       0.067358       0.067358        17      16.0      17.0       0.502400   329.830    74.540    -5.440    0     119.881310      -0.345250
    -10.00     -5.00      16.667900       0.097381       0.097381        17      16.0      17.0       0.502400   330.540    74.900    -0.930    0     119.865219      -0.345820
    -10.00      0.00      12.000000       0.121656       0.121656        17      16.0      17.0       0.502400   330.220    69.620   -16.000    0     119.849129      -0.346380
    -10.00      5.00       7.332100       0.147608       0.147608        17      16.0      17.0       0.502400   331.570    65.900   -24.540    0     119.833054      -0.346950
    -10.00     10.00       2.664200       0.155558       0.155558        17      16.0      17.0       0.502400   145.500    62.730   -40.720    0     119.816963      -0.347510
     -5.00    -15.00      26.003710       0.047489       0.047489        17      16.0      17.0       0.502400   317.900    36.170    -2.000    0     119.895828      -0.299500
     -5.00    -10.00      21.335800       0.071873       0.071873        17      16.0      17.0       0.502400   318.290    47.880     2.370    0     119.879738      -0.300060
     -5.00     -5.00      16.667900       0.088257       0.088257        17      16.0      17.0       0.502400   320.140    58.210    -9.470    0     119.863647      -0.300630
     -5.00      0.00      12.000000       0.102800       0.102800        17      16.0      17.0       0.502400   320.280    61.070   -26.720    0     119.847572      -0.301190
     -5.00      5.00       7.332100       0.115749       0.115749        17      16.0      17.0       0.502400   322.720    61.620   -34.400    0     119.831482      -0.301760
     -5.00     10.00       2.664200       0.117393       0.117393        17      16.0      17.0       0.502400   319.760    51.000   -43.740    0     119.815399      -0.302320
      0.00    -15.00      26.003710       0.064937       0.064937        17      16.0      17.0       0.502400   313.940    24.620    -3.920    0     119.894257      -0.254300
      0.00    -10.00      21.335800       0.083939       0.083939        17      16.0      17.0       0.502400   217.720    86.700   130.150    0     119.878166      -0.254870
      0.00     -5.00      16.667900       0.084134       0.084134        17      16.0      17.0       0.502400   312.520    50.270    -1.550    1     119.862091      -0.255430
      0.00      0.00      12.000000       0.083475       0.083475        17      16.0      17.0       0.502400   315.330    58.940   -19.630    0     119.846001      -0.256000
      0.00      5.00       7.332100       0.086342       0.086342        17      16.0      17.0       0.502400   319.900    62.380   -25.480    0     119.829910      -0.256570
      0.00     10.00       2.664200       0.083733       0.083733        17      16.0      17.0       0.502400   323.070    60.440   -25.080    0     119.813828      -0.257130
      5.00    -15.00      26.003710       0.076559       0.076559        17      16.0      17.0       0.502400    50.350    86.450  -109.610    1     119.892693      -0.209110
      5.00    -10.00      21.335800       0.100227       0.100227        17      16.0      17.0       0.502400   218.250    89.920   129.550    0     119.876602      -0.209680
      5.00     -5.00      16.667900       0.090898       0.090898        17      16.0      17.0       0.502400   217.430    84.310   137.430    0     119.860519      -0.210240
      5.00      0.00      12.000000       0.087768       0.087768        17      16.0      17.0       0.502400   315.940    51.830    -8.410    0     119.844429      -0.210810
      5.00      5.00       7.332100       0.074705       0.074705        17      16.0      17.0       0.502400   319.620    67.080    -3.240    0     119.828346      -0.211370
      5.00     10.00       2.664200       0.068970       0.068970        17      16.0      17.0       0.502400   322.190    82.400    11.060    0     119.812263      -0.211940
     10.00    -15.00      26.003710       0.085027       0.085027        17      16.0      17.0       0.502400    57.320    82.730  -103.990    1     119.891121      -0.163920
     10.00    -10.00      21.335800       0.109011       0.109011        17      16.0      17.0       0.502400    42.760    87.940  -130.880    0     119.875038      -0.164490
     10.00     -5.00      16.667900       0.093335       0.093335        17      16.0      17.0       0.502400   315.020    55.830    13.520    0     119.858948      -0.165050
     10.00      0.00      12.000000       0.084314       0.084314        17      16.0      17.0       0.502400   318.800    64.670    10.390    0     119.842873      -0.165620
     10.00      5.00       7.332100       0.079452       0.079452        17      16.0      17.0       0.502400   315.010    88.160    21.760    0     119.826782      -0.166180
     10.00     10.00       2.664200       0.078423       0.078423        17      16.0      17.0       0.502400   316.170    89.760    31.240    0     119.810692      -0.166750
     15.00    -15.00      26.003710       0.088094       0.088094        17      16.0      17.0       0.502400    59.730    79.810  -106.190    1     119.889549      -0.118730
     15.00    -10.00      21.335800       0.107205       0.107205        17      16.0      17.0       0.502400   315.160    42.730    -2.480    0     119.873466      -0.119300
     15.00     -5.00      16.667900       0.097004       0.097004        17      16.0      17.0       0.502400   316.870    68.520    19.370    0     119.857384      -0.119860
     15.00      0.00      12.000000       0.093604       0.093604        17      16.0      17.0       0.502400   317.660    80.810    25.160    0     119.841301      -0.120430
     15.00      5.00       7.332100       0.097447       0.097447        17      16.0      17.0       0.502400   133.100    83.600   -31.850    0     119.825218      -0.120990
     15.00     10.00       2.664200       0.095266       0.095266        17      16.0      17.0       0.502400   135.700    88.990   -37.090    0     119.809128      -0.121560
     20.00    -15.00      26.003710       0.083004       0.083004        17      16.0      17.0       0.502400    61.570    80.640  -108.780    1     119.887978      -0.073540
     20.00    -10.00      21.335800       0.101827       0.101827        17      16.0      17.0       0.502400   319.540    48.080    -1.690    0     119.871902      -0.074100
     20.00     -5.00      16.667900       0.100604       0.100604        17      16.0      17.0       0.502400   318.500    80.210    19.230    0     119.855812      -0.074670
     20.00      0.00      12.000000       0.099712       0.099712        17      16.0      17.0       0.502400   138.120    89.390   -25.060    0     119.839737      -0.075240
     20.00      5.00       7.332100       0.109452       0.109452        17      16.0      17.0       0.502400   134.770    79.090   -29.260    0     119.823647      -0.075800
     20.00     10.00       2.664200       0.105777       0.105777        17      16.0      17.0       0.502400   136.020    84.630   -32.530    0     119.807564      -0.076370
     25.00    -15.00      26.003710       0.077327       0.077327        17      16.0      17.0       0.502400   313.450    23.090   -24.720    0     119.886414      -0.028350
     25.00    -10.00      21.335800       0.097546       0.097546        17      16.0      17.0       0.502400   323.330    49.770    -4.880    0     119.870331      -0.028910
     25.00     -5.00      16.667900       0.104208       0.104208        17      16.0      17.0       0.502400   140.200    88.900   -17.410    0     119.854240      -0.029480
     25.00      0.00      12.000000       0.106889       0.106889        17      16.0      17.0       0.502400   138.830    81.200   -20.860    0     119.838173      -0.030050
     25.00      5.00       7.332100       0.113051       0.113051        17      16.0      17.0       0.502400   137.060    76.160   -22.590    0     119.822083      -0.030610
     25.00     10.00       2.664200       0.111310       0.111310        17      16.0      17.0       0.502400   135.910    77.220   -22.970    0     119.806000      -0.031180
     30.00    -15.00      26.003710       0.065818       0.065818        17      16.0      17.0       0.502400   324.540    30.120   -20.190    0     119.884850       0.016840
     30.00    -10.00      21.335800       0.093796       0.093796        17      16.0      17.0       0.502400   325.520    49.290   -13.540    0     119.868759       0.016280
     30.00     -5.00      16.667900       0.103976       0.103976        17      16.0      17.0       0.502400   142.750    77.940   -10.920    0     119.852669       0.015710
     30.00      0.00      12.000000       0.114680       0.114680        17      16.0      17.0       0.502400   139.880    69.290   -11.140    0     119.836601       0.015150
     30.00      5.00       7.332100       0.118406       0.118406        17      16.0      17.0       0.502400   138.650    68.490   -13.070    0     119.820518       0.014580
     30.00     10.00       2.664200       0.115333       0.115333        17      16.0      17.0       0.502400   136.880    68.580   -12.720    0     119.804428       0.014020
     35.00    -15.00      26.003710       0.057167       0.057167        17      16.0      17.0       0.502400   343.340    39.960    -7.840    0     119.883278       0.062030
     35.00    -10.00      21.335800       0.094389       0.094389        17      16.0      17.0       0.502400   327.610    50.180   -24.730    0     119.867188       0.061470
     35.00     -5.00      16.667900       0.101061       0.101061        17      16.0      17.0       0.502400   145.450    68.580   -11.940    0     119.851097       0.060900
     35.00      0.00      12.000000       0.123853       0.123853        17      16.0      17.0       0.502400   142.590    56.220    -6.030    0     119.835037       0.060340
     35.00      5.00       7.332100       0.126994       0.126994        17      16.0      17.0       0.502400   141.120    54.020    -7.470    0     119.818947       0.059770
     35.00     10.00       2.664200       0.115823       0.115823        17      16.0      17.0       0.502400   139.550    61.150    -5.170    0     119.802856       0.059210
     40.00    -15.00      26.003710       0.049337       0.049337        17      16.0      17.0       0.502400   357.510    57.350    -6.570    0     119.881706       0.107230
     40.00    -10.00      21.335800       0.075907       0.075907        17      16.0      17.0       0.502400   335.750    58.300   -32.630    0     119.865623       0.106660
     40.00     -5.00      16.667900       0.087193       0.087193        17      16.0      17.0       0.502400   144.940    54.900   -26.320    0     119.849533       0.106090
     40.00      0.00      12.000000       0.122293       0.122293        17      16.0      17.0       0.502400   141.790    47.640   -12.170    0     119.833473       0.105530
     40.00      5.00       7.332100       0.128176       0.128176        17      16.0      17.0       0.502400   142.880    42.850    -8.570    0     119.817390       0.104960
     40.00     10.00       2.664200       0.105843       0.105843        17      16.0      17.0       0.502400   142.740    54.690    -0.750    0     119.801300       0.104400
     45.00    -15.00      26.003710       0.043696       0.043696        17      16.0      17.0       0.502400     8.530    86.810   -13.000    0     119.880142       0.152420
     45.00    -10.00      21.335800       0.054433       0.054433        17      16.0      17.0       0.502400   353.050    74.610   -26.950    0     119.864052       0.151850
     45.00     -5.00      16.667900       0.064368       0.064368        17      16.0      17.0       0.502400    89.180    44.170  -119.290    1     119.847961       0.151280
     45.00      0.00      12.000000       0.104373       0.104373        17      16.0      17.0       0.502400   138.890    41.980   -18.520    0     119.831909       0.150720
     45.00      5.00       7.332100       0.111456       0.111456        17      16.0      17.0       0.502400   146.600    31.630    -6.070    0     119.815819       0.150150
     45.00     10.00       2.664200       0.084577       0.084577        17      16.0      17.0       0.502400   147.140    44.450     0.730    0     119.799728       0.149590
     50.00    -15.00      26.003710       0.034110       0.034110        17      16.0      17.0       0.502400   190.120    68.780    -6.290    0     119.878571       0.197610
     50.00    -10.00      21.335800       0.038765       0.038765        17      16.0      17.0       0.502400   196.860    75.600    -1.750    0     119.862480       0.197040
     50.00     -5.00      16.667900       0.035813       0.035813        17      16.0      17.0       0.502400    96.590    53.050  -112.560    1     119.846390       0.196470
     50.00      0.00      12.000000       0.072077       0.072077        17      16.0      17.0       0.502400   132.770    42.060   -27.700    1     119.830338       0.195910
     50.00      5.00       7.332100       0.076278       0.076278        17      16.0      17.0       0.502400   152.670    21.260    -2.340    0     119.814247       0.195340
     50.00     10.00       2.664200       0.054735       0.054735        17      16.0      17.0       0.502400   154.210    26.480    -2.140    0     119.798172       0.194780
