      xloc      yloc          depth         ave SR         max SR         #     start       end     max SR all       str       dip      rake flag
   -185.00    -15.00      26.003710       0.000000       0.000000        38      37.0      38.0       0.502400   180.000    45.000    90.000    0     119.952240      -1.926360
   -185.00    -10.00      21.335800       0.000000       0.000000        38      37.0      38.0       0.502400   180.000    45.000    90.000    0     119.936150      -1.926930
   -185.00     -5.00      16.667900       0.000000       0.000000        38      37.0      38.0       0.502400   180.000    45.000    90.000    0     119.920059      -1.927490
   -185.00      0.00      12.000000       0.000000       0.000000        38      37.0      38.0       0.502400   180.000    45.000    90.000    0     119.903961      -1.928060
   -185.00      5.00       7.332100       0.000000       0.000000        38      37.0      38.0       0.502400   180.000    45.000    90.000    0     119.887871      -1.928620
   -185.00     10.00       2.664200       0.000000       0.000000        38      37.0      38.0       0.502400   180.000    45.000    90.000    0     119.871780      -1.929190
   -180.00    -15.00      26.003710       0.000000       0.000000        38      37.0      38.0       0.502400   180.000    45.000    90.000    0     119.950684      -1.881170
   -180.00    -10.00      21.335800       0.000000       0.000000        38      37.0      38.0       0.502400   180.000    45.000    90.000    0     119.934578      -1.881740
   -180.00     -5.00      16.667900       0.000000       0.000000        38      37.0      38.0       0.502400   180.000    45.000    90.000    0     119.918488      -1.882300
   -180.00      0.00      12.000000       0.000000       0.000000        38      37.0      38.0       0.502400   180.000    45.000    90.000    0     119.902397      -1.882870
   -180.00      5.00       7.332100       0.000000       0.000000        38      37.0      38.0       0.502400   180.000    45.000    90.000    0     119.886299      -1.883430
   -180.00     10.00       2.664200       0.000000       0.000000        38      37.0      38.0       0.502400   180.000    45.000    90.000    0     119.870209      -1.884000
   -175.00    -15.00      26.003710       0.000000       0.000000        38      37.0      38.0       0.502400   180.000    45.000    90.000    0     119.949112      -1.835980
   -175.00    -10.00      21.335800       0.000000       0.000000        38      37.0      38.0       0.502400   180.000    45.000    90.000    0     119.933006      -1.836550
   -175.00     -5.00      16.667900       0.000000       0.000000        38      37.0      38.0       0.502400   180.000    45.000    90.000    0     119.916924      -1.837110
   -175.00      0.00      12.000000       0.000000       0.000000        38      37.0      38.0       0.502400   180.000    45.000    90.000    0     119.900833      -1.837680
   -175.00      5.00       7.332100       0.000000       0.000000        38      37.0      38.0       0.502400   180.000    45.000    90.000    0     119.884743      -1.838240
   -175.00     10.00       2.664200       0.000000       0.000000        38      37.0      38.0       0.502400   180.000    45.000    90.000    0     119.868637      -1.838810
   -170.00    -15.00      26.003710       0.000000       0.000000        38      37.0      38.0       0.502400   180.000    45.000    90.000    0     119.947540      -1.790790
   -170.00    -10.00      21.335800       0.000000       0.000000        38      37.0      38.0       0.502400   180.000    45.000    90.000    0     119.931450      -1.791360
   -170.00     -5.00      16.667900       0.000000       0.000000        38      37.0      38.0       0.502400   180.000    45.000    90.000    0     119.915352      -1.791920
   -170.00      0.00      12.000000       0.000000       0.000000        38      37.0      38.0       0.502400   180.000    45.000    90.000    0     119.899261      -1.792490
   -170.00      5.00       7.332100       0.000000       0.000000        38      37.0      38.0       0.502400   180.000    45.000    90.000    0     119.883171      -1.793050
   -170.00     10.00       2.664200       0.000000       0.000000        38      37.0      38.0       0.502400   180.000    45.000    90.000    0     119.867081      -1.793620
   -165.00    -15.00      26.003710       0.000000       0.000000        38      37.0      38.0       0.502400   180.000    45.000    90.000    0     119.945969      -1.745600
   -165.00    -10.00      21.335800       0.000000       0.000000        38      37.0      38.0       0.502400   180.000    45.000    90.000    0     119.929878      -1.746170
   -165.00     -5.00      16.667900       0.000000       0.000000        38      37.0      38.0       0.502400   180.000    45.000    90.000    0     119.913788      -1.746730
   -165.00      0.00      12.000000       0.000000       0.000000        38      37.0      38.0       0.502400   180.000    45.000    90.000    0     119.897690      -1.747300
   -165.00      5.00       7.332100       0.000000       0.000000        38      37.0      38.0       0.502400   180.000    45.000    90.000    0     119.881599      -1.747860
   -165.00     10.00       2.664200       0.000000       0.000000        38      37.0      38.0       0.502400   180.000    45.000    90.000    0     119.865509      -1.748430
   -160.00    -15.00      26.003710       0.000000       0.000000        38      37.0      38.0       0.502400   180.000    45.000    90.000    0     119.944397      -1.700410
   -160.00    -10.00      21.335800       0.000000       0.000000        38      37.0      38.0       0.502400   180.000    45.000    90.000    0     119.928307      -1.700980
   -160.00     -5.00      16.667900       0.000000       0.000000        38      37.0      38.0       0.502400   180.000    45.000    90.000    0     119.912216      -1.701540
   -160.00      0.00      12.000000       0.000000       0.000000        38      37.0      38.0       0.502400   180.000    45.000    90.000    0     119.896133      -1.702110
   -160.00      5.00       7.332100       0.000000       0.000000        38      37.0      38.0       0.502400   180.000    45.000    90.000    0     119.880028      -1.702670
   -160.00     10.00       2.664200       0.000000       0.000000        38      37.0      38.0       0.502400   180.000    45.000    90.000    0     119.863937      -1.703240
   -155.00    -15.00      26.003710       0.029704       0.029704        38      37.0      38.0       0.502400    61.000    83.640   -92.210    1     119.942841      -1.655220
   -155.00    -10.00      21.335800       0.007948       0.007948        38      37.0      38.0       0.502400   198.920    71.450   -91.330    0     119.926743      -1.655790
   -155.00     -5.00      16.667900       0.023097       0.023097        38      37.0      38.0       0.502400   109.870    26.970   -59.960    1     119.910652      -1.656350
   -155.00      0.00      12.000000       0.010925       0.010925        38      37.0      38.0       0.502400    65.950    47.480  -138.130    1     119.894562      -1.656920
   -155.00      5.00       7.332100       0.011131       0.011131        38      37.0      38.0       0.502400   123.170    79.620   111.460    1     119.878471      -1.657480
   -155.00     10.00       2.664200       0.006040       0.006040        38      37.0      38.0       0.502400    94.640    63.460    93.150    1     119.862373      -1.658050
   -150.00    -15.00      26.003710       0.050843       0.050843        38      37.0      38.0       0.502400   222.830    12.890  -149.090    0     119.941269      -1.610030
   -150.00    -10.00      21.335800       0.047002       0.047002        38      37.0      38.0       0.502400   110.760    64.350   -54.670    1     119.925179      -1.610590
   -150.00     -5.00      16.667900       0.093047       0.093047        38      37.0      38.0       0.502400   113.310    34.300   -49.370    1     119.909081      -1.611160
   -150.00      0.00      12.000000       0.056995       0.056995        38      37.0      38.0       0.502400   123.470    33.230   -50.270    1     119.892990      -1.611730
   -150.00      5.00       7.332100       0.044889       0.044889        38      37.0      38.0       0.502400   146.900    39.800   -26.040    0     119.876900      -1.612290
   -150.00     10.00       2.664200       0.018950       0.018950        38      37.0      38.0       0.502400   165.190    84.590   -31.690    0     119.860809      -1.612860
   -145.00    -15.00      26.003710       0.056067       0.056067        38      37.0      38.0       0.502400   105.190    79.470   -76.860    1     119.939697      -1.564840
   -145.00    -10.00      21.335800       0.053607       0.053607        38      37.0      38.0       0.502400   114.980    66.970   -57.890    1     119.923607      -1.565400
   -145.00     -5.00      16.667900       0.080212       0.080212        38      37.0      38.0       0.502400   122.250    39.990   -45.740    1     119.907516      -1.565970
   -145.00      0.00      12.000000       0.064519       0.064519        38      37.0      38.0       0.502400   138.990    41.120   -43.180    0     119.891418      -1.566530
   -145.00      5.00       7.332100       0.059887       0.059887        38      37.0      38.0       0.502400   157.470    53.160   -30.730    0     119.875328      -1.567100
   -145.00     10.00       2.664200       0.044441       0.044441        38      37.0      38.0       0.502400   346.170    56.110   -27.890    0     119.859238      -1.567660
   -140.00    -15.00      26.003710       0.052261       0.052261        38      37.0      38.0       0.502400   103.150    75.280   -81.850    1     119.938133      -1.519650
   -140.00    -10.00      21.335800       0.050478       0.050478        38      37.0      38.0       0.502400    78.750    69.230  -115.760    1     119.922043      -1.520210
   -140.00     -5.00      16.667900       0.048841       0.048841        38      37.0      38.0       0.502400   153.470    71.570    -7.560    0     119.905952      -1.520780
   -140.00      0.00      12.000000       0.059574       0.059574        38      37.0      38.0       0.502400   169.290    67.460   -13.010    0     119.889862      -1.521340
   -140.00      5.00       7.332100       0.071309       0.071309        38      37.0      38.0       0.502400   355.280    79.090   -13.940    0     119.873772      -1.521910
   -140.00     10.00       2.664200       0.083073       0.083073        38      37.0      38.0       0.502400   352.120    60.940   -28.710    0     119.857681      -1.522470
   -135.00    -15.00      26.003710       0.044437       0.044437        38      37.0      38.0       0.502400   333.990    43.800    -4.750    0     119.936562      -1.474460
   -135.00    -10.00      21.335800       0.057080       0.057080        38      37.0      38.0       0.502400   333.620    54.260    -5.420    0     119.920471      -1.475020
   -135.00     -5.00      16.667900       0.065618       0.065618        38      37.0      38.0       0.502400   349.100    82.380   -21.570    0     119.904381      -1.475590
   -135.00      0.00      12.000000       0.088284       0.088284        38      37.0      38.0       0.502400     0.800    87.100   -14.920    0     119.888290      -1.476150
   -135.00      5.00       7.332100       0.115455       0.115455        38      37.0      38.0       0.502400   359.550    70.170   -23.610    0     119.872200      -1.476720
   -135.00     10.00       2.664200       0.127152       0.127152        38      37.0      38.0       0.502400   358.400    66.560   -29.480    0     119.856110      -1.477280
   -130.00    -15.00      26.003710       0.043502       0.043502        38      37.0      38.0       0.502400   338.930    59.830    13.100    0     119.934998      -1.429270
   -130.00    -10.00      21.335800       0.065386       0.065386        38      37.0      38.0       0.502400   341.290    57.990    -0.770    0     119.918907      -1.429830
   -130.00     -5.00      16.667900       0.095096       0.095096        38      37.0      38.0       0.502400     0.080    88.880   -28.360    0     119.902809      -1.430400
   -130.00      0.00      12.000000       0.126396       0.126396        38      37.0      38.0       0.502400     5.600    86.150   -20.910    0     119.886719      -1.430960
   -130.00      5.00       7.332100       0.156206       0.156206        38      37.0      38.0       0.502400     5.290    74.820   -26.580    0     119.870628      -1.431530
   -130.00     10.00       2.664200       0.166437       0.166437        38      37.0      38.0       0.502400     3.990    72.420   -30.440    0     119.854538      -1.432090
   -125.00    -15.00      26.003710       0.046660       0.046660        38      37.0      38.0       0.502400   341.380    61.590    12.680    0     119.933434      -1.384080
   -125.00    -10.00      21.335800       0.074078       0.074078        38      37.0      38.0       0.502400   350.690    86.260   -21.730    0     119.917343      -1.384640
   -125.00     -5.00      16.667900       0.116879       0.116879        38      37.0      38.0       0.502400   182.880    89.580    27.010    0     119.901253      -1.385210
   -125.00      0.00      12.000000       0.156993       0.156993        38      37.0      38.0       0.502400     7.900    85.980   -24.000    0     119.885162      -1.385770
   -125.00      5.00       7.332100       0.185408       0.185408        38      37.0      38.0       0.502400     9.810    80.060   -29.220    0     119.869072      -1.386340
   -125.00     10.00       2.664200       0.192864       0.192864        38      37.0      38.0       0.502400     8.570    77.640   -30.400    0     119.852982      -1.386900
   -120.00    -15.00      26.003710       0.048244       0.048244        38      37.0      38.0       0.502400   345.980    63.670    19.270    0     119.931862      -1.338890
   -120.00    -10.00      21.335800       0.081503       0.081503        38      37.0      38.0       0.502400   174.350    86.560    21.710    0     119.915771      -1.339450
   -120.00     -5.00      16.667900       0.129588       0.129588        38      37.0      38.0       0.502400   183.830    86.670    23.300    0     119.899681      -1.340020
   -120.00      0.00      12.000000       0.171879       0.171879        38      37.0      38.0       0.502400     8.890    86.660   -24.130    0     119.883591      -1.340580
   -120.00      5.00       7.332100       0.198337       0.198337        38      37.0      38.0       0.502400    12.890    84.730   -28.900    0     119.867500      -1.341150
   -120.00     10.00       2.664200       0.201735       0.201735        38      37.0      38.0       0.502400    12.810    83.450   -27.710    0     119.851410      -1.341710
   -115.00    -15.00      26.003710       0.048907       0.048907        38      37.0      38.0       0.502400   352.120    70.050    32.060    0     119.930290      -1.293690
   -115.00    -10.00      21.335800       0.087056       0.087056        38      37.0      38.0       0.502400   174.010    88.830     8.920    0     119.914200      -1.294260
   -115.00     -5.00      16.667900       0.134590       0.134590        38      37.0      38.0       0.502400   184.500    80.940    18.000    0     119.898109      -1.294830
   -115.00      0.00      12.000000       0.171591       0.171591        38      37.0      38.0       0.502400   190.360    89.310    21.420    0     119.882019      -1.295390
   -115.00      5.00       7.332100       0.196723       0.196723        38      37.0      38.0       0.502400    15.520    89.710   -25.260    0     119.865929      -1.295960
   -115.00     10.00       2.664200       0.196791       0.196791        38      37.0      38.0       0.502400   196.730    89.600    21.780    0     119.849838      -1.296520
   -110.00    -15.00      26.003710       0.060904       0.060904        38      37.0      38.0       0.502400     2.850    69.820    49.660    0     119.928726      -1.248500
   -110.00    -10.00      21.335800       0.096689       0.096689        38      37.0      38.0       0.502400   358.670    72.700    23.330    0     119.912643      -1.249070
   -110.00     -5.00      16.667900       0.136703       0.136703        38      37.0      38.0       0.502400   183.180    78.300    11.210    0     119.896553      -1.249630
   -110.00      0.00      12.000000       0.162814       0.162814        38      37.0      38.0       0.502400   191.200    82.820    16.860    0     119.880463      -1.250200
   -110.00      5.00       7.332100       0.185196       0.185196        38      37.0      38.0       0.502400   197.670    83.470    19.560    0     119.864372      -1.250760
   -110.00     10.00       2.664200       0.185074       0.185074        38      37.0      38.0       0.502400   199.600    81.760    14.100    0     119.848282      -1.251330
   -105.00    -15.00      26.003710       0.077160       0.077160        38      37.0      38.0       0.502400     4.280    71.740    53.380    0     119.927162      -1.203310
   -105.00    -10.00      21.335800       0.113762       0.113762        38      37.0      38.0       0.502400     6.540    66.350    40.900    0     119.911072      -1.203880
   -105.00     -5.00      16.667900       0.134674       0.134674        38      37.0      38.0       0.502400   181.630    81.680     1.310    0     119.894981      -1.204440
   -105.00      0.00      12.000000       0.151569       0.151569        38      37.0      38.0       0.502400   191.200    75.590    12.820    0     119.878891      -1.205010
   -105.00      5.00       7.332100       0.169781       0.169781        38      37.0      38.0       0.502400   199.400    75.800    14.610    0     119.862801      -1.205570
   -105.00     10.00       2.664200       0.170345       0.170345        38      37.0      38.0       0.502400   201.270    74.380     7.820    0     119.846710      -1.206140
   -100.00    -15.00      26.003710       0.086450       0.086450        38      37.0      38.0       0.502400     0.930    71.840    49.350    0     119.925591      -1.158120
   -100.00    -10.00      21.335800       0.125658       0.125658        38      37.0      38.0       0.502400     6.500    68.640    42.840    0     119.909500      -1.158690
   -100.00     -5.00      16.667900       0.125461       0.125461        38      37.0      38.0       0.502400     1.880    87.900    11.100    0     119.893410      -1.159250
   -100.00      0.00      12.000000       0.135928       0.135928        38      37.0      38.0       0.502400   191.170    69.340    12.640    0     119.877319      -1.159820
   -100.00      5.00       7.332100       0.151167       0.151167        38      37.0      38.0       0.502400   200.910    67.220    12.790    0     119.861229      -1.160380
   -100.00     10.00       2.664200       0.151148       0.151148        38      37.0      38.0       0.502400   202.570    66.410     4.750    0     119.845207      -1.160950
    -95.00    -15.00      26.003710       0.089318       0.089318        38      37.0      38.0       0.502400    14.100    54.150    32.600    0     119.924026      -1.112930
    -95.00    -10.00      21.335800       0.124501       0.124501        38      37.0      38.0       0.502400     5.100    69.320    42.190    0     119.907944      -1.113500
    -95.00     -5.00      16.667900       0.107778       0.107778        38      37.0      38.0       0.502400     0.850    85.820    11.640    0     119.891853      -1.114060
    -95.00      0.00      12.000000       0.113733       0.113733        38      37.0      38.0       0.502400   191.510    64.610    14.520    0     119.875763      -1.114630
    -95.00      5.00       7.332100       0.126927       0.126927        38      37.0      38.0       0.502400   201.830    57.490    10.460    0     119.859673      -1.115190
    -95.00     10.00       2.664200       0.126128       0.126128        38      37.0      38.0       0.502400   203.660    56.890     2.080    0     119.843643      -1.115760
    -90.00    -15.00      26.003710       0.087202       0.087202        38      37.0      38.0       0.502400    27.230    28.120    12.770    0     119.922462      -1.067740
    -90.00    -10.00      21.335800       0.106575       0.106575        38      37.0      38.0       0.502400     2.420    71.070    40.950    0     119.906372      -1.068310
    -90.00     -5.00      16.667900       0.080910       0.080910        38      37.0      38.0       0.502400   179.630    87.540    -5.090    0     119.890282      -1.068870
    -90.00      0.00      12.000000       0.086168       0.086168        38      37.0      38.0       0.502400   193.080    60.480    14.690    0     119.874191      -1.069440
    -90.00      5.00       7.332100       0.101694       0.101694        38      37.0      38.0       0.502400   202.470    44.740     3.790    0     119.858101      -1.070000
    -90.00     10.00       2.664200       0.095541       0.095541        38      37.0      38.0       0.502400   204.330    46.290    -3.480    0     119.842072      -1.070570
    -85.00    -15.00      26.003710       0.063977       0.063977        38      37.0      38.0       0.502400   356.570     7.330   -42.550    0     119.920891      -1.022550
    -85.00    -10.00      21.335800       0.070369       0.070369        38      37.0      38.0       0.502400   355.770    79.250    42.820    0     119.904800      -1.023120
    -85.00     -5.00      16.667900       0.049880       0.049880        38      37.0      38.0       0.502400   180.780    75.150     6.380    0     119.888710      -1.023680
    -85.00      0.00      12.000000       0.056414       0.056414        38      37.0      38.0       0.502400   200.310    49.180     8.910    0     119.872620      -1.024250
    -85.00      5.00       7.332100       0.074748       0.074748        38      37.0      38.0       0.502400   200.480    28.370   -11.370    0     119.856537      -1.024810
    -85.00     10.00       2.664200       0.062207       0.062207        38      37.0      38.0       0.502400   204.870    34.680   -13.860    0     119.840500      -1.025380
    -80.00    -15.00      26.003710       0.033462       0.033462        38      37.0      38.0       0.502400   153.380    78.020   -66.080    0     119.919319      -0.977360
    -80.00    -10.00      21.335800       0.025839       0.025839        38      37.0      38.0       0.502400   157.480    65.780   -31.970    0     119.903236      -0.977920
    -80.00     -5.00      16.667900       0.030583       0.030583        38      37.0      38.0       0.502400   135.080    16.740  -103.750    0     119.887154      -0.978490
    -80.00      0.00      12.000000       0.036552       0.036552        38      37.0      38.0       0.502400   315.120    88.490  -120.120    0     119.871063      -0.979050
    -80.00      5.00       7.332100       0.043610       0.043610        38      37.0      38.0       0.502400   188.250    14.000   -50.330    0     119.854973      -0.979620
    -80.00     10.00       2.664200       0.027917       0.027917        38      37.0      38.0       0.502400   213.470    24.800   -37.110    0     119.838928      -0.980190
    -75.00    -15.00      26.003710       0.008832       0.008832        38      37.0      38.0       0.502400   126.000    31.200   -48.490    1     119.917763      -0.932170
    -75.00    -10.00      21.335800       0.005167       0.005167        38      37.0      38.0       0.502400    85.440    71.540    91.760    1     119.901672      -0.932730
    -75.00     -5.00      16.667900       0.006813       0.006813        38      37.0      38.0       0.502400    82.390    29.180  -113.640    1     119.885582      -0.933300
    -75.00      0.00      12.000000       0.006676       0.006676        38      37.0      38.0       0.502400   133.800    40.640   156.100    0     119.869492      -0.933860
    -75.00      5.00       7.332100       0.003001       0.003001        38      37.0      38.0       0.502400   325.260    78.320  -139.130    0     119.853401      -0.934430
    -75.00     10.00       2.664200       0.003020       0.003020        38      37.0      38.0       0.502400     6.550    76.850  -105.370    0     119.837357      -0.934990
    -70.00    -15.00      26.003710       0.000000       0.000000        38      37.0      38.0       0.502400   180.000    45.000    90.000    0     119.916191      -0.886980
    -70.00    -10.00      21.335800       0.000000       0.000000        38      37.0      38.0       0.502400   180.000    45.000    90.000    0     119.900101      -0.887540
    -70.00     -5.00      16.667900       0.000000       0.000000        38      37.0      38.0       0.502400   180.000    45.000    90.000    0     119.884010      -0.888110
    -70.00      0.00      12.000000       0.000000       0.000000        38      37.0      38.0       0.502400   180.000    45.000    90.000    0     119.867928      -0.888670
    -70.00      5.00       7.332100       0.000000       0.000000        38      37.0      38.0       0.502400   180.000    45.000    90.000    0     119.851837      -0.889240
    -70.00     10.00       2.664200       0.000000       0.000000        38      37.0      38.0       0.502400   180.000    45.000    90.000    0     119.835793      -0.889800
    -65.00    -15.00      26.003710       0.000000       0.000000        38      37.0      38.0       0.502400   180.000    45.000    90.000    0     119.914619      -0.841790
    -65.00    -10.00      21.335800       0.000000       0.000000        38      37.0      38.0       0.502400   180.000    45.000    90.000    0     119.898537      -0.842350
    -65.00     -5.00      16.667900       0.000000       0.000000        38      37.0      38.0       0.502400   180.000    45.000    90.000    0     119.882446      -0.842920
    -65.00      0.00      12.000000       0.000000       0.000000        38      37.0      38.0       0.502400   180.000    45.000    90.000    0     119.866364      -0.843480
    -65.00      5.00       7.332100       0.000000       0.000000        38      37.0      38.0       0.502400   180.000    45.000    90.000    0     119.850273      -0.844050
    -65.00     10.00       2.664200       0.000000       0.000000        38      37.0      38.0       0.502400   180.000    45.000    90.000    0     119.834221      -0.844610
    -60.00    -15.00      26.003710       0.000000       0.000000        38      37.0      38.0       0.502400   180.000    45.000    90.000    0     119.913063      -0.796600
    -60.00    -10.00      21.335800       0.000000       0.000000        38      37.0      38.0       0.502400   180.000    45.000    90.000    0     119.896973      -0.797160
    -60.00     -5.00      16.667900       0.000000       0.000000        38      37.0      38.0       0.502400   180.000    45.000    90.000    0     119.880882      -0.797730
    -60.00      0.00      12.000000       0.000000       0.000000        38      37.0      38.0       0.502400   180.000    45.000    90.000    0     119.864792      -0.798290
    -60.00      5.00       7.332100       0.000000       0.000000        38      37.0      38.0       0.502400   180.000    45.000    90.000    0     119.848701      -0.798860
    -60.00     10.00       2.664200       0.000000       0.000000        38      37.0      38.0       0.502400   180.000    45.000    90.000    0     119.832657      -0.799420
    -55.00    -15.00      26.003710       0.000000       0.000000        38      37.0      38.0       0.502400   180.000    45.000    90.000    0     119.911491      -0.751410
    -55.00    -10.00      21.335800       0.000000       0.000000        38      37.0      38.0       0.502400   180.000    45.000    90.000    0     119.895401      -0.751970
    -55.00     -5.00      16.667900       0.000000       0.000000        38      37.0      38.0       0.502400   180.000    45.000    90.000    0     119.879311      -0.752540
    -55.00      0.00      12.000000       0.000000       0.000000        38      37.0      38.0       0.502400   180.000    45.000    90.000    0     119.863228      -0.753100
    -55.00      5.00       7.332100       0.000000       0.000000        38      37.0      38.0       0.502400   180.000    45.000    90.000    0     119.847137      -0.753670
    -55.00     10.00       2.664200       0.000000       0.000000        38      37.0      38.0       0.502400   180.000    45.000    90.000    0     119.831093      -0.754230
    -50.00    -15.00      26.003710       0.000000       0.000000        38      37.0      38.0       0.502400   180.000    45.000    90.000    0     119.909920      -0.706210
    -50.00    -10.00      21.335800       0.000000       0.000000        38      37.0      38.0       0.502400   180.000    45.000    90.000    0     119.893837      -0.706780
    -50.00     -5.00      16.667900       0.000000       0.000000        38      37.0      38.0       0.502400   180.000    45.000    90.000    0     119.877747      -0.707340
    -50.00      0.00      12.000000       0.000000       0.000000        38      37.0      38.0       0.502400   180.000    45.000    90.000    0     119.861656      -0.707910
    -50.00      5.00       7.332100       0.000000       0.000000        38      37.0      38.0       0.502400   180.000    45.000    90.000    0     119.845612      -0.708470
    -50.00     10.00       2.664200       0.000000       0.000000        38      37.0      38.0       0.502400   180.000    45.000    90.000    0     119.829521      -0.709040
    -45.00    -15.00      26.003710       0.000000       0.000000        38      37.0      38.0       0.502400   180.000    45.000    90.000    0     119.908363      -0.661020
    -45.00    -10.00      21.335800       0.000000       0.000000        38      37.0      38.0       0.502400   180.000    45.000    90.000    0     119.892273      -0.661590
    -45.00     -5.00      16.667900       0.000000       0.000000        38      37.0      38.0       0.502400   180.000    45.000    90.000    0     119.876183      -0.662150
    -45.00      0.00      12.000000       0.000000       0.000000        38      37.0      38.0       0.502400   180.000    45.000    90.000    0     119.860092      -0.662720
    -45.00      5.00       7.332100       0.000000       0.000000        38      37.0      38.0       0.502400   180.000    45.000    90.000    0     119.844040      -0.663280
    -45.00     10.00       2.664200       0.000000       0.000000        38      37.0      38.0       0.502400   180.000    45.000    90.000    0     119.827950      -0.663850
    -40.00    -15.00      26.003710       0.000000       0.000000        38      37.0      38.0       0.502400   180.000    45.000    90.000    0     119.906792      -0.615830
    -40.00    -10.00      21.335800       0.000000       0.000000        38      37.0      38.0       0.502400   180.000    45.000    90.000    0     119.890701      -0.616400
    -40.00     -5.00      16.667900       0.000000       0.000000        38      37.0      38.0       0.502400   180.000    45.000    90.000    0     119.874619      -0.616960
    -40.00      0.00      12.000000       0.000000       0.000000        38      37.0      38.0       0.502400   180.000    45.000    90.000    0     119.858528      -0.617530
    -40.00      5.00       7.332100       0.000000       0.000000        38      37.0      38.0       0.502400   180.000    45.000    90.000    0     119.842468      -0.618090
    -40.00     10.00       2.664200       0.000000       0.000000        38      37.0      38.0       0.502400   180.000    45.000    90.000    0     119.826378      -0.618660
    -35.00    -15.00      26.003710       0.000000       0.000000        38      37.0      38.0       0.502400   180.000    45.000    90.000    0     119.905220      -0.570640
    -35.00    -10.00      21.335800       0.000000       0.000000        38      37.0      38.0       0.502400   180.000    45.000    90.000    0     119.889137      -0.571210
    -35.00     -5.00      16.667900       0.000000       0.000000        38      37.0      38.0       0.502400   180.000    45.000    90.000    0     119.873047      -0.571770
    -35.00      0.00      12.000000       0.000000       0.000000        38      37.0      38.0       0.502400   180.000    45.000    90.000    0     119.856956      -0.572340
    -35.00      5.00       7.332100       0.000000       0.000000        38      37.0      38.0       0.502400   180.000    45.000    90.000    0     119.840897      -0.572900
    -35.00     10.00       2.664200       0.000000       0.000000        38      37.0      38.0       0.502400   180.000    45.000    90.000    0     119.824806      -0.573470
    -30.00    -15.00      26.003710       0.000000       0.000000        38      37.0      38.0       0.502400   180.000    45.000    90.000    0     119.903664      -0.525450
    -30.00    -10.00      21.335800       0.000000       0.000000        38      37.0      38.0       0.502400   180.000    45.000    90.000    0     119.887573      -0.526020
    -30.00     -5.00      16.667900       0.000000       0.000000        38      37.0      38.0       0.502400   180.000    45.000    90.000    0     119.871483      -0.526580
    -30.00      0.00      12.000000       0.000000       0.000000        38      37.0      38.0       0.502400   180.000    45.000    90.000    0     119.855400      -0.527150
    -30.00      5.00       7.332100       0.000000       0.000000        38      37.0      38.0       0.502400   180.000    45.000    90.000    0     119.839333      -0.527710
    -30.00     10.00       2.664200       0.000000       0.000000        38      37.0      38.0       0.502400   180.000    45.000    90.000    0     119.823242      -0.528280
    -25.00    -15.00      26.003710       0.000000       0.000000        38      37.0      38.0       0.502400   180.000    45.000    90.000    0     119.902092      -0.480260
    -25.00    -10.00      21.335800       0.000000       0.000000        38      37.0      38.0       0.502400   180.000    45.000    90.000    0     119.886002      -0.480820
    -25.00     -5.00      16.667900       0.000000       0.000000        38      37.0      38.0       0.502400   180.000    45.000    90.000    0     119.869919      -0.481390
    -25.00      0.00      12.000000       0.000000       0.000000        38      37.0      38.0       0.502400   180.000    45.000    90.000    0     119.853828      -0.481950
    -25.00      5.00       7.332100       0.000000       0.000000        38      37.0      38.0       0.502400   180.000    45.000    90.000    0     119.837761      -0.482520
    -25.00     10.00       2.664200       0.000000       0.000000        38      37.0      38.0       0.502400   180.000    45.000    90.000    0     119.821671      -0.483090
    -20.00    -15.00      26.003710       0.000000       0.000000        38      37.0      38.0       0.502400   180.000    45.000    90.000    0     119.900528      -0.435070
    -20.00    -10.00      21.335800       0.000000       0.000000        38      37.0      38.0       0.502400   180.000    45.000    90.000    0     119.884438      -0.435630
    -20.00     -5.00      16.667900       0.000000       0.000000        38      37.0      38.0       0.502400   180.000    45.000    90.000    0     119.868347      -0.436200
    -20.00      0.00      12.000000       0.000000       0.000000        38      37.0      38.0       0.502400   180.000    45.000    90.000    0     119.852257      -0.436760
    -20.00      5.00       7.332100       0.000000       0.000000        38      37.0      38.0       0.502400   180.000    45.000    90.000    0     119.836189      -0.437330
    -20.00     10.00       2.664200       0.000000       0.000000        38      37.0      38.0       0.502400   180.000    45.000    90.000    0     119.820099      -0.437900
    -15.00    -15.00      26.003710       0.000000       0.000000        38      37.0      38.0       0.502400   180.000    45.000    90.000    0     119.898956      -0.389880
    -15.00    -10.00      21.335800       0.000000       0.000000        38      37.0      38.0       0.502400   180.000    45.000    90.000    0     119.882874      -0.390440
    -15.00     -5.00      16.667900       0.000000       0.000000        38      37.0      38.0       0.502400   180.000    45.000    90.000    0     119.866791      -0.391010
    -15.00      0.00      12.000000       0.000000       0.000000        38      37.0      38.0       0.502400   180.000    45.000    90.000    0     119.850700      -0.391570
    -15.00      5.00       7.332100       0.000000       0.000000        38      37.0      38.0       0.502400   180.000    45.000    90.000    0     119.834618      -0.392140
    -15.00     10.00       2.664200       0.000000       0.000000        38      37.0      38.0       0.502400   180.000    45.000    90.000    0     119.818527      -0.392700
    -10.00    -15.00      26.003710       0.000000       0.000000        38      37.0      38.0       0.502400   180.000    45.000    90.000    0     119.897392      -0.344690
    -10.00    -10.00      21.335800       0.000000       0.000000        38      37.0      38.0       0.502400   180.000    45.000    90.000    0     119.881310      -0.345250
    -10.00     -5.00      16.667900       0.000000       0.000000        38      37.0      38.0       0.502400   180.000    45.000    90.000    0     119.865219      -0.345820
    -10.00      0.00      12.000000       0.000000       0.000000        38      37.0      38.0       0.502400   180.000    45.000    90.000    0     119.849129      -0.346380
    -10.00      5.00       7.332100       0.000000       0.000000        38      37.0      38.0       0.502400   180.000    45.000    90.000    0     119.833054      -0.346950
    -10.00     10.00       2.664200       0.000000       0.000000        38      37.0      38.0       0.502400   180.000    45.000    90.000    0     119.816963      -0.347510
     -5.00    -15.00      26.003710       0.000000       0.000000        38      37.0      38.0       0.502400   180.000    45.000    90.000    0     119.895828      -0.299500
     -5.00    -10.00      21.335800       0.000000       0.000000        38      37.0      38.0       0.502400   180.000    45.000    90.000    0     119.879738      -0.300060
     -5.00     -5.00      16.667900       0.000000       0.000000        38      37.0      38.0       0.502400   180.000    45.000    90.000    0     119.863647      -0.300630
     -5.00      0.00      12.000000       0.000000       0.000000        38      37.0      38.0       0.502400   180.000    45.000    90.000    0     119.847572      -0.301190
     -5.00      5.00       7.332100       0.000000       0.000000        38      37.0      38.0       0.502400   180.000    45.000    90.000    0     119.831482      -0.301760
     -5.00     10.00       2.664200       0.000000       0.000000        38      37.0      38.0       0.502400   180.000    45.000    90.000    0     119.815399      -0.302320
      0.00    -15.00      26.003710       0.000000       0.000000        38      37.0      38.0       0.502400   180.000    45.000    90.000    0     119.894257      -0.254300
      0.00    -10.00      21.335800       0.000000       0.000000        38      37.0      38.0       0.502400   180.000    45.000    90.000    0     119.878166      -0.254870
      0.00     -5.00      16.667900       0.000000       0.000000        38      37.0      38.0       0.502400   180.000    45.000    90.000    0     119.862091      -0.255430
      0.00      0.00      12.000000       0.000000       0.000000        38      37.0      38.0       0.502400   180.000    45.000    90.000    0     119.846001      -0.256000
      0.00      5.00       7.332100       0.000000       0.000000        38      37.0      38.0       0.502400   180.000    45.000    90.000    0     119.829910      -0.256570
      0.00     10.00       2.664200       0.000000       0.000000        38      37.0      38.0       0.502400   180.000    45.000    90.000    0     119.813828      -0.257130
      5.00    -15.00      26.003710       0.000000       0.000000        38      37.0      38.0       0.502400   180.000    45.000    90.000    0     119.892693      -0.209110
      5.00    -10.00      21.335800       0.000000       0.000000        38      37.0      38.0       0.502400   180.000    45.000    90.000    0     119.876602      -0.209680
      5.00     -5.00      16.667900       0.000000       0.000000        38      37.0      38.0       0.502400   180.000    45.000    90.000    0     119.860519      -0.210240
      5.00      0.00      12.000000       0.000000       0.000000        38      37.0      38.0       0.502400   180.000    45.000    90.000    0     119.844429      -0.210810
      5.00      5.00       7.332100       0.000000       0.000000        38      37.0      38.0       0.502400   180.000    45.000    90.000    0     119.828346      -0.211370
      5.00     10.00       2.664200       0.000000       0.000000        38      37.0      38.0       0.502400   180.000    45.000    90.000    0     119.812263      -0.211940
     10.00    -15.00      26.003710       0.000000       0.000000        38      37.0      38.0       0.502400   180.000    45.000    90.000    0     119.891121      -0.163920
     10.00    -10.00      21.335800       0.000000       0.000000        38      37.0      38.0       0.502400   180.000    45.000    90.000    0     119.875038      -0.164490
     10.00     -5.00      16.667900       0.000000       0.000000        38      37.0      38.0       0.502400   180.000    45.000    90.000    0     119.858948      -0.165050
     10.00      0.00      12.000000       0.000000       0.000000        38      37.0      38.0       0.502400   180.000    45.000    90.000    0     119.842873      -0.165620
     10.00      5.00       7.332100       0.000000       0.000000        38      37.0      38.0       0.502400   180.000    45.000    90.000    0     119.826782      -0.166180
     10.00     10.00       2.664200       0.000000       0.000000        38      37.0      38.0       0.502400   180.000    45.000    90.000    0     119.810692      -0.166750
     15.00    -15.00      26.003710       0.000000       0.000000        38      37.0      38.0       0.502400   180.000    45.000    90.000    0     119.889549      -0.118730
     15.00    -10.00      21.335800       0.000000       0.000000        38      37.0      38.0       0.502400   180.000    45.000    90.000    0     119.873466      -0.119300
     15.00     -5.00      16.667900       0.000000       0.000000        38      37.0      38.0       0.502400   180.000    45.000    90.000    0     119.857384      -0.119860
     15.00      0.00      12.000000       0.000000       0.000000        38      37.0      38.0       0.502400   180.000    45.000    90.000    0     119.841301      -0.120430
     15.00      5.00       7.332100       0.000000       0.000000        38      37.0      38.0       0.502400   180.000    45.000    90.000    0     119.825218      -0.120990
     15.00     10.00       2.664200       0.000000       0.000000        38      37.0      38.0       0.502400   180.000    45.000    90.000    0     119.809128      -0.121560
     20.00    -15.00      26.003710       0.000000       0.000000        38      37.0      38.0       0.502400   180.000    45.000    90.000    0     119.887978      -0.073540
     20.00    -10.00      21.335800       0.000000       0.000000        38      37.0      38.0       0.502400   180.000    45.000    90.000    0     119.871902      -0.074100
     20.00     -5.00      16.667900       0.000000       0.000000        38      37.0      38.0       0.502400   180.000    45.000    90.000    0     119.855812      -0.074670
     20.00      0.00      12.000000       0.000000       0.000000        38      37.0      38.0       0.502400   180.000    45.000    90.000    0     119.839737      -0.075240
     20.00      5.00       7.332100       0.000000       0.000000        38      37.0      38.0       0.502400   180.000    45.000    90.000    0     119.823647      -0.075800
     20.00     10.00       2.664200       0.000000       0.000000        38      37.0      38.0       0.502400   180.000    45.000    90.000    0     119.807564      -0.076370
     25.00    -15.00      26.003710       0.000000       0.000000        38      37.0      38.0       0.502400   180.000    45.000    90.000    0     119.886414      -0.028350
     25.00    -10.00      21.335800       0.000000       0.000000        38      37.0      38.0       0.502400   180.000    45.000    90.000    0     119.870331      -0.028910
     25.00     -5.00      16.667900       0.000000       0.000000        38      37.0      38.0       0.502400   180.000    45.000    90.000    0     119.854240      -0.029480
     25.00      0.00      12.000000       0.000000       0.000000        38      37.0      38.0       0.502400   180.000    45.000    90.000    0     119.838173      -0.030050
     25.00      5.00       7.332100       0.000000       0.000000        38      37.0      38.0       0.502400   180.000    45.000    90.000    0     119.822083      -0.030610
     25.00     10.00       2.664200       0.000000       0.000000        38      37.0      38.0       0.502400   180.000    45.000    90.000    0     119.806000      -0.031180
     30.00    -15.00      26.003710       0.000000       0.000000        38      37.0      38.0       0.502400   180.000    45.000    90.000    0     119.884850       0.016840
     30.00    -10.00      21.335800       0.000000       0.000000        38      37.0      38.0       0.502400   180.000    45.000    90.000    0     119.868759       0.016280
     30.00     -5.00      16.667900       0.000000       0.000000        38      37.0      38.0       0.502400   180.000    45.000    90.000    0     119.852669       0.015710
     30.00      0.00      12.000000       0.000000       0.000000        38      37.0      38.0       0.502400   180.000    45.000    90.000    0     119.836601       0.015150
     30.00      5.00       7.332100       0.000000       0.000000        38      37.0      38.0       0.502400   180.000    45.000    90.000    0     119.820518       0.014580
     30.00     10.00       2.664200       0.000000       0.000000        38      37.0      38.0       0.502400   180.000    45.000    90.000    0     119.804428       0.014020
     35.00    -15.00      26.003710       0.000000       0.000000        38      37.0      38.0       0.502400   180.000    45.000    90.000    0     119.883278       0.062030
     35.00    -10.00      21.335800       0.000000       0.000000        38      37.0      38.0       0.502400   180.000    45.000    90.000    0     119.867188       0.061470
     35.00     -5.00      16.667900       0.000000       0.000000        38      37.0      38.0       0.502400   180.000    45.000    90.000    0     119.851097       0.060900
     35.00      0.00      12.000000       0.000000       0.000000        38      37.0      38.0       0.502400   180.000    45.000    90.000    0     119.835037       0.060340
     35.00      5.00       7.332100       0.000000       0.000000        38      37.0      38.0       0.502400   180.000    45.000    90.000    0     119.818947       0.059770
     35.00     10.00       2.664200       0.000000       0.000000        38      37.0      38.0       0.502400   180.000    45.000    90.000    0     119.802856       0.059210
     40.00    -15.00      26.003710       0.000000       0.000000        38      37.0      38.0       0.502400   180.000    45.000    90.000    0     119.881706       0.107230
     40.00    -10.00      21.335800       0.000000       0.000000        38      37.0      38.0       0.502400   180.000    45.000    90.000    0     119.865623       0.106660
     40.00     -5.00      16.667900       0.000000       0.000000        38      37.0      38.0       0.502400   180.000    45.000    90.000    0     119.849533       0.106090
     40.00      0.00      12.000000       0.000000       0.000000        38      37.0      38.0       0.502400   180.000    45.000    90.000    0     119.833473       0.105530
     40.00      5.00       7.332100       0.000000       0.000000        38      37.0      38.0       0.502400   180.000    45.000    90.000    0     119.817390       0.104960
     40.00     10.00       2.664200       0.000000       0.000000        38      37.0      38.0       0.502400   180.000    45.000    90.000    0     119.801300       0.104400
     45.00    -15.00      26.003710       0.000000       0.000000        38      37.0      38.0       0.502400   180.000    45.000    90.000    0     119.880142       0.152420
     45.00    -10.00      21.335800       0.000000       0.000000        38      37.0      38.0       0.502400   180.000    45.000    90.000    0     119.864052       0.151850
     45.00     -5.00      16.667900       0.000000       0.000000        38      37.0      38.0       0.502400   180.000    45.000    90.000    0     119.847961       0.151280
     45.00      0.00      12.000000       0.000000       0.000000        38      37.0      38.0       0.502400   180.000    45.000    90.000    0     119.831909       0.150720
     45.00      5.00       7.332100       0.000000       0.000000        38      37.0      38.0       0.502400   180.000    45.000    90.000    0     119.815819       0.150150
     45.00     10.00       2.664200       0.000000       0.000000        38      37.0      38.0       0.502400   180.000    45.000    90.000    0     119.799728       0.149590
     50.00    -15.00      26.003710       0.000000       0.000000        38      37.0      38.0       0.502400   180.000    45.000    90.000    0     119.878571       0.197610
     50.00    -10.00      21.335800       0.000000       0.000000        38      37.0      38.0       0.502400   180.000    45.000    90.000    0     119.862480       0.197040
     50.00     -5.00      16.667900       0.000000       0.000000        38      37.0      38.0       0.502400   180.000    45.000    90.000    0     119.846390       0.196470
     50.00      0.00      12.000000       0.000000       0.000000        38      37.0      38.0       0.502400   180.000    45.000    90.000    0     119.830338       0.195910
     50.00      5.00       7.332100       0.000000       0.000000        38      37.0      38.0       0.502400   180.000    45.000    90.000    0     119.814247       0.195340
     50.00     10.00       2.664200       0.000000       0.000000        38      37.0      38.0       0.502400   180.000    45.000    90.000    0     119.798172       0.194780
