      xloc      yloc          depth         ave SR         max SR         #     start       end     max SR all       str       dip      rake flag
   -185.00    -15.00      26.003710       0.000000       0.000000         8       7.0       8.0       0.502400   180.000    45.000    90.000    0     119.952240      -1.926360
   -185.00    -10.00      21.335800       0.000000       0.000000         8       7.0       8.0       0.502400   180.000    45.000    90.000    0     119.936150      -1.926930
   -185.00     -5.00      16.667900       0.000000       0.000000         8       7.0       8.0       0.502400   180.000    45.000    90.000    0     119.920059      -1.927490
   -185.00      0.00      12.000000       0.000000       0.000000         8       7.0       8.0       0.502400   180.000    45.000    90.000    0     119.903961      -1.928060
   -185.00      5.00       7.332100       0.000000       0.000000         8       7.0       8.0       0.502400   180.000    45.000    90.000    0     119.887871      -1.928620
   -185.00     10.00       2.664200       0.000000       0.000000         8       7.0       8.0       0.502400   180.000    45.000    90.000    0     119.871780      -1.929190
   -180.00    -15.00      26.003710       0.000000       0.000000         8       7.0       8.0       0.502400   180.000    45.000    90.000    0     119.950684      -1.881170
   -180.00    -10.00      21.335800       0.000000       0.000000         8       7.0       8.0       0.502400   180.000    45.000    90.000    0     119.934578      -1.881740
   -180.00     -5.00      16.667900       0.000000       0.000000         8       7.0       8.0       0.502400   180.000    45.000    90.000    0     119.918488      -1.882300
   -180.00      0.00      12.000000       0.000000       0.000000         8       7.0       8.0       0.502400   180.000    45.000    90.000    0     119.902397      -1.882870
   -180.00      5.00       7.332100       0.000000       0.000000         8       7.0       8.0       0.502400   180.000    45.000    90.000    0     119.886299      -1.883430
   -180.00     10.00       2.664200       0.000000       0.000000         8       7.0       8.0       0.502400   180.000    45.000    90.000    0     119.870209      -1.884000
   -175.00    -15.00      26.003710       0.000000       0.000000         8       7.0       8.0       0.502400   180.000    45.000    90.000    0     119.949112      -1.835980
   -175.00    -10.00      21.335800       0.000000       0.000000         8       7.0       8.0       0.502400   180.000    45.000    90.000    0     119.933006      -1.836550
   -175.00     -5.00      16.667900       0.000000       0.000000         8       7.0       8.0       0.502400   180.000    45.000    90.000    0     119.916924      -1.837110
   -175.00      0.00      12.000000       0.000000       0.000000         8       7.0       8.0       0.502400   180.000    45.000    90.000    0     119.900833      -1.837680
   -175.00      5.00       7.332100       0.000000       0.000000         8       7.0       8.0       0.502400   180.000    45.000    90.000    0     119.884743      -1.838240
   -175.00     10.00       2.664200       0.000000       0.000000         8       7.0       8.0       0.502400   180.000    45.000    90.000    0     119.868637      -1.838810
   -170.00    -15.00      26.003710       0.000000       0.000000         8       7.0       8.0       0.502400   180.000    45.000    90.000    0     119.947540      -1.790790
   -170.00    -10.00      21.335800       0.000000       0.000000         8       7.0       8.0       0.502400   180.000    45.000    90.000    0     119.931450      -1.791360
   -170.00     -5.00      16.667900       0.000000       0.000000         8       7.0       8.0       0.502400   180.000    45.000    90.000    0     119.915352      -1.791920
   -170.00      0.00      12.000000       0.000000       0.000000         8       7.0       8.0       0.502400   180.000    45.000    90.000    0     119.899261      -1.792490
   -170.00      5.00       7.332100       0.000000       0.000000         8       7.0       8.0       0.502400   180.000    45.000    90.000    0     119.883171      -1.793050
   -170.00     10.00       2.664200       0.000000       0.000000         8       7.0       8.0       0.502400   180.000    45.000    90.000    0     119.867081      -1.793620
   -165.00    -15.00      26.003710       0.000000       0.000000         8       7.0       8.0       0.502400   180.000    45.000    90.000    0     119.945969      -1.745600
   -165.00    -10.00      21.335800       0.000000       0.000000         8       7.0       8.0       0.502400   180.000    45.000    90.000    0     119.929878      -1.746170
   -165.00     -5.00      16.667900       0.000000       0.000000         8       7.0       8.0       0.502400   180.000    45.000    90.000    0     119.913788      -1.746730
   -165.00      0.00      12.000000       0.000000       0.000000         8       7.0       8.0       0.502400   180.000    45.000    90.000    0     119.897690      -1.747300
   -165.00      5.00       7.332100       0.000000       0.000000         8       7.0       8.0       0.502400   180.000    45.000    90.000    0     119.881599      -1.747860
   -165.00     10.00       2.664200       0.000000       0.000000         8       7.0       8.0       0.502400   180.000    45.000    90.000    0     119.865509      -1.748430
   -160.00    -15.00      26.003710       0.000000       0.000000         8       7.0       8.0       0.502400   180.000    45.000    90.000    0     119.944397      -1.700410
   -160.00    -10.00      21.335800       0.000000       0.000000         8       7.0       8.0       0.502400   180.000    45.000    90.000    0     119.928307      -1.700980
   -160.00     -5.00      16.667900       0.000000       0.000000         8       7.0       8.0       0.502400   180.000    45.000    90.000    0     119.912216      -1.701540
   -160.00      0.00      12.000000       0.000000       0.000000         8       7.0       8.0       0.502400   180.000    45.000    90.000    0     119.896133      -1.702110
   -160.00      5.00       7.332100       0.000000       0.000000         8       7.0       8.0       0.502400   180.000    45.000    90.000    0     119.880028      -1.702670
   -160.00     10.00       2.664200       0.000000       0.000000         8       7.0       8.0       0.502400   180.000    45.000    90.000    0     119.863937      -1.703240
   -155.00    -15.00      26.003710       0.000000       0.000000         8       7.0       8.0       0.502400   180.000    45.000    90.000    0     119.942841      -1.655220
   -155.00    -10.00      21.335800       0.000000       0.000000         8       7.0       8.0       0.502400   180.000    45.000    90.000    0     119.926743      -1.655790
   -155.00     -5.00      16.667900       0.000000       0.000000         8       7.0       8.0       0.502400   180.000    45.000    90.000    0     119.910652      -1.656350
   -155.00      0.00      12.000000       0.000000       0.000000         8       7.0       8.0       0.502400   180.000    45.000    90.000    0     119.894562      -1.656920
   -155.00      5.00       7.332100       0.000000       0.000000         8       7.0       8.0       0.502400   180.000    45.000    90.000    0     119.878471      -1.657480
   -155.00     10.00       2.664200       0.000000       0.000000         8       7.0       8.0       0.502400   180.000    45.000    90.000    0     119.862373      -1.658050
   -150.00    -15.00      26.003710       0.000000       0.000000         8       7.0       8.0       0.502400   180.000    45.000    90.000    0     119.941269      -1.610030
   -150.00    -10.00      21.335800       0.000000       0.000000         8       7.0       8.0       0.502400   180.000    45.000    90.000    0     119.925179      -1.610590
   -150.00     -5.00      16.667900       0.000000       0.000000         8       7.0       8.0       0.502400   180.000    45.000    90.000    0     119.909081      -1.611160
   -150.00      0.00      12.000000       0.000000       0.000000         8       7.0       8.0       0.502400   180.000    45.000    90.000    0     119.892990      -1.611730
   -150.00      5.00       7.332100       0.000000       0.000000         8       7.0       8.0       0.502400   180.000    45.000    90.000    0     119.876900      -1.612290
   -150.00     10.00       2.664200       0.000000       0.000000         8       7.0       8.0       0.502400   180.000    45.000    90.000    0     119.860809      -1.612860
   -145.00    -15.00      26.003710       0.000000       0.000000         8       7.0       8.0       0.502400   180.000    45.000    90.000    0     119.939697      -1.564840
   -145.00    -10.00      21.335800       0.000000       0.000000         8       7.0       8.0       0.502400   180.000    45.000    90.000    0     119.923607      -1.565400
   -145.00     -5.00      16.667900       0.000000       0.000000         8       7.0       8.0       0.502400   180.000    45.000    90.000    0     119.907516      -1.565970
   -145.00      0.00      12.000000       0.000000       0.000000         8       7.0       8.0       0.502400   180.000    45.000    90.000    0     119.891418      -1.566530
   -145.00      5.00       7.332100       0.000000       0.000000         8       7.0       8.0       0.502400   180.000    45.000    90.000    0     119.875328      -1.567100
   -145.00     10.00       2.664200       0.000000       0.000000         8       7.0       8.0       0.502400   180.000    45.000    90.000    0     119.859238      -1.567660
   -140.00    -15.00      26.003710       0.000000       0.000000         8       7.0       8.0       0.502400   180.000    45.000    90.000    0     119.938133      -1.519650
   -140.00    -10.00      21.335800       0.000000       0.000000         8       7.0       8.0       0.502400   180.000    45.000    90.000    0     119.922043      -1.520210
   -140.00     -5.00      16.667900       0.000000       0.000000         8       7.0       8.0       0.502400   180.000    45.000    90.000    0     119.905952      -1.520780
   -140.00      0.00      12.000000       0.000000       0.000000         8       7.0       8.0       0.502400   180.000    45.000    90.000    0     119.889862      -1.521340
   -140.00      5.00       7.332100       0.000000       0.000000         8       7.0       8.0       0.502400   180.000    45.000    90.000    0     119.873772      -1.521910
   -140.00     10.00       2.664200       0.000000       0.000000         8       7.0       8.0       0.502400   180.000    45.000    90.000    0     119.857681      -1.522470
   -135.00    -15.00      26.003710       0.000000       0.000000         8       7.0       8.0       0.502400   180.000    45.000    90.000    0     119.936562      -1.474460
   -135.00    -10.00      21.335800       0.000000       0.000000         8       7.0       8.0       0.502400   180.000    45.000    90.000    0     119.920471      -1.475020
   -135.00     -5.00      16.667900       0.000000       0.000000         8       7.0       8.0       0.502400   180.000    45.000    90.000    0     119.904381      -1.475590
   -135.00      0.00      12.000000       0.000000       0.000000         8       7.0       8.0       0.502400   180.000    45.000    90.000    0     119.888290      -1.476150
   -135.00      5.00       7.332100       0.000000       0.000000         8       7.0       8.0       0.502400   180.000    45.000    90.000    0     119.872200      -1.476720
   -135.00     10.00       2.664200       0.000000       0.000000         8       7.0       8.0       0.502400   180.000    45.000    90.000    0     119.856110      -1.477280
   -130.00    -15.00      26.003710       0.000000       0.000000         8       7.0       8.0       0.502400   180.000    45.000    90.000    0     119.934998      -1.429270
   -130.00    -10.00      21.335800       0.000000       0.000000         8       7.0       8.0       0.502400   180.000    45.000    90.000    0     119.918907      -1.429830
   -130.00     -5.00      16.667900       0.000000       0.000000         8       7.0       8.0       0.502400   180.000    45.000    90.000    0     119.902809      -1.430400
   -130.00      0.00      12.000000       0.000000       0.000000         8       7.0       8.0       0.502400   180.000    45.000    90.000    0     119.886719      -1.430960
   -130.00      5.00       7.332100       0.000000       0.000000         8       7.0       8.0       0.502400   180.000    45.000    90.000    0     119.870628      -1.431530
   -130.00     10.00       2.664200       0.000000       0.000000         8       7.0       8.0       0.502400   180.000    45.000    90.000    0     119.854538      -1.432090
   -125.00    -15.00      26.003710       0.000000       0.000000         8       7.0       8.0       0.502400   180.000    45.000    90.000    0     119.933434      -1.384080
   -125.00    -10.00      21.335800       0.000000       0.000000         8       7.0       8.0       0.502400   180.000    45.000    90.000    0     119.917343      -1.384640
   -125.00     -5.00      16.667900       0.000000       0.000000         8       7.0       8.0       0.502400   180.000    45.000    90.000    0     119.901253      -1.385210
   -125.00      0.00      12.000000       0.000000       0.000000         8       7.0       8.0       0.502400   180.000    45.000    90.000    0     119.885162      -1.385770
   -125.00      5.00       7.332100       0.000000       0.000000         8       7.0       8.0       0.502400   180.000    45.000    90.000    0     119.869072      -1.386340
   -125.00     10.00       2.664200       0.000000       0.000000         8       7.0       8.0       0.502400   180.000    45.000    90.000    0     119.852982      -1.386900
   -120.00    -15.00      26.003710       0.000000       0.000000         8       7.0       8.0       0.502400   180.000    45.000    90.000    0     119.931862      -1.338890
   -120.00    -10.00      21.335800       0.000000       0.000000         8       7.0       8.0       0.502400   180.000    45.000    90.000    0     119.915771      -1.339450
   -120.00     -5.00      16.667900       0.000000       0.000000         8       7.0       8.0       0.502400   180.000    45.000    90.000    0     119.899681      -1.340020
   -120.00      0.00      12.000000       0.000000       0.000000         8       7.0       8.0       0.502400   180.000    45.000    90.000    0     119.883591      -1.340580
   -120.00      5.00       7.332100       0.000000       0.000000         8       7.0       8.0       0.502400   180.000    45.000    90.000    0     119.867500      -1.341150
   -120.00     10.00       2.664200       0.000000       0.000000         8       7.0       8.0       0.502400   180.000    45.000    90.000    0     119.851410      -1.341710
   -115.00    -15.00      26.003710       0.000000       0.000000         8       7.0       8.0       0.502400   180.000    45.000    90.000    0     119.930290      -1.293690
   -115.00    -10.00      21.335800       0.000000       0.000000         8       7.0       8.0       0.502400   180.000    45.000    90.000    0     119.914200      -1.294260
   -115.00     -5.00      16.667900       0.000000       0.000000         8       7.0       8.0       0.502400   180.000    45.000    90.000    0     119.898109      -1.294830
   -115.00      0.00      12.000000       0.000000       0.000000         8       7.0       8.0       0.502400   180.000    45.000    90.000    0     119.882019      -1.295390
   -115.00      5.00       7.332100       0.000000       0.000000         8       7.0       8.0       0.502400   180.000    45.000    90.000    0     119.865929      -1.295960
   -115.00     10.00       2.664200       0.000000       0.000000         8       7.0       8.0       0.502400   180.000    45.000    90.000    0     119.849838      -1.296520
   -110.00    -15.00      26.003710       0.000000       0.000000         8       7.0       8.0       0.502400   180.000    45.000    90.000    0     119.928726      -1.248500
   -110.00    -10.00      21.335800       0.000000       0.000000         8       7.0       8.0       0.502400   180.000    45.000    90.000    0     119.912643      -1.249070
   -110.00     -5.00      16.667900       0.000000       0.000000         8       7.0       8.0       0.502400   180.000    45.000    90.000    0     119.896553      -1.249630
   -110.00      0.00      12.000000       0.000000       0.000000         8       7.0       8.0       0.502400   180.000    45.000    90.000    0     119.880463      -1.250200
   -110.00      5.00       7.332100       0.000000       0.000000         8       7.0       8.0       0.502400   180.000    45.000    90.000    0     119.864372      -1.250760
   -110.00     10.00       2.664200       0.000000       0.000000         8       7.0       8.0       0.502400   180.000    45.000    90.000    0     119.848282      -1.251330
   -105.00    -15.00      26.003710       0.000000       0.000000         8       7.0       8.0       0.502400   180.000    45.000    90.000    0     119.927162      -1.203310
   -105.00    -10.00      21.335800       0.000000       0.000000         8       7.0       8.0       0.502400   180.000    45.000    90.000    0     119.911072      -1.203880
   -105.00     -5.00      16.667900       0.000000       0.000000         8       7.0       8.0       0.502400   180.000    45.000    90.000    0     119.894981      -1.204440
   -105.00      0.00      12.000000       0.000000       0.000000         8       7.0       8.0       0.502400   180.000    45.000    90.000    0     119.878891      -1.205010
   -105.00      5.00       7.332100       0.000000       0.000000         8       7.0       8.0       0.502400   180.000    45.000    90.000    0     119.862801      -1.205570
   -105.00     10.00       2.664200       0.000000       0.000000         8       7.0       8.0       0.502400   180.000    45.000    90.000    0     119.846710      -1.206140
   -100.00    -15.00      26.003710       0.000000       0.000000         8       7.0       8.0       0.502400   180.000    45.000    90.000    0     119.925591      -1.158120
   -100.00    -10.00      21.335800       0.000000       0.000000         8       7.0       8.0       0.502400   180.000    45.000    90.000    0     119.909500      -1.158690
   -100.00     -5.00      16.667900       0.000000       0.000000         8       7.0       8.0       0.502400   180.000    45.000    90.000    0     119.893410      -1.159250
   -100.00      0.00      12.000000       0.000000       0.000000         8       7.0       8.0       0.502400   180.000    45.000    90.000    0     119.877319      -1.159820
   -100.00      5.00       7.332100       0.000000       0.000000         8       7.0       8.0       0.502400   180.000    45.000    90.000    0     119.861229      -1.160380
   -100.00     10.00       2.664200       0.000000       0.000000         8       7.0       8.0       0.502400   180.000    45.000    90.000    0     119.845207      -1.160950
    -95.00    -15.00      26.003710       0.000000       0.000000         8       7.0       8.0       0.502400   180.000    45.000    90.000    0     119.924026      -1.112930
    -95.00    -10.00      21.335800       0.000000       0.000000         8       7.0       8.0       0.502400   180.000    45.000    90.000    0     119.907944      -1.113500
    -95.00     -5.00      16.667900       0.000000       0.000000         8       7.0       8.0       0.502400   180.000    45.000    90.000    0     119.891853      -1.114060
    -95.00      0.00      12.000000       0.000000       0.000000         8       7.0       8.0       0.502400   180.000    45.000    90.000    0     119.875763      -1.114630
    -95.00      5.00       7.332100       0.000000       0.000000         8       7.0       8.0       0.502400   180.000    45.000    90.000    0     119.859673      -1.115190
    -95.00     10.00       2.664200       0.000000       0.000000         8       7.0       8.0       0.502400   180.000    45.000    90.000    0     119.843643      -1.115760
    -90.00    -15.00      26.003710       0.000000       0.000000         8       7.0       8.0       0.502400   180.000    45.000    90.000    0     119.922462      -1.067740
    -90.00    -10.00      21.335800       0.000000       0.000000         8       7.0       8.0       0.502400   180.000    45.000    90.000    0     119.906372      -1.068310
    -90.00     -5.00      16.667900       0.000000       0.000000         8       7.0       8.0       0.502400   180.000    45.000    90.000    0     119.890282      -1.068870
    -90.00      0.00      12.000000       0.000000       0.000000         8       7.0       8.0       0.502400   180.000    45.000    90.000    0     119.874191      -1.069440
    -90.00      5.00       7.332100       0.000000       0.000000         8       7.0       8.0       0.502400   180.000    45.000    90.000    0     119.858101      -1.070000
    -90.00     10.00       2.664200       0.000000       0.000000         8       7.0       8.0       0.502400   180.000    45.000    90.000    0     119.842072      -1.070570
    -85.00    -15.00      26.003710       0.000000       0.000000         8       7.0       8.0       0.502400   180.000    45.000    90.000    0     119.920891      -1.022550
    -85.00    -10.00      21.335800       0.000000       0.000000         8       7.0       8.0       0.502400   180.000    45.000    90.000    0     119.904800      -1.023120
    -85.00     -5.00      16.667900       0.000000       0.000000         8       7.0       8.0       0.502400   180.000    45.000    90.000    0     119.888710      -1.023680
    -85.00      0.00      12.000000       0.000000       0.000000         8       7.0       8.0       0.502400   180.000    45.000    90.000    0     119.872620      -1.024250
    -85.00      5.00       7.332100       0.000000       0.000000         8       7.0       8.0       0.502400   180.000    45.000    90.000    0     119.856537      -1.024810
    -85.00     10.00       2.664200       0.000000       0.000000         8       7.0       8.0       0.502400   180.000    45.000    90.000    0     119.840500      -1.025380
    -80.00    -15.00      26.003710       0.000000       0.000000         8       7.0       8.0       0.502400   180.000    45.000    90.000    0     119.919319      -0.977360
    -80.00    -10.00      21.335800       0.000000       0.000000         8       7.0       8.0       0.502400   180.000    45.000    90.000    0     119.903236      -0.977920
    -80.00     -5.00      16.667900       0.000000       0.000000         8       7.0       8.0       0.502400   180.000    45.000    90.000    0     119.887154      -0.978490
    -80.00      0.00      12.000000       0.000000       0.000000         8       7.0       8.0       0.502400   180.000    45.000    90.000    0     119.871063      -0.979050
    -80.00      5.00       7.332100       0.000000       0.000000         8       7.0       8.0       0.502400   180.000    45.000    90.000    0     119.854973      -0.979620
    -80.00     10.00       2.664200       0.000000       0.000000         8       7.0       8.0       0.502400   180.000    45.000    90.000    0     119.838928      -0.980190
    -75.00    -15.00      26.003710       0.000000       0.000000         8       7.0       8.0       0.502400   180.000    45.000    90.000    0     119.917763      -0.932170
    -75.00    -10.00      21.335800       0.000000       0.000000         8       7.0       8.0       0.502400   180.000    45.000    90.000    0     119.901672      -0.932730
    -75.00     -5.00      16.667900       0.000000       0.000000         8       7.0       8.0       0.502400   180.000    45.000    90.000    0     119.885582      -0.933300
    -75.00      0.00      12.000000       0.000000       0.000000         8       7.0       8.0       0.502400   180.000    45.000    90.000    0     119.869492      -0.933860
    -75.00      5.00       7.332100       0.000000       0.000000         8       7.0       8.0       0.502400   180.000    45.000    90.000    0     119.853401      -0.934430
    -75.00     10.00       2.664200       0.000000       0.000000         8       7.0       8.0       0.502400   180.000    45.000    90.000    0     119.837357      -0.934990
    -70.00    -15.00      26.003710       0.000000       0.000000         8       7.0       8.0       0.502400   180.000    45.000    90.000    0     119.916191      -0.886980
    -70.00    -10.00      21.335800       0.000000       0.000000         8       7.0       8.0       0.502400   180.000    45.000    90.000    0     119.900101      -0.887540
    -70.00     -5.00      16.667900       0.000000       0.000000         8       7.0       8.0       0.502400   180.000    45.000    90.000    0     119.884010      -0.888110
    -70.00      0.00      12.000000       0.000000       0.000000         8       7.0       8.0       0.502400   180.000    45.000    90.000    0     119.867928      -0.888670
    -70.00      5.00       7.332100       0.000000       0.000000         8       7.0       8.0       0.502400   180.000    45.000    90.000    0     119.851837      -0.889240
    -70.00     10.00       2.664200       0.000000       0.000000         8       7.0       8.0       0.502400   180.000    45.000    90.000    0     119.835793      -0.889800
    -65.00    -15.00      26.003710       0.000000       0.000000         8       7.0       8.0       0.502400   180.000    45.000    90.000    0     119.914619      -0.841790
    -65.00    -10.00      21.335800       0.000000       0.000000         8       7.0       8.0       0.502400   180.000    45.000    90.000    0     119.898537      -0.842350
    -65.00     -5.00      16.667900       0.000000       0.000000         8       7.0       8.0       0.502400   180.000    45.000    90.000    0     119.882446      -0.842920
    -65.00      0.00      12.000000       0.000000       0.000000         8       7.0       8.0       0.502400   180.000    45.000    90.000    0     119.866364      -0.843480
    -65.00      5.00       7.332100       0.000000       0.000000         8       7.0       8.0       0.502400   180.000    45.000    90.000    0     119.850273      -0.844050
    -65.00     10.00       2.664200       0.000000       0.000000         8       7.0       8.0       0.502400   180.000    45.000    90.000    0     119.834221      -0.844610
    -60.00    -15.00      26.003710       0.000000       0.000000         8       7.0       8.0       0.502400   180.000    45.000    90.000    0     119.913063      -0.796600
    -60.00    -10.00      21.335800       0.000000       0.000000         8       7.0       8.0       0.502400   180.000    45.000    90.000    0     119.896973      -0.797160
    -60.00     -5.00      16.667900       0.000000       0.000000         8       7.0       8.0       0.502400   180.000    45.000    90.000    0     119.880882      -0.797730
    -60.00      0.00      12.000000       0.000000       0.000000         8       7.0       8.0       0.502400   180.000    45.000    90.000    0     119.864792      -0.798290
    -60.00      5.00       7.332100       0.000000       0.000000         8       7.0       8.0       0.502400   180.000    45.000    90.000    0     119.848701      -0.798860
    -60.00     10.00       2.664200       0.000000       0.000000         8       7.0       8.0       0.502400   180.000    45.000    90.000    0     119.832657      -0.799420
    -55.00    -15.00      26.003710       0.000000       0.000000         8       7.0       8.0       0.502400   180.000    45.000    90.000    0     119.911491      -0.751410
    -55.00    -10.00      21.335800       0.000000       0.000000         8       7.0       8.0       0.502400   180.000    45.000    90.000    0     119.895401      -0.751970
    -55.00     -5.00      16.667900       0.000000       0.000000         8       7.0       8.0       0.502400   180.000    45.000    90.000    0     119.879311      -0.752540
    -55.00      0.00      12.000000       0.000000       0.000000         8       7.0       8.0       0.502400   180.000    45.000    90.000    0     119.863228      -0.753100
    -55.00      5.00       7.332100       0.000000       0.000000         8       7.0       8.0       0.502400   180.000    45.000    90.000    0     119.847137      -0.753670
    -55.00     10.00       2.664200       0.000000       0.000000         8       7.0       8.0       0.502400   180.000    45.000    90.000    0     119.831093      -0.754230
    -50.00    -15.00      26.003710       0.000000       0.000000         8       7.0       8.0       0.502400   180.000    45.000    90.000    0     119.909920      -0.706210
    -50.00    -10.00      21.335800       0.000000       0.000000         8       7.0       8.0       0.502400   180.000    45.000    90.000    0     119.893837      -0.706780
    -50.00     -5.00      16.667900       0.000000       0.000000         8       7.0       8.0       0.502400   180.000    45.000    90.000    0     119.877747      -0.707340
    -50.00      0.00      12.000000       0.000000       0.000000         8       7.0       8.0       0.502400   180.000    45.000    90.000    0     119.861656      -0.707910
    -50.00      5.00       7.332100       0.000000       0.000000         8       7.0       8.0       0.502400   180.000    45.000    90.000    0     119.845612      -0.708470
    -50.00     10.00       2.664200       0.000000       0.000000         8       7.0       8.0       0.502400   180.000    45.000    90.000    0     119.829521      -0.709040
    -45.00    -15.00      26.003710       0.000000       0.000000         8       7.0       8.0       0.502400   180.000    45.000    90.000    0     119.908363      -0.661020
    -45.00    -10.00      21.335800       0.000000       0.000000         8       7.0       8.0       0.502400   180.000    45.000    90.000    0     119.892273      -0.661590
    -45.00     -5.00      16.667900       0.000000       0.000000         8       7.0       8.0       0.502400   180.000    45.000    90.000    0     119.876183      -0.662150
    -45.00      0.00      12.000000       0.000000       0.000000         8       7.0       8.0       0.502400   180.000    45.000    90.000    0     119.860092      -0.662720
    -45.00      5.00       7.332100       0.000000       0.000000         8       7.0       8.0       0.502400   180.000    45.000    90.000    0     119.844040      -0.663280
    -45.00     10.00       2.664200       0.000000       0.000000         8       7.0       8.0       0.502400   180.000    45.000    90.000    0     119.827950      -0.663850
    -40.00    -15.00      26.003710       0.000000       0.000000         8       7.0       8.0       0.502400   180.000    45.000    90.000    0     119.906792      -0.615830
    -40.00    -10.00      21.335800       0.000000       0.000000         8       7.0       8.0       0.502400   180.000    45.000    90.000    0     119.890701      -0.616400
    -40.00     -5.00      16.667900       0.000000       0.000000         8       7.0       8.0       0.502400   180.000    45.000    90.000    0     119.874619      -0.616960
    -40.00      0.00      12.000000       0.000000       0.000000         8       7.0       8.0       0.502400   180.000    45.000    90.000    0     119.858528      -0.617530
    -40.00      5.00       7.332100       0.000000       0.000000         8       7.0       8.0       0.502400   180.000    45.000    90.000    0     119.842468      -0.618090
    -40.00     10.00       2.664200       0.000000       0.000000         8       7.0       8.0       0.502400   180.000    45.000    90.000    0     119.826378      -0.618660
    -35.00    -15.00      26.003710       0.000000       0.000000         8       7.0       8.0       0.502400   180.000    45.000    90.000    0     119.905220      -0.570640
    -35.00    -10.00      21.335800       0.023811       0.023811         8       7.0       8.0       0.502400    39.240    66.850    73.190    0     119.889137      -0.571210
    -35.00     -5.00      16.667900       0.031896       0.031896         8       7.0       8.0       0.502400    93.430    60.680  -103.930    1     119.873047      -0.571770
    -35.00      0.00      12.000000       0.016088       0.016088         8       7.0       8.0       0.502400   345.580    44.380    12.400    0     119.856956      -0.572340
    -35.00      5.00       7.332100       0.023020       0.023020         8       7.0       8.0       0.502400   315.380    56.070   -60.310    0     119.840897      -0.572900
    -35.00     10.00       2.664200       0.014339       0.014339         8       7.0       8.0       0.502400   335.880    56.810   -31.990    0     119.824806      -0.573470
    -30.00    -15.00      26.003710       0.144307       0.144307         8       7.0       8.0       0.502400    27.380    68.900    58.080    0     119.903664      -0.525450
    -30.00    -10.00      21.335800       0.122699       0.122699         8       7.0       8.0       0.502400    22.620    76.090    57.580    0     119.887573      -0.526020
    -30.00     -5.00      16.667900       0.076350       0.076350         8       7.0       8.0       0.502400     0.520    80.410    12.380    0     119.871483      -0.526580
    -30.00      0.00      12.000000       0.103703       0.103703         8       7.0       8.0       0.502400   338.660    55.680   -27.980    0     119.855400      -0.527150
    -30.00      5.00       7.332100       0.151375       0.151375         8       7.0       8.0       0.502400   104.350    53.380  -102.790    1     119.839333      -0.527710
    -30.00     10.00       2.664200       0.135146       0.135146         8       7.0       8.0       0.502400   329.690    45.380   -39.730    0     119.823242      -0.528280
    -25.00    -15.00      26.003710       0.137957       0.137957         8       7.0       8.0       0.502400    12.940    69.240    42.090    0     119.902092      -0.480260
    -25.00    -10.00      21.335800       0.156689       0.156689         8       7.0       8.0       0.502400    12.280    72.380    35.740    0     119.886002      -0.480820
    -25.00     -5.00      16.667900       0.161165       0.161165         8       7.0       8.0       0.502400     4.620    73.450    16.000    0     119.869919      -0.481390
    -25.00      0.00      12.000000       0.182933       0.182933         8       7.0       8.0       0.502400   353.990    73.380     4.590    0     119.853828      -0.481950
    -25.00      5.00       7.332100       0.214986       0.214986         8       7.0       8.0       0.502400   348.160    80.580    10.390    0     119.837761      -0.482520
    -25.00     10.00       2.664200       0.217617       0.217617         8       7.0       8.0       0.502400   349.040    61.740    -8.070    0     119.821671      -0.483090
    -20.00    -15.00      26.003710       0.142742       0.142742         8       7.0       8.0       0.502400     9.000    67.560    29.580    0     119.900528      -0.435070
    -20.00    -10.00      21.335800       0.204399       0.204399         8       7.0       8.0       0.502400     8.000    68.790    23.060    0     119.884438      -0.435630
    -20.00     -5.00      16.667900       0.242668       0.242668         8       7.0       8.0       0.502400     3.540    73.040    14.500    0     119.868347      -0.436200
    -20.00      0.00      12.000000       0.281435       0.281435         8       7.0       8.0       0.502400   357.680    73.330     8.640    0     119.852257      -0.436760
    -20.00      5.00       7.332100       0.305163       0.305163         8       7.0       8.0       0.502400   355.010    73.150     8.940    0     119.836189      -0.437330
    -20.00     10.00       2.664200       0.307169       0.307169         8       7.0       8.0       0.502400   354.140    67.760     0.720    0     119.820099      -0.437900
    -15.00    -15.00      26.003710       0.156086       0.156086         8       7.0       8.0       0.502400     7.410    64.610    22.620    0     119.898956      -0.389880
    -15.00    -10.00      21.335800       0.254722       0.254722         8       7.0       8.0       0.502400     5.840    66.810    16.850    0     119.882874      -0.390440
    -15.00     -5.00      16.667900       0.309866       0.309866         8       7.0       8.0       0.502400     2.110    73.340    11.180    0     119.866791      -0.391010
    -15.00      0.00      12.000000       0.367472       0.367472         8       7.0       8.0       0.502400   358.500    72.310     6.890    0     119.850700      -0.391570
    -15.00      5.00       7.332100       0.387935       0.387935         8       7.0       8.0       0.502400   357.150    70.280     5.620    0     119.834618      -0.392140
    -15.00     10.00       2.664200       0.390037       0.390037         8       7.0       8.0       0.502400   355.720    67.860    -0.240    0     119.818527      -0.392700
    -10.00    -15.00      26.003710       0.169599       0.169599         8       7.0       8.0       0.502400     4.940    66.040    19.380    0     119.897392      -0.344690
    -10.00    -10.00      21.335800       0.289446       0.289446         8       7.0       8.0       0.502400     4.180    68.130    12.960    0     119.881310      -0.345250
    -10.00     -5.00      16.667900       0.361114       0.361114         8       7.0       8.0       0.502400     0.800    73.470     8.000    0     119.865219      -0.345820
    -10.00      0.00      12.000000       0.427192       0.427192         8       7.0       8.0       0.502400   358.230    71.990     3.490    0     119.849129      -0.346380
    -10.00      5.00       7.332100       0.452487       0.452487         8       7.0       8.0       0.502400   357.240    68.940     1.430    0     119.833054      -0.346950
    -10.00     10.00       2.664200       0.456224       0.456224         8       7.0       8.0       0.502400   355.890    67.880    -3.010    0     119.816963      -0.347510
     -5.00    -15.00      26.003710       0.181591       0.181591         8       7.0       8.0       0.502400     2.430    67.620    15.150    0     119.895828      -0.299500
     -5.00    -10.00      21.335800       0.305656       0.305656         8       7.0       8.0       0.502400     2.080    71.100     9.010    0     119.879738      -0.300060
     -5.00     -5.00      16.667900       0.392076       0.392076         8       7.0       8.0       0.502400   359.630    74.580     5.410    0     119.863647      -0.300630
     -5.00      0.00      12.000000       0.456361       0.456361         8       7.0       8.0       0.502400   357.810    73.510     1.100    0     119.847572      -0.301190
     -5.00      5.00       7.332100       0.485864       0.485864         8       7.0       8.0       0.502400   356.840    69.970    -2.150    0     119.831482      -0.301760
     -5.00     10.00       2.664200       0.494724       0.494724         8       7.0       8.0       0.502400   355.580    68.950    -5.990    0     119.815399      -0.302320
      0.00    -15.00      26.003710       0.186086       0.186086         8       7.0       8.0       0.502400     0.620    69.530     9.520    0     119.894257      -0.254300
      0.00    -10.00      21.335800       0.303841       0.303841         8       7.0       8.0       0.502400   359.520    74.230     3.550    0     119.878166      -0.254870
      0.00     -5.00      16.667900       0.396235       0.396235         8       7.0       8.0       0.502400   358.230    75.500     1.720    0     119.862091      -0.255430
      0.00      0.00      12.000000       0.454924       0.454924         8       7.0       8.0       0.502400   356.780    74.380    -2.970    0     119.846001      -0.256000
      0.00      5.00       7.332100       0.483974       0.483974         8       7.0       8.0       0.502400   356.120    72.940    -6.240    0     119.829910      -0.256570
      0.00     10.00       2.664200       0.502400       0.502400         8       7.0       8.0       0.502400   354.770    70.360    -9.710    0     119.813828      -0.257130
      5.00    -15.00      26.003710       0.177068       0.177068         8       7.0       8.0       0.502400   357.400    72.820     1.300    0     119.892693      -0.209110
      5.00    -10.00      21.335800       0.285860       0.285860         8       7.0       8.0       0.502400   356.900    76.550    -3.550    0     119.876602      -0.209680
      5.00     -5.00      16.667900       0.371736       0.371736         8       7.0       8.0       0.502400   356.490    75.630    -3.000    0     119.860519      -0.210240
      5.00      0.00      12.000000       0.425301       0.425301         8       7.0       8.0       0.502400   355.100    74.800    -7.530    0     119.844429      -0.210810
      5.00      5.00       7.332100       0.459021       0.459021         8       7.0       8.0       0.502400   354.870    74.240   -10.740    0     119.828346      -0.211370
      5.00     10.00       2.664200       0.479826       0.479826         8       7.0       8.0       0.502400   353.630    71.180   -13.610    0     119.812263      -0.211940
     10.00    -15.00      26.003710       0.152220       0.152220         8       7.0       8.0       0.502400   354.670    76.300    -7.500    0     119.891121      -0.163920
     10.00    -10.00      21.335800       0.251779       0.251779         8       7.0       8.0       0.502400   355.130    78.450    -9.910    0     119.875038      -0.164490
     10.00     -5.00      16.667900       0.321841       0.321841         8       7.0       8.0       0.502400   354.670    76.310    -8.480    0     119.858948      -0.165050
     10.00      0.00      12.000000       0.369446       0.369446         8       7.0       8.0       0.502400   353.380    75.030   -11.170    0     119.842873      -0.165620
     10.00      5.00       7.332100       0.408389       0.408389         8       7.0       8.0       0.502400   353.010    73.000   -14.610    0     119.826782      -0.166180
     10.00     10.00       2.664200       0.426618       0.426618         8       7.0       8.0       0.502400   352.140    71.350   -17.410    0     119.810692      -0.166750
     15.00    -15.00      26.003710       0.116306       0.116306         8       7.0       8.0       0.502400   351.820    78.660   -16.670    0     119.889549      -0.118730
     15.00    -10.00      21.335800       0.203581       0.203581         8       7.0       8.0       0.502400   352.930    78.090   -17.390    0     119.873466      -0.119300
     15.00     -5.00      16.667900       0.253593       0.253593         8       7.0       8.0       0.502400   352.710    74.940   -14.910    0     119.857384      -0.119860
     15.00      0.00      12.000000       0.291345       0.291345         8       7.0       8.0       0.502400   351.570    74.030   -13.960    0     119.841301      -0.120430
     15.00      5.00       7.332100       0.329041       0.329041         8       7.0       8.0       0.502400   351.020    71.340   -17.670    0     119.825218      -0.120990
     15.00     10.00       2.664200       0.346078       0.346078         8       7.0       8.0       0.502400   350.340    70.350   -20.210    0     119.809128      -0.121560
     20.00    -15.00      26.003710       0.069210       0.069210         8       7.0       8.0       0.502400   355.990    81.900   -23.550    0     119.887978      -0.073540
     20.00    -10.00      21.335800       0.141457       0.141457         8       7.0       8.0       0.502400   353.700    76.620   -25.210    0     119.871902      -0.074100
     20.00     -5.00      16.667900       0.177838       0.177838         8       7.0       8.0       0.502400   350.560    69.940   -19.990    0     119.855812      -0.074670
     20.00      0.00      12.000000       0.206660       0.206660         8       7.0       8.0       0.502400   349.220    66.510   -15.810    0     119.839737      -0.075240
     20.00      5.00       7.332100       0.233907       0.233907         8       7.0       8.0       0.502400   347.850    65.810   -19.090    0     119.823647      -0.075800
     20.00     10.00       2.664200       0.249913       0.249913         8       7.0       8.0       0.502400   347.890    66.060   -20.910    0     119.807564      -0.076370
     25.00    -15.00      26.003710       0.050361       0.050361         8       7.0       8.0       0.502400   218.470    76.900    56.380    0     119.886414      -0.028350
     25.00    -10.00      21.335800       0.096399       0.096399         8       7.0       8.0       0.502400   217.600    78.610    71.910    0     119.870331      -0.028910
     25.00     -5.00      16.667900       0.110797       0.110797         8       7.0       8.0       0.502400   348.720    58.280   -19.520    0     119.854240      -0.029480
     25.00      0.00      12.000000       0.124911       0.124911         8       7.0       8.0       0.502400   349.410    54.380   -15.590    0     119.838173      -0.030050
     25.00      5.00       7.332100       0.142387       0.142387         8       7.0       8.0       0.502400   342.980    54.220   -21.100    0     119.822083      -0.030610
     25.00     10.00       2.664200       0.153535       0.153535         8       7.0       8.0       0.502400   345.060    57.390   -19.290    0     119.806000      -0.031180
     30.00    -15.00      26.003710       0.114401       0.114401         8       7.0       8.0       0.502400   118.020    30.170   140.510    1     119.884850       0.016840
     30.00    -10.00      21.335800       0.113858       0.113858         8       7.0       8.0       0.502400   110.650    21.230   137.300    1     119.868759       0.016280
     30.00     -5.00      16.667900       0.074826       0.074826         8       7.0       8.0       0.502400    -9.470    19.010     8.320    0     119.852669       0.015710
     30.00      0.00      12.000000       0.068881       0.068881         8       7.0       8.0       0.502400   350.920    26.050   -26.800    0     119.836601       0.015150
     30.00      5.00       7.332100       0.071653       0.071653         8       7.0       8.0       0.502400   317.550    25.470   -57.450    0     119.820518       0.014580
     30.00     10.00       2.664200       0.075716       0.075716         8       7.0       8.0       0.502400   343.320    40.480   -17.620    0     119.804428       0.014020
     35.00    -15.00      26.003710       0.000000       0.000000         8       7.0       8.0       0.502400   180.000    45.000    90.000    0     119.883278       0.062030
     35.00    -10.00      21.335800       0.025191       0.025191         8       7.0       8.0       0.502400    65.580    47.550    45.160    1     119.867188       0.061470
     35.00     -5.00      16.667900       0.013335       0.013335         8       7.0       8.0       0.502400    64.340    78.480  -111.290    1     119.851097       0.060900
     35.00      0.00      12.000000       0.014868       0.014868         8       7.0       8.0       0.502400    35.070    24.340    11.100    0     119.835037       0.060340
     35.00      5.00       7.332100       0.013388       0.013388         8       7.0       8.0       0.502400   147.020    74.530   -55.040    0     119.818947       0.059770
     35.00     10.00       2.664200       0.008090       0.008090         8       7.0       8.0       0.502400    26.330    33.400    24.160    0     119.802856       0.059210
     40.00    -15.00      26.003710       0.000000       0.000000         8       7.0       8.0       0.502400   180.000    45.000    90.000    0     119.881706       0.107230
     40.00    -10.00      21.335800       0.000000       0.000000         8       7.0       8.0       0.502400   180.000    45.000    90.000    0     119.865623       0.106660
     40.00     -5.00      16.667900       0.000000       0.000000         8       7.0       8.0       0.502400   180.000    45.000    90.000    0     119.849533       0.106090
     40.00      0.00      12.000000       0.000000       0.000000         8       7.0       8.0       0.502400   180.000    45.000    90.000    0     119.833473       0.105530
     40.00      5.00       7.332100       0.000000       0.000000         8       7.0       8.0       0.502400   180.000    45.000    90.000    0     119.817390       0.104960
     40.00     10.00       2.664200       0.000000       0.000000         8       7.0       8.0       0.502400   180.000    45.000    90.000    0     119.801300       0.104400
     45.00    -15.00      26.003710       0.000000       0.000000         8       7.0       8.0       0.502400   180.000    45.000    90.000    0     119.880142       0.152420
     45.00    -10.00      21.335800       0.000000       0.000000         8       7.0       8.0       0.502400   180.000    45.000    90.000    0     119.864052       0.151850
     45.00     -5.00      16.667900       0.000000       0.000000         8       7.0       8.0       0.502400   180.000    45.000    90.000    0     119.847961       0.151280
     45.00      0.00      12.000000       0.000000       0.000000         8       7.0       8.0       0.502400   180.000    45.000    90.000    0     119.831909       0.150720
     45.00      5.00       7.332100       0.000000       0.000000         8       7.0       8.0       0.502400   180.000    45.000    90.000    0     119.815819       0.150150
     45.00     10.00       2.664200       0.000000       0.000000         8       7.0       8.0       0.502400   180.000    45.000    90.000    0     119.799728       0.149590
     50.00    -15.00      26.003710       0.000000       0.000000         8       7.0       8.0       0.502400   180.000    45.000    90.000    0     119.878571       0.197610
     50.00    -10.00      21.335800       0.000000       0.000000         8       7.0       8.0       0.502400   180.000    45.000    90.000    0     119.862480       0.197040
     50.00     -5.00      16.667900       0.000000       0.000000         8       7.0       8.0       0.502400   180.000    45.000    90.000    0     119.846390       0.196470
     50.00      0.00      12.000000       0.000000       0.000000         8       7.0       8.0       0.502400   180.000    45.000    90.000    0     119.830338       0.195910
     50.00      5.00       7.332100       0.000000       0.000000         8       7.0       8.0       0.502400   180.000    45.000    90.000    0     119.814247       0.195340
     50.00     10.00       2.664200       0.000000       0.000000         8       7.0       8.0       0.502400   180.000    45.000    90.000    0     119.798172       0.194780
