      xloc      yloc          depth         ave SR         max SR         #     start       end     max SR all       str       dip      rake flag
   -185.00    -15.00      26.003710       0.054314       0.054314        37      36.0      37.0       0.458538    54.950    63.930  -111.620    1     119.952240      -1.926360
   -185.00    -10.00      21.335800       0.036668       0.036668        37      36.0      37.0       0.458538     7.070    80.140   -99.400    0     119.936150      -1.926930
   -185.00     -5.00      16.667900       0.013017       0.013017        37      36.0      37.0       0.458538   142.000    83.630    53.190    0     119.920059      -1.927490
   -185.00      0.00      12.000000       0.035638       0.035638        37      36.0      37.0       0.458538   147.040    26.420   -20.390    0     119.903961      -1.928060
   -185.00      5.00       7.332100       0.035429       0.035429        37      36.0      37.0       0.458538   105.120    28.640   -36.610    1     119.887871      -1.928620
   -185.00     10.00       2.664200       0.053279       0.053279        37      36.0      37.0       0.458538   111.910    33.330   -37.760    1     119.871780      -1.929190
   -180.00    -15.00      26.003710       0.051660       0.051660        37      36.0      37.0       0.458538     5.840    88.070   -95.850    0     119.950684      -1.881170
   -180.00    -10.00      21.335800       0.063555       0.063555        37      36.0      37.0       0.458538   353.750    84.120   -84.630    0     119.934578      -1.881740
   -180.00     -5.00      16.667900       0.060327       0.060327        37      36.0      37.0       0.458538    65.840    36.330  -132.630    1     119.918488      -1.882300
   -180.00      0.00      12.000000       0.107426       0.107426        37      36.0      37.0       0.458538    94.220    24.960   -87.750    1     119.902397      -1.882870
   -180.00      5.00       7.332100       0.128477       0.128477        37      36.0      37.0       0.458538   121.950    33.980   -44.630    1     119.886299      -1.883430
   -180.00     10.00       2.664200       0.123525       0.123525        37      36.0      37.0       0.458538   124.800    39.810   -40.340    1     119.870209      -1.884000
   -175.00    -15.00      26.003710       0.057959       0.057959        37      36.0      37.0       0.458538   182.000    81.410    98.420    0     119.949112      -1.835980
   -175.00    -10.00      21.335800       0.089711       0.089711        37      36.0      37.0       0.458538   -75.250     7.840    -3.820    0     119.933006      -1.836550
   -175.00     -5.00      16.667900       0.088622       0.088622        37      36.0      37.0       0.458538    63.250    46.820  -142.410    1     119.916924      -1.837110
   -175.00      0.00      12.000000       0.131797       0.131797        37      36.0      37.0       0.458538    89.340    27.570  -100.540    1     119.900833      -1.837680
   -175.00      5.00       7.332100       0.174855       0.174855        37      36.0      37.0       0.458538   127.300    35.320   -48.240    1     119.884743      -1.838240
   -175.00     10.00       2.664200       0.163347       0.163347        37      36.0      37.0       0.458538   131.410    39.950   -43.750    1     119.868637      -1.838810
   -170.00    -15.00      26.003710       0.057654       0.057654        37      36.0      37.0       0.458538   194.370    78.350    96.760    0     119.947540      -1.790790
   -170.00    -10.00      21.335800       0.107988       0.107988        37      36.0      37.0       0.458538   210.190    88.390   103.310    0     119.931450      -1.791360
   -170.00     -5.00      16.667900       0.095621       0.095621        37      36.0      37.0       0.458538   314.490    57.950   -35.170    0     119.915352      -1.791920
   -170.00      0.00      12.000000       0.117021       0.117021        37      36.0      37.0       0.458538    87.720    33.870  -115.570    1     119.899261      -1.792490
   -170.00      5.00       7.332100       0.170900       0.170900        37      36.0      37.0       0.458538   136.590    39.420   -46.970    0     119.883171      -1.793050
   -170.00     10.00       2.664200       0.169903       0.169903        37      36.0      37.0       0.458538   139.950    41.650   -44.230    0     119.867081      -1.793620
   -165.00    -15.00      26.003710       0.061074       0.061074        37      36.0      37.0       0.458538   -16.330    14.920    38.720    0     119.945969      -1.745600
   -165.00    -10.00      21.335800       0.114793       0.114793        37      36.0      37.0       0.458538   324.100    15.890    15.110    0     119.929878      -1.746170
   -165.00     -5.00      16.667900       0.104679       0.104679        37      36.0      37.0       0.458538   320.740    36.860   -11.890    0     119.913788      -1.746730
   -165.00      0.00      12.000000       0.098938       0.098938        37      36.0      37.0       0.458538   332.520    69.060   -37.040    0     119.897690      -1.747300
   -165.00      5.00       7.332100       0.147780       0.147780        37      36.0      37.0       0.458538   153.910    51.000   -32.960    0     119.881599      -1.747860
   -165.00     10.00       2.664200       0.156230       0.156230        37      36.0      37.0       0.458538   155.010    49.670   -33.170    0     119.865509      -1.748430
   -160.00    -15.00      26.003710       0.065717       0.065717        37      36.0      37.0       0.458538   -20.660    19.970    20.070    0     119.944397      -1.700410
   -160.00    -10.00      21.335800       0.117962       0.117962        37      36.0      37.0       0.458538   341.570    17.860    22.260    0     119.928307      -1.700980
   -160.00     -5.00      16.667900       0.116128       0.116128        37      36.0      37.0       0.458538   343.250    25.540    14.850    0     119.912216      -1.701540
   -160.00      0.00      12.000000       0.111868       0.111868        37      36.0      37.0       0.458538   350.850    75.960   -11.690    0     119.896133      -1.702110
   -160.00      5.00       7.332100       0.141066       0.141066        37      36.0      37.0       0.458538   172.010    85.270    -1.600    0     119.880028      -1.702670
   -160.00     10.00       2.664200       0.152416       0.152416        37      36.0      37.0       0.458538   172.390    79.160    -1.780    0     119.863937      -1.703240
   -155.00    -15.00      26.003710       0.061818       0.061818        37      36.0      37.0       0.458538   -14.500    25.130    17.830    0     119.942841      -1.655220
   -155.00    -10.00      21.335800       0.110226       0.110226        37      36.0      37.0       0.458538   358.060    22.700    29.300    0     119.926743      -1.655790
   -155.00     -5.00      16.667900       0.128841       0.128841        37      36.0      37.0       0.458538     6.370    28.440    31.350    0     119.910652      -1.656350
   -155.00      0.00      12.000000       0.137136       0.137136        37      36.0      37.0       0.458538   359.520    70.590     1.930    0     119.894562      -1.656920
   -155.00      5.00       7.332100       0.160127       0.160127        37      36.0      37.0       0.458538   359.720    81.830     0.700    0     119.878471      -1.657480
   -155.00     10.00       2.664200       0.169730       0.169730        37      36.0      37.0       0.458538   179.460    89.800     4.100    0     119.862373      -1.658050
   -150.00    -15.00      26.003710       0.054889       0.054889        37      36.0      37.0       0.458538   214.720    49.990   143.660    0     119.941269      -1.610030
   -150.00    -10.00      21.335800       0.099033       0.099033        37      36.0      37.0       0.458538    10.070    31.460    36.870    0     119.925179      -1.610590
   -150.00     -5.00      16.667900       0.139244       0.139244        37      36.0      37.0       0.458538    18.420    37.140    36.440    0     119.909081      -1.611160
   -150.00      0.00      12.000000       0.163131       0.163131        37      36.0      37.0       0.458538     7.900    65.810    13.870    0     119.892990      -1.611730
   -150.00      5.00       7.332100       0.182477       0.182477        37      36.0      37.0       0.458538     6.470    73.120     5.940    0     119.876900      -1.612290
   -150.00     10.00       2.664200       0.188127       0.188127        37      36.0      37.0       0.458538     5.540    85.800    -2.770    0     119.860809      -1.612860
   -145.00    -15.00      26.003710       0.059971       0.059971        37      36.0      37.0       0.458538   210.920    28.350   142.480    0     119.939697      -1.564840
   -145.00    -10.00      21.335800       0.091266       0.091266        37      36.0      37.0       0.458538    17.140    45.490    45.510    0     119.923607      -1.565400
   -145.00     -5.00      16.667900       0.148662       0.148662        37      36.0      37.0       0.458538    23.010    47.300    36.160    0     119.907516      -1.565970
   -145.00      0.00      12.000000       0.183515       0.183515        37      36.0      37.0       0.458538    15.130    63.750    21.540    0     119.891418      -1.566530
   -145.00      5.00       7.332100       0.197004       0.197004        37      36.0      37.0       0.458538    12.740    69.070    11.750    0     119.875328      -1.567100
   -145.00     10.00       2.664200       0.201341       0.201341        37      36.0      37.0       0.458538    10.750    83.370    -0.670    0     119.859238      -1.567660
   -140.00    -15.00      26.003710       0.072069       0.072069        37      36.0      37.0       0.458538   206.500    17.610   121.590    0     119.938133      -1.519650
   -140.00    -10.00      21.335800       0.099849       0.099849        37      36.0      37.0       0.458538    25.320    59.450    58.080    0     119.922043      -1.520210
   -140.00     -5.00      16.667900       0.151362       0.151362        37      36.0      37.0       0.458538    24.470    57.890    37.260    0     119.905952      -1.520780
   -140.00      0.00      12.000000       0.191640       0.191640        37      36.0      37.0       0.458538    19.940    62.680    24.060    0     119.889862      -1.521340
   -140.00      5.00       7.332100       0.198955       0.198955        37      36.0      37.0       0.458538    17.440    69.500    13.610    0     119.873772      -1.521910
   -140.00     10.00       2.664200       0.204316       0.204316        37      36.0      37.0       0.458538    15.120    83.170    -0.580    0     119.857681      -1.522470
   -135.00    -15.00      26.003710       0.085444       0.085444        37      36.0      37.0       0.458538   205.260    11.880   104.090    0     119.936562      -1.474460
   -135.00    -10.00      21.335800       0.120240       0.120240        37      36.0      37.0       0.458538    28.750    69.860    65.040    0     119.920471      -1.475020
   -135.00     -5.00      16.667900       0.154759       0.154759        37      36.0      37.0       0.458538    27.640    65.260    42.480    0     119.904381      -1.475590
   -135.00      0.00      12.000000       0.180759       0.180759        37      36.0      37.0       0.458538    22.770    64.120    22.230    0     119.888290      -1.476150
   -135.00      5.00       7.332100       0.184576       0.184576        37      36.0      37.0       0.458538    19.830    74.740     8.010    0     119.872200      -1.476720
   -135.00     10.00       2.664200       0.192983       0.192983        37      36.0      37.0       0.458538    18.870    85.740    -4.280    0     119.856110      -1.477280
   -130.00    -15.00      26.003710       0.093632       0.093632        37      36.0      37.0       0.458538    19.670    81.680    87.120    0     119.934998      -1.429270
   -130.00    -10.00      21.335800       0.130704       0.130704        37      36.0      37.0       0.458538    28.950    76.810    68.300    0     119.918907      -1.429830
   -130.00     -5.00      16.667900       0.142577       0.142577        37      36.0      37.0       0.458538    28.730    71.340    43.230    0     119.902809      -1.430400
   -130.00      0.00      12.000000       0.150129       0.150129        37      36.0      37.0       0.458538    23.920    69.140    15.430    0     119.886719      -1.430960
   -130.00      5.00       7.332100       0.158190       0.158190        37      36.0      37.0       0.458538    22.160    80.770    -0.860    0     119.870628      -1.431530
   -130.00     10.00       2.664200       0.168087       0.168087        37      36.0      37.0       0.458538    22.620    89.710   -11.190    0     119.854538      -1.432090
   -125.00    -15.00      26.003710       0.092567       0.092567        37      36.0      37.0       0.458538    24.590    84.100    83.870    0     119.933434      -1.384080
   -125.00    -10.00      21.335800       0.121280       0.121280        37      36.0      37.0       0.458538    25.280    83.000    70.340    0     119.917343      -1.384640
   -125.00     -5.00      16.667900       0.112368       0.112368        37      36.0      37.0       0.458538    29.000    77.430    40.630    0     119.901253      -1.385210
   -125.00      0.00      12.000000       0.107280       0.107280        37      36.0      37.0       0.458538    24.990    80.270     3.660    0     119.885162      -1.385770
   -125.00      5.00       7.332100       0.119470       0.119470        37      36.0      37.0       0.458538    24.740    86.500    -9.550    0     119.869072      -1.386340
   -125.00     10.00       2.664200       0.130276       0.130276        37      36.0      37.0       0.458538   206.240    86.500    18.530    0     119.852982      -1.386900
   -120.00    -15.00      26.003710       0.064167       0.064167        37      36.0      37.0       0.458538     7.890    89.070    87.660    0     119.931862      -1.338890
   -120.00    -10.00      21.335800       0.092764       0.092764        37      36.0      37.0       0.458538   196.920    87.150   -76.380    0     119.915771      -1.339450
   -120.00     -5.00      16.667900       0.067752       0.067752        37      36.0      37.0       0.458538    27.810    89.410    30.860    0     119.899681      -1.340020
   -120.00      0.00      12.000000       0.063779       0.063779        37      36.0      37.0       0.458538   209.520    86.720     7.690    0     119.883591      -1.340580
   -120.00      5.00       7.332100       0.070160       0.070160        37      36.0      37.0       0.458538    26.630    88.610   -16.830    0     119.867500      -1.341150
   -120.00     10.00       2.664200       0.080039       0.080039        37      36.0      37.0       0.458538   208.750    83.640    23.860    0     119.851410      -1.341710
   -115.00    -15.00      26.003710       0.032495       0.032495        37      36.0      37.0       0.458538   210.620     2.100   179.260    0     119.930290      -1.293690
   -115.00    -10.00      21.335800       0.046097       0.046097        37      36.0      37.0       0.458538   -27.080    14.880  -155.240    0     119.914200      -1.294260
   -115.00     -5.00      16.667900       0.024924       0.024924        37      36.0      37.0       0.458538   209.130    50.550   -34.360    0     119.898109      -1.294830
   -115.00      0.00      12.000000       0.020060       0.020060        37      36.0      37.0       0.458538   219.340    63.490    -3.400    0     119.882019      -1.295390
   -115.00      5.00       7.332100       0.021908       0.021908        37      36.0      37.0       0.458538   209.070    63.400   -11.790    0     119.865929      -1.295960
   -115.00     10.00       2.664200       0.026141       0.026141        37      36.0      37.0       0.458538   211.940    79.550    33.400    0     119.849838      -1.296520
   -110.00    -15.00      26.003710       0.000000       0.000000        37      36.0      37.0       0.458538   180.000    45.000    90.000    0     119.928726      -1.248500
   -110.00    -10.00      21.335800       0.000000       0.000000        37      36.0      37.0       0.458538   180.000    45.000    90.000    0     119.912643      -1.249070
   -110.00     -5.00      16.667900       0.000000       0.000000        37      36.0      37.0       0.458538   180.000    45.000    90.000    0     119.896553      -1.249630
   -110.00      0.00      12.000000       0.000000       0.000000        37      36.0      37.0       0.458538   180.000    45.000    90.000    0     119.880463      -1.250200
   -110.00      5.00       7.332100       0.000000       0.000000        37      36.0      37.0       0.458538   180.000    45.000    90.000    0     119.864372      -1.250760
   -110.00     10.00       2.664200       0.000000       0.000000        37      36.0      37.0       0.458538   180.000    45.000    90.000    0     119.848282      -1.251330
   -105.00    -15.00      26.003710       0.000000       0.000000        37      36.0      37.0       0.458538   180.000    45.000    90.000    0     119.927162      -1.203310
   -105.00    -10.00      21.335800       0.000000       0.000000        37      36.0      37.0       0.458538   180.000    45.000    90.000    0     119.911072      -1.203880
   -105.00     -5.00      16.667900       0.000000       0.000000        37      36.0      37.0       0.458538   180.000    45.000    90.000    0     119.894981      -1.204440
   -105.00      0.00      12.000000       0.000000       0.000000        37      36.0      37.0       0.458538   180.000    45.000    90.000    0     119.878891      -1.205010
   -105.00      5.00       7.332100       0.000000       0.000000        37      36.0      37.0       0.458538   180.000    45.000    90.000    0     119.862801      -1.205570
   -105.00     10.00       2.664200       0.000000       0.000000        37      36.0      37.0       0.458538   180.000    45.000    90.000    0     119.846710      -1.206140
   -100.00    -15.00      26.003710       0.000000       0.000000        37      36.0      37.0       0.458538   180.000    45.000    90.000    0     119.925591      -1.158120
   -100.00    -10.00      21.335800       0.000000       0.000000        37      36.0      37.0       0.458538   180.000    45.000    90.000    0     119.909500      -1.158690
   -100.00     -5.00      16.667900       0.000000       0.000000        37      36.0      37.0       0.458538   180.000    45.000    90.000    0     119.893410      -1.159250
   -100.00      0.00      12.000000       0.000000       0.000000        37      36.0      37.0       0.458538   180.000    45.000    90.000    0     119.877319      -1.159820
   -100.00      5.00       7.332100       0.000000       0.000000        37      36.0      37.0       0.458538   180.000    45.000    90.000    0     119.861229      -1.160380
   -100.00     10.00       2.664200       0.000000       0.000000        37      36.0      37.0       0.458538   180.000    45.000    90.000    0     119.845207      -1.160950
    -95.00    -15.00      26.003710       0.000000       0.000000        37      36.0      37.0       0.458538   180.000    45.000    90.000    0     119.924026      -1.112930
    -95.00    -10.00      21.335800       0.000000       0.000000        37      36.0      37.0       0.458538   180.000    45.000    90.000    0     119.907944      -1.113500
    -95.00     -5.00      16.667900       0.000000       0.000000        37      36.0      37.0       0.458538   180.000    45.000    90.000    0     119.891853      -1.114060
    -95.00      0.00      12.000000       0.000000       0.000000        37      36.0      37.0       0.458538   180.000    45.000    90.000    0     119.875763      -1.114630
    -95.00      5.00       7.332100       0.000000       0.000000        37      36.0      37.0       0.458538   180.000    45.000    90.000    0     119.859673      -1.115190
    -95.00     10.00       2.664200       0.000000       0.000000        37      36.0      37.0       0.458538   180.000    45.000    90.000    0     119.843643      -1.115760
    -90.00    -15.00      26.003710       0.000000       0.000000        37      36.0      37.0       0.458538   180.000    45.000    90.000    0     119.922462      -1.067740
    -90.00    -10.00      21.335800       0.000000       0.000000        37      36.0      37.0       0.458538   180.000    45.000    90.000    0     119.906372      -1.068310
    -90.00     -5.00      16.667900       0.000000       0.000000        37      36.0      37.0       0.458538   180.000    45.000    90.000    0     119.890282      -1.068870
    -90.00      0.00      12.000000       0.000000       0.000000        37      36.0      37.0       0.458538   180.000    45.000    90.000    0     119.874191      -1.069440
    -90.00      5.00       7.332100       0.000000       0.000000        37      36.0      37.0       0.458538   180.000    45.000    90.000    0     119.858101      -1.070000
    -90.00     10.00       2.664200       0.000000       0.000000        37      36.0      37.0       0.458538   180.000    45.000    90.000    0     119.842072      -1.070570
    -85.00    -15.00      26.003710       0.000000       0.000000        37      36.0      37.0       0.458538   180.000    45.000    90.000    0     119.920891      -1.022550
    -85.00    -10.00      21.335800       0.000000       0.000000        37      36.0      37.0       0.458538   180.000    45.000    90.000    0     119.904800      -1.023120
    -85.00     -5.00      16.667900       0.000000       0.000000        37      36.0      37.0       0.458538   180.000    45.000    90.000    0     119.888710      -1.023680
    -85.00      0.00      12.000000       0.000000       0.000000        37      36.0      37.0       0.458538   180.000    45.000    90.000    0     119.872620      -1.024250
    -85.00      5.00       7.332100       0.000000       0.000000        37      36.0      37.0       0.458538   180.000    45.000    90.000    0     119.856537      -1.024810
    -85.00     10.00       2.664200       0.000000       0.000000        37      36.0      37.0       0.458538   180.000    45.000    90.000    0     119.840500      -1.025380
    -80.00    -15.00      26.003710       0.000000       0.000000        37      36.0      37.0       0.458538   180.000    45.000    90.000    0     119.919319      -0.977360
    -80.00    -10.00      21.335800       0.000000       0.000000        37      36.0      37.0       0.458538   180.000    45.000    90.000    0     119.903236      -0.977920
    -80.00     -5.00      16.667900       0.000000       0.000000        37      36.0      37.0       0.458538   180.000    45.000    90.000    0     119.887154      -0.978490
    -80.00      0.00      12.000000       0.000000       0.000000        37      36.0      37.0       0.458538   180.000    45.000    90.000    0     119.871063      -0.979050
    -80.00      5.00       7.332100       0.000000       0.000000        37      36.0      37.0       0.458538   180.000    45.000    90.000    0     119.854973      -0.979620
    -80.00     10.00       2.664200       0.000000       0.000000        37      36.0      37.0       0.458538   180.000    45.000    90.000    0     119.838928      -0.980190
    -75.00    -15.00      26.003710       0.000000       0.000000        37      36.0      37.0       0.458538   180.000    45.000    90.000    0     119.917763      -0.932170
    -75.00    -10.00      21.335800       0.000000       0.000000        37      36.0      37.0       0.458538   180.000    45.000    90.000    0     119.901672      -0.932730
    -75.00     -5.00      16.667900       0.000000       0.000000        37      36.0      37.0       0.458538   180.000    45.000    90.000    0     119.885582      -0.933300
    -75.00      0.00      12.000000       0.000000       0.000000        37      36.0      37.0       0.458538   180.000    45.000    90.000    0     119.869492      -0.933860
    -75.00      5.00       7.332100       0.000000       0.000000        37      36.0      37.0       0.458538   180.000    45.000    90.000    0     119.853401      -0.934430
    -75.00     10.00       2.664200       0.000000       0.000000        37      36.0      37.0       0.458538   180.000    45.000    90.000    0     119.837357      -0.934990
    -70.00    -15.00      26.003710       0.000000       0.000000        37      36.0      37.0       0.458538   180.000    45.000    90.000    0     119.916191      -0.886980
    -70.00    -10.00      21.335800       0.000000       0.000000        37      36.0      37.0       0.458538   180.000    45.000    90.000    0     119.900101      -0.887540
    -70.00     -5.00      16.667900       0.000000       0.000000        37      36.0      37.0       0.458538   180.000    45.000    90.000    0     119.884010      -0.888110
    -70.00      0.00      12.000000       0.000000       0.000000        37      36.0      37.0       0.458538   180.000    45.000    90.000    0     119.867928      -0.888670
    -70.00      5.00       7.332100       0.000000       0.000000        37      36.0      37.0       0.458538   180.000    45.000    90.000    0     119.851837      -0.889240
    -70.00     10.00       2.664200       0.000000       0.000000        37      36.0      37.0       0.458538   180.000    45.000    90.000    0     119.835793      -0.889800
    -65.00    -15.00      26.003710       0.000000       0.000000        37      36.0      37.0       0.458538   180.000    45.000    90.000    0     119.914619      -0.841790
    -65.00    -10.00      21.335800       0.000000       0.000000        37      36.0      37.0       0.458538   180.000    45.000    90.000    0     119.898537      -0.842350
    -65.00     -5.00      16.667900       0.000000       0.000000        37      36.0      37.0       0.458538   180.000    45.000    90.000    0     119.882446      -0.842920
    -65.00      0.00      12.000000       0.000000       0.000000        37      36.0      37.0       0.458538   180.000    45.000    90.000    0     119.866364      -0.843480
    -65.00      5.00       7.332100       0.000000       0.000000        37      36.0      37.0       0.458538   180.000    45.000    90.000    0     119.850273      -0.844050
    -65.00     10.00       2.664200       0.000000       0.000000        37      36.0      37.0       0.458538   180.000    45.000    90.000    0     119.834221      -0.844610
    -60.00    -15.00      26.003710       0.000000       0.000000        37      36.0      37.0       0.458538   180.000    45.000    90.000    0     119.913063      -0.796600
    -60.00    -10.00      21.335800       0.000000       0.000000        37      36.0      37.0       0.458538   180.000    45.000    90.000    0     119.896973      -0.797160
    -60.00     -5.00      16.667900       0.000000       0.000000        37      36.0      37.0       0.458538   180.000    45.000    90.000    0     119.880882      -0.797730
    -60.00      0.00      12.000000       0.000000       0.000000        37      36.0      37.0       0.458538   180.000    45.000    90.000    0     119.864792      -0.798290
    -60.00      5.00       7.332100       0.000000       0.000000        37      36.0      37.0       0.458538   180.000    45.000    90.000    0     119.848701      -0.798860
    -60.00     10.00       2.664200       0.000000       0.000000        37      36.0      37.0       0.458538   180.000    45.000    90.000    0     119.832657      -0.799420
    -55.00    -15.00      26.003710       0.000000       0.000000        37      36.0      37.0       0.458538   180.000    45.000    90.000    0     119.911491      -0.751410
    -55.00    -10.00      21.335800       0.000000       0.000000        37      36.0      37.0       0.458538   180.000    45.000    90.000    0     119.895401      -0.751970
    -55.00     -5.00      16.667900       0.000000       0.000000        37      36.0      37.0       0.458538   180.000    45.000    90.000    0     119.879311      -0.752540
    -55.00      0.00      12.000000       0.000000       0.000000        37      36.0      37.0       0.458538   180.000    45.000    90.000    0     119.863228      -0.753100
    -55.00      5.00       7.332100       0.000000       0.000000        37      36.0      37.0       0.458538   180.000    45.000    90.000    0     119.847137      -0.753670
    -55.00     10.00       2.664200       0.000000       0.000000        37      36.0      37.0       0.458538   180.000    45.000    90.000    0     119.831093      -0.754230
    -50.00    -15.00      26.003710       0.000000       0.000000        37      36.0      37.0       0.458538   180.000    45.000    90.000    0     119.909920      -0.706210
    -50.00    -10.00      21.335800       0.000000       0.000000        37      36.0      37.0       0.458538   180.000    45.000    90.000    0     119.893837      -0.706780
    -50.00     -5.00      16.667900       0.000000       0.000000        37      36.0      37.0       0.458538   180.000    45.000    90.000    0     119.877747      -0.707340
    -50.00      0.00      12.000000       0.000000       0.000000        37      36.0      37.0       0.458538   180.000    45.000    90.000    0     119.861656      -0.707910
    -50.00      5.00       7.332100       0.000000       0.000000        37      36.0      37.0       0.458538   180.000    45.000    90.000    0     119.845612      -0.708470
    -50.00     10.00       2.664200       0.000000       0.000000        37      36.0      37.0       0.458538   180.000    45.000    90.000    0     119.829521      -0.709040
    -45.00    -15.00      26.003710       0.000000       0.000000        37      36.0      37.0       0.458538   180.000    45.000    90.000    0     119.908363      -0.661020
    -45.00    -10.00      21.335800       0.000000       0.000000        37      36.0      37.0       0.458538   180.000    45.000    90.000    0     119.892273      -0.661590
    -45.00     -5.00      16.667900       0.000000       0.000000        37      36.0      37.0       0.458538   180.000    45.000    90.000    0     119.876183      -0.662150
    -45.00      0.00      12.000000       0.000000       0.000000        37      36.0      37.0       0.458538   180.000    45.000    90.000    0     119.860092      -0.662720
    -45.00      5.00       7.332100       0.000000       0.000000        37      36.0      37.0       0.458538   180.000    45.000    90.000    0     119.844040      -0.663280
    -45.00     10.00       2.664200       0.000000       0.000000        37      36.0      37.0       0.458538   180.000    45.000    90.000    0     119.827950      -0.663850
    -40.00    -15.00      26.003710       0.000000       0.000000        37      36.0      37.0       0.458538   180.000    45.000    90.000    0     119.906792      -0.615830
    -40.00    -10.00      21.335800       0.000000       0.000000        37      36.0      37.0       0.458538   180.000    45.000    90.000    0     119.890701      -0.616400
    -40.00     -5.00      16.667900       0.000000       0.000000        37      36.0      37.0       0.458538   180.000    45.000    90.000    0     119.874619      -0.616960
    -40.00      0.00      12.000000       0.000000       0.000000        37      36.0      37.0       0.458538   180.000    45.000    90.000    0     119.858528      -0.617530
    -40.00      5.00       7.332100       0.000000       0.000000        37      36.0      37.0       0.458538   180.000    45.000    90.000    0     119.842468      -0.618090
    -40.00     10.00       2.664200       0.000000       0.000000        37      36.0      37.0       0.458538   180.000    45.000    90.000    0     119.826378      -0.618660
    -35.00    -15.00      26.003710       0.000000       0.000000        37      36.0      37.0       0.458538   180.000    45.000    90.000    0     119.905220      -0.570640
    -35.00    -10.00      21.335800       0.000000       0.000000        37      36.0      37.0       0.458538   180.000    45.000    90.000    0     119.889137      -0.571210
    -35.00     -5.00      16.667900       0.000000       0.000000        37      36.0      37.0       0.458538   180.000    45.000    90.000    0     119.873047      -0.571770
    -35.00      0.00      12.000000       0.000000       0.000000        37      36.0      37.0       0.458538   180.000    45.000    90.000    0     119.856956      -0.572340
    -35.00      5.00       7.332100       0.000000       0.000000        37      36.0      37.0       0.458538   180.000    45.000    90.000    0     119.840897      -0.572900
    -35.00     10.00       2.664200       0.000000       0.000000        37      36.0      37.0       0.458538   180.000    45.000    90.000    0     119.824806      -0.573470
    -30.00    -15.00      26.003710       0.000000       0.000000        37      36.0      37.0       0.458538   180.000    45.000    90.000    0     119.903664      -0.525450
    -30.00    -10.00      21.335800       0.000000       0.000000        37      36.0      37.0       0.458538   180.000    45.000    90.000    0     119.887573      -0.526020
    -30.00     -5.00      16.667900       0.000000       0.000000        37      36.0      37.0       0.458538   180.000    45.000    90.000    0     119.871483      -0.526580
    -30.00      0.00      12.000000       0.000000       0.000000        37      36.0      37.0       0.458538   180.000    45.000    90.000    0     119.855400      -0.527150
    -30.00      5.00       7.332100       0.000000       0.000000        37      36.0      37.0       0.458538   180.000    45.000    90.000    0     119.839333      -0.527710
    -30.00     10.00       2.664200       0.000000       0.000000        37      36.0      37.0       0.458538   180.000    45.000    90.000    0     119.823242      -0.528280
    -25.00    -15.00      26.003710       0.000000       0.000000        37      36.0      37.0       0.458538   180.000    45.000    90.000    0     119.902092      -0.480260
    -25.00    -10.00      21.335800       0.000000       0.000000        37      36.0      37.0       0.458538   180.000    45.000    90.000    0     119.886002      -0.480820
    -25.00     -5.00      16.667900       0.000000       0.000000        37      36.0      37.0       0.458538   180.000    45.000    90.000    0     119.869919      -0.481390
    -25.00      0.00      12.000000       0.000000       0.000000        37      36.0      37.0       0.458538   180.000    45.000    90.000    0     119.853828      -0.481950
    -25.00      5.00       7.332100       0.000000       0.000000        37      36.0      37.0       0.458538   180.000    45.000    90.000    0     119.837761      -0.482520
    -25.00     10.00       2.664200       0.000000       0.000000        37      36.0      37.0       0.458538   180.000    45.000    90.000    0     119.821671      -0.483090
    -20.00    -15.00      26.003710       0.000000       0.000000        37      36.0      37.0       0.458538   180.000    45.000    90.000    0     119.900528      -0.435070
    -20.00    -10.00      21.335800       0.000000       0.000000        37      36.0      37.0       0.458538   180.000    45.000    90.000    0     119.884438      -0.435630
    -20.00     -5.00      16.667900       0.000000       0.000000        37      36.0      37.0       0.458538   180.000    45.000    90.000    0     119.868347      -0.436200
    -20.00      0.00      12.000000       0.000000       0.000000        37      36.0      37.0       0.458538   180.000    45.000    90.000    0     119.852257      -0.436760
    -20.00      5.00       7.332100       0.000000       0.000000        37      36.0      37.0       0.458538   180.000    45.000    90.000    0     119.836189      -0.437330
    -20.00     10.00       2.664200       0.000000       0.000000        37      36.0      37.0       0.458538   180.000    45.000    90.000    0     119.820099      -0.437900
    -15.00    -15.00      26.003710       0.000000       0.000000        37      36.0      37.0       0.458538   180.000    45.000    90.000    0     119.898956      -0.389880
    -15.00    -10.00      21.335800       0.000000       0.000000        37      36.0      37.0       0.458538   180.000    45.000    90.000    0     119.882874      -0.390440
    -15.00     -5.00      16.667900       0.000000       0.000000        37      36.0      37.0       0.458538   180.000    45.000    90.000    0     119.866791      -0.391010
    -15.00      0.00      12.000000       0.000000       0.000000        37      36.0      37.0       0.458538   180.000    45.000    90.000    0     119.850700      -0.391570
    -15.00      5.00       7.332100       0.000000       0.000000        37      36.0      37.0       0.458538   180.000    45.000    90.000    0     119.834618      -0.392140
    -15.00     10.00       2.664200       0.000000       0.000000        37      36.0      37.0       0.458538   180.000    45.000    90.000    0     119.818527      -0.392700
    -10.00    -15.00      26.003710       0.000000       0.000000        37      36.0      37.0       0.458538   180.000    45.000    90.000    0     119.897392      -0.344690
    -10.00    -10.00      21.335800       0.000000       0.000000        37      36.0      37.0       0.458538   180.000    45.000    90.000    0     119.881310      -0.345250
    -10.00     -5.00      16.667900       0.000000       0.000000        37      36.0      37.0       0.458538   180.000    45.000    90.000    0     119.865219      -0.345820
    -10.00      0.00      12.000000       0.000000       0.000000        37      36.0      37.0       0.458538   180.000    45.000    90.000    0     119.849129      -0.346380
    -10.00      5.00       7.332100       0.000000       0.000000        37      36.0      37.0       0.458538   180.000    45.000    90.000    0     119.833054      -0.346950
    -10.00     10.00       2.664200       0.000000       0.000000        37      36.0      37.0       0.458538   180.000    45.000    90.000    0     119.816963      -0.347510
     -5.00    -15.00      26.003710       0.000000       0.000000        37      36.0      37.0       0.458538   180.000    45.000    90.000    0     119.895828      -0.299500
     -5.00    -10.00      21.335800       0.000000       0.000000        37      36.0      37.0       0.458538   180.000    45.000    90.000    0     119.879738      -0.300060
     -5.00     -5.00      16.667900       0.000000       0.000000        37      36.0      37.0       0.458538   180.000    45.000    90.000    0     119.863647      -0.300630
     -5.00      0.00      12.000000       0.000000       0.000000        37      36.0      37.0       0.458538   180.000    45.000    90.000    0     119.847572      -0.301190
     -5.00      5.00       7.332100       0.000000       0.000000        37      36.0      37.0       0.458538   180.000    45.000    90.000    0     119.831482      -0.301760
     -5.00     10.00       2.664200       0.000000       0.000000        37      36.0      37.0       0.458538   180.000    45.000    90.000    0     119.815399      -0.302320
      0.00    -15.00      26.003710       0.000000       0.000000        37      36.0      37.0       0.458538   180.000    45.000    90.000    0     119.894257      -0.254300
      0.00    -10.00      21.335800       0.000000       0.000000        37      36.0      37.0       0.458538   180.000    45.000    90.000    0     119.878166      -0.254870
      0.00     -5.00      16.667900       0.000000       0.000000        37      36.0      37.0       0.458538   180.000    45.000    90.000    0     119.862091      -0.255430
      0.00      0.00      12.000000       0.000000       0.000000        37      36.0      37.0       0.458538   180.000    45.000    90.000    0     119.846001      -0.256000
      0.00      5.00       7.332100       0.000000       0.000000        37      36.0      37.0       0.458538   180.000    45.000    90.000    0     119.829910      -0.256570
      0.00     10.00       2.664200       0.000000       0.000000        37      36.0      37.0       0.458538   180.000    45.000    90.000    0     119.813828      -0.257130
      5.00    -15.00      26.003710       0.000000       0.000000        37      36.0      37.0       0.458538   180.000    45.000    90.000    0     119.892693      -0.209110
      5.00    -10.00      21.335800       0.000000       0.000000        37      36.0      37.0       0.458538   180.000    45.000    90.000    0     119.876602      -0.209680
      5.00     -5.00      16.667900       0.000000       0.000000        37      36.0      37.0       0.458538   180.000    45.000    90.000    0     119.860519      -0.210240
      5.00      0.00      12.000000       0.000000       0.000000        37      36.0      37.0       0.458538   180.000    45.000    90.000    0     119.844429      -0.210810
      5.00      5.00       7.332100       0.000000       0.000000        37      36.0      37.0       0.458538   180.000    45.000    90.000    0     119.828346      -0.211370
      5.00     10.00       2.664200       0.000000       0.000000        37      36.0      37.0       0.458538   180.000    45.000    90.000    0     119.812263      -0.211940
     10.00    -15.00      26.003710       0.000000       0.000000        37      36.0      37.0       0.458538   180.000    45.000    90.000    0     119.891121      -0.163920
     10.00    -10.00      21.335800       0.000000       0.000000        37      36.0      37.0       0.458538   180.000    45.000    90.000    0     119.875038      -0.164490
     10.00     -5.00      16.667900       0.000000       0.000000        37      36.0      37.0       0.458538   180.000    45.000    90.000    0     119.858948      -0.165050
     10.00      0.00      12.000000       0.000000       0.000000        37      36.0      37.0       0.458538   180.000    45.000    90.000    0     119.842873      -0.165620
     10.00      5.00       7.332100       0.000000       0.000000        37      36.0      37.0       0.458538   180.000    45.000    90.000    0     119.826782      -0.166180
     10.00     10.00       2.664200       0.000000       0.000000        37      36.0      37.0       0.458538   180.000    45.000    90.000    0     119.810692      -0.166750
     15.00    -15.00      26.003710       0.000000       0.000000        37      36.0      37.0       0.458538   180.000    45.000    90.000    0     119.889549      -0.118730
     15.00    -10.00      21.335800       0.000000       0.000000        37      36.0      37.0       0.458538   180.000    45.000    90.000    0     119.873466      -0.119300
     15.00     -5.00      16.667900       0.000000       0.000000        37      36.0      37.0       0.458538   180.000    45.000    90.000    0     119.857384      -0.119860
     15.00      0.00      12.000000       0.000000       0.000000        37      36.0      37.0       0.458538   180.000    45.000    90.000    0     119.841301      -0.120430
     15.00      5.00       7.332100       0.000000       0.000000        37      36.0      37.0       0.458538   180.000    45.000    90.000    0     119.825218      -0.120990
     15.00     10.00       2.664200       0.000000       0.000000        37      36.0      37.0       0.458538   180.000    45.000    90.000    0     119.809128      -0.121560
     20.00    -15.00      26.003710       0.000000       0.000000        37      36.0      37.0       0.458538   180.000    45.000    90.000    0     119.887978      -0.073540
     20.00    -10.00      21.335800       0.000000       0.000000        37      36.0      37.0       0.458538   180.000    45.000    90.000    0     119.871902      -0.074100
     20.00     -5.00      16.667900       0.000000       0.000000        37      36.0      37.0       0.458538   180.000    45.000    90.000    0     119.855812      -0.074670
     20.00      0.00      12.000000       0.000000       0.000000        37      36.0      37.0       0.458538   180.000    45.000    90.000    0     119.839737      -0.075240
     20.00      5.00       7.332100       0.000000       0.000000        37      36.0      37.0       0.458538   180.000    45.000    90.000    0     119.823647      -0.075800
     20.00     10.00       2.664200       0.000000       0.000000        37      36.0      37.0       0.458538   180.000    45.000    90.000    0     119.807564      -0.076370
     25.00    -15.00      26.003710       0.000000       0.000000        37      36.0      37.0       0.458538   180.000    45.000    90.000    0     119.886414      -0.028350
     25.00    -10.00      21.335800       0.000000       0.000000        37      36.0      37.0       0.458538   180.000    45.000    90.000    0     119.870331      -0.028910
     25.00     -5.00      16.667900       0.000000       0.000000        37      36.0      37.0       0.458538   180.000    45.000    90.000    0     119.854240      -0.029480
     25.00      0.00      12.000000       0.000000       0.000000        37      36.0      37.0       0.458538   180.000    45.000    90.000    0     119.838173      -0.030050
     25.00      5.00       7.332100       0.000000       0.000000        37      36.0      37.0       0.458538   180.000    45.000    90.000    0     119.822083      -0.030610
     25.00     10.00       2.664200       0.000000       0.000000        37      36.0      37.0       0.458538   180.000    45.000    90.000    0     119.806000      -0.031180
     30.00    -15.00      26.003710       0.000000       0.000000        37      36.0      37.0       0.458538   180.000    45.000    90.000    0     119.884850       0.016840
     30.00    -10.00      21.335800       0.000000       0.000000        37      36.0      37.0       0.458538   180.000    45.000    90.000    0     119.868759       0.016280
     30.00     -5.00      16.667900       0.000000       0.000000        37      36.0      37.0       0.458538   180.000    45.000    90.000    0     119.852669       0.015710
     30.00      0.00      12.000000       0.000000       0.000000        37      36.0      37.0       0.458538   180.000    45.000    90.000    0     119.836601       0.015150
     30.00      5.00       7.332100       0.000000       0.000000        37      36.0      37.0       0.458538   180.000    45.000    90.000    0     119.820518       0.014580
     30.00     10.00       2.664200       0.000000       0.000000        37      36.0      37.0       0.458538   180.000    45.000    90.000    0     119.804428       0.014020
     35.00    -15.00      26.003710       0.000000       0.000000        37      36.0      37.0       0.458538   180.000    45.000    90.000    0     119.883278       0.062030
     35.00    -10.00      21.335800       0.000000       0.000000        37      36.0      37.0       0.458538   180.000    45.000    90.000    0     119.867188       0.061470
     35.00     -5.00      16.667900       0.000000       0.000000        37      36.0      37.0       0.458538   180.000    45.000    90.000    0     119.851097       0.060900
     35.00      0.00      12.000000       0.000000       0.000000        37      36.0      37.0       0.458538   180.000    45.000    90.000    0     119.835037       0.060340
     35.00      5.00       7.332100       0.000000       0.000000        37      36.0      37.0       0.458538   180.000    45.000    90.000    0     119.818947       0.059770
     35.00     10.00       2.664200       0.000000       0.000000        37      36.0      37.0       0.458538   180.000    45.000    90.000    0     119.802856       0.059210
     40.00    -15.00      26.003710       0.000000       0.000000        37      36.0      37.0       0.458538   180.000    45.000    90.000    0     119.881706       0.107230
     40.00    -10.00      21.335800       0.000000       0.000000        37      36.0      37.0       0.458538   180.000    45.000    90.000    0     119.865623       0.106660
     40.00     -5.00      16.667900       0.000000       0.000000        37      36.0      37.0       0.458538   180.000    45.000    90.000    0     119.849533       0.106090
     40.00      0.00      12.000000       0.000000       0.000000        37      36.0      37.0       0.458538   180.000    45.000    90.000    0     119.833473       0.105530
     40.00      5.00       7.332100       0.000000       0.000000        37      36.0      37.0       0.458538   180.000    45.000    90.000    0     119.817390       0.104960
     40.00     10.00       2.664200       0.000000       0.000000        37      36.0      37.0       0.458538   180.000    45.000    90.000    0     119.801300       0.104400
     45.00    -15.00      26.003710       0.000000       0.000000        37      36.0      37.0       0.458538   180.000    45.000    90.000    0     119.880142       0.152420
     45.00    -10.00      21.335800       0.000000       0.000000        37      36.0      37.0       0.458538   180.000    45.000    90.000    0     119.864052       0.151850
     45.00     -5.00      16.667900       0.000000       0.000000        37      36.0      37.0       0.458538   180.000    45.000    90.000    0     119.847961       0.151280
     45.00      0.00      12.000000       0.000000       0.000000        37      36.0      37.0       0.458538   180.000    45.000    90.000    0     119.831909       0.150720
     45.00      5.00       7.332100       0.000000       0.000000        37      36.0      37.0       0.458538   180.000    45.000    90.000    0     119.815819       0.150150
     45.00     10.00       2.664200       0.000000       0.000000        37      36.0      37.0       0.458538   180.000    45.000    90.000    0     119.799728       0.149590
     50.00    -15.00      26.003710       0.000000       0.000000        37      36.0      37.0       0.458538   180.000    45.000    90.000    0     119.878571       0.197610
     50.00    -10.00      21.335800       0.000000       0.000000        37      36.0      37.0       0.458538   180.000    45.000    90.000    0     119.862480       0.197040
     50.00     -5.00      16.667900       0.000000       0.000000        37      36.0      37.0       0.458538   180.000    45.000    90.000    0     119.846390       0.196470
     50.00      0.00      12.000000       0.000000       0.000000        37      36.0      37.0       0.458538   180.000    45.000    90.000    0     119.830338       0.195910
     50.00      5.00       7.332100       0.000000       0.000000        37      36.0      37.0       0.458538   180.000    45.000    90.000    0     119.814247       0.195340
     50.00     10.00       2.664200       0.000000       0.000000        37      36.0      37.0       0.458538   180.000    45.000    90.000    0     119.798172       0.194780
