      xloc      yloc          depth         ave SR         max SR         #     start       end     max SR all       str       dip      rake flag
   -185.00    -15.00      26.003710       0.000000       0.000000        22      21.0      22.0       0.458538   180.000    45.000    90.000    0     119.952240      -1.926360
   -185.00    -10.00      21.335800       0.000000       0.000000        22      21.0      22.0       0.458538   180.000    45.000    90.000    0     119.936150      -1.926930
   -185.00     -5.00      16.667900       0.000000       0.000000        22      21.0      22.0       0.458538   180.000    45.000    90.000    0     119.920059      -1.927490
   -185.00      0.00      12.000000       0.000000       0.000000        22      21.0      22.0       0.458538   180.000    45.000    90.000    0     119.903961      -1.928060
   -185.00      5.00       7.332100       0.000000       0.000000        22      21.0      22.0       0.458538   180.000    45.000    90.000    0     119.887871      -1.928620
   -185.00     10.00       2.664200       0.000000       0.000000        22      21.0      22.0       0.458538   180.000    45.000    90.000    0     119.871780      -1.929190
   -180.00    -15.00      26.003710       0.000000       0.000000        22      21.0      22.0       0.458538   180.000    45.000    90.000    0     119.950684      -1.881170
   -180.00    -10.00      21.335800       0.000000       0.000000        22      21.0      22.0       0.458538   180.000    45.000    90.000    0     119.934578      -1.881740
   -180.00     -5.00      16.667900       0.000000       0.000000        22      21.0      22.0       0.458538   180.000    45.000    90.000    0     119.918488      -1.882300
   -180.00      0.00      12.000000       0.000000       0.000000        22      21.0      22.0       0.458538   180.000    45.000    90.000    0     119.902397      -1.882870
   -180.00      5.00       7.332100       0.000000       0.000000        22      21.0      22.0       0.458538   180.000    45.000    90.000    0     119.886299      -1.883430
   -180.00     10.00       2.664200       0.000000       0.000000        22      21.0      22.0       0.458538   180.000    45.000    90.000    0     119.870209      -1.884000
   -175.00    -15.00      26.003710       0.000000       0.000000        22      21.0      22.0       0.458538   180.000    45.000    90.000    0     119.949112      -1.835980
   -175.00    -10.00      21.335800       0.000000       0.000000        22      21.0      22.0       0.458538   180.000    45.000    90.000    0     119.933006      -1.836550
   -175.00     -5.00      16.667900       0.000000       0.000000        22      21.0      22.0       0.458538   180.000    45.000    90.000    0     119.916924      -1.837110
   -175.00      0.00      12.000000       0.000000       0.000000        22      21.0      22.0       0.458538   180.000    45.000    90.000    0     119.900833      -1.837680
   -175.00      5.00       7.332100       0.000000       0.000000        22      21.0      22.0       0.458538   180.000    45.000    90.000    0     119.884743      -1.838240
   -175.00     10.00       2.664200       0.000000       0.000000        22      21.0      22.0       0.458538   180.000    45.000    90.000    0     119.868637      -1.838810
   -170.00    -15.00      26.003710       0.000000       0.000000        22      21.0      22.0       0.458538   180.000    45.000    90.000    0     119.947540      -1.790790
   -170.00    -10.00      21.335800       0.000000       0.000000        22      21.0      22.0       0.458538   180.000    45.000    90.000    0     119.931450      -1.791360
   -170.00     -5.00      16.667900       0.000000       0.000000        22      21.0      22.0       0.458538   180.000    45.000    90.000    0     119.915352      -1.791920
   -170.00      0.00      12.000000       0.000000       0.000000        22      21.0      22.0       0.458538   180.000    45.000    90.000    0     119.899261      -1.792490
   -170.00      5.00       7.332100       0.000000       0.000000        22      21.0      22.0       0.458538   180.000    45.000    90.000    0     119.883171      -1.793050
   -170.00     10.00       2.664200       0.000000       0.000000        22      21.0      22.0       0.458538   180.000    45.000    90.000    0     119.867081      -1.793620
   -165.00    -15.00      26.003710       0.000000       0.000000        22      21.0      22.0       0.458538   180.000    45.000    90.000    0     119.945969      -1.745600
   -165.00    -10.00      21.335800       0.000000       0.000000        22      21.0      22.0       0.458538   180.000    45.000    90.000    0     119.929878      -1.746170
   -165.00     -5.00      16.667900       0.000000       0.000000        22      21.0      22.0       0.458538   180.000    45.000    90.000    0     119.913788      -1.746730
   -165.00      0.00      12.000000       0.000000       0.000000        22      21.0      22.0       0.458538   180.000    45.000    90.000    0     119.897690      -1.747300
   -165.00      5.00       7.332100       0.000000       0.000000        22      21.0      22.0       0.458538   180.000    45.000    90.000    0     119.881599      -1.747860
   -165.00     10.00       2.664200       0.000000       0.000000        22      21.0      22.0       0.458538   180.000    45.000    90.000    0     119.865509      -1.748430
   -160.00    -15.00      26.003710       0.000000       0.000000        22      21.0      22.0       0.458538   180.000    45.000    90.000    0     119.944397      -1.700410
   -160.00    -10.00      21.335800       0.000000       0.000000        22      21.0      22.0       0.458538   180.000    45.000    90.000    0     119.928307      -1.700980
   -160.00     -5.00      16.667900       0.000000       0.000000        22      21.0      22.0       0.458538   180.000    45.000    90.000    0     119.912216      -1.701540
   -160.00      0.00      12.000000       0.000000       0.000000        22      21.0      22.0       0.458538   180.000    45.000    90.000    0     119.896133      -1.702110
   -160.00      5.00       7.332100       0.000000       0.000000        22      21.0      22.0       0.458538   180.000    45.000    90.000    0     119.880028      -1.702670
   -160.00     10.00       2.664200       0.000000       0.000000        22      21.0      22.0       0.458538   180.000    45.000    90.000    0     119.863937      -1.703240
   -155.00    -15.00      26.003710       0.000000       0.000000        22      21.0      22.0       0.458538   180.000    45.000    90.000    0     119.942841      -1.655220
   -155.00    -10.00      21.335800       0.000000       0.000000        22      21.0      22.0       0.458538   180.000    45.000    90.000    0     119.926743      -1.655790
   -155.00     -5.00      16.667900       0.000000       0.000000        22      21.0      22.0       0.458538   180.000    45.000    90.000    0     119.910652      -1.656350
   -155.00      0.00      12.000000       0.000000       0.000000        22      21.0      22.0       0.458538   180.000    45.000    90.000    0     119.894562      -1.656920
   -155.00      5.00       7.332100       0.000000       0.000000        22      21.0      22.0       0.458538   180.000    45.000    90.000    0     119.878471      -1.657480
   -155.00     10.00       2.664200       0.000000       0.000000        22      21.0      22.0       0.458538   180.000    45.000    90.000    0     119.862373      -1.658050
   -150.00    -15.00      26.003710       0.000000       0.000000        22      21.0      22.0       0.458538   180.000    45.000    90.000    0     119.941269      -1.610030
   -150.00    -10.00      21.335800       0.000000       0.000000        22      21.0      22.0       0.458538   180.000    45.000    90.000    0     119.925179      -1.610590
   -150.00     -5.00      16.667900       0.000000       0.000000        22      21.0      22.0       0.458538   180.000    45.000    90.000    0     119.909081      -1.611160
   -150.00      0.00      12.000000       0.000000       0.000000        22      21.0      22.0       0.458538   180.000    45.000    90.000    0     119.892990      -1.611730
   -150.00      5.00       7.332100       0.000000       0.000000        22      21.0      22.0       0.458538   180.000    45.000    90.000    0     119.876900      -1.612290
   -150.00     10.00       2.664200       0.000000       0.000000        22      21.0      22.0       0.458538   180.000    45.000    90.000    0     119.860809      -1.612860
   -145.00    -15.00      26.003710       0.000000       0.000000        22      21.0      22.0       0.458538   180.000    45.000    90.000    0     119.939697      -1.564840
   -145.00    -10.00      21.335800       0.000000       0.000000        22      21.0      22.0       0.458538   180.000    45.000    90.000    0     119.923607      -1.565400
   -145.00     -5.00      16.667900       0.000000       0.000000        22      21.0      22.0       0.458538   180.000    45.000    90.000    0     119.907516      -1.565970
   -145.00      0.00      12.000000       0.000000       0.000000        22      21.0      22.0       0.458538   180.000    45.000    90.000    0     119.891418      -1.566530
   -145.00      5.00       7.332100       0.000000       0.000000        22      21.0      22.0       0.458538   180.000    45.000    90.000    0     119.875328      -1.567100
   -145.00     10.00       2.664200       0.000000       0.000000        22      21.0      22.0       0.458538   180.000    45.000    90.000    0     119.859238      -1.567660
   -140.00    -15.00      26.003710       0.000000       0.000000        22      21.0      22.0       0.458538   180.000    45.000    90.000    0     119.938133      -1.519650
   -140.00    -10.00      21.335800       0.000000       0.000000        22      21.0      22.0       0.458538   180.000    45.000    90.000    0     119.922043      -1.520210
   -140.00     -5.00      16.667900       0.000000       0.000000        22      21.0      22.0       0.458538   180.000    45.000    90.000    0     119.905952      -1.520780
   -140.00      0.00      12.000000       0.000000       0.000000        22      21.0      22.0       0.458538   180.000    45.000    90.000    0     119.889862      -1.521340
   -140.00      5.00       7.332100       0.000000       0.000000        22      21.0      22.0       0.458538   180.000    45.000    90.000    0     119.873772      -1.521910
   -140.00     10.00       2.664200       0.000000       0.000000        22      21.0      22.0       0.458538   180.000    45.000    90.000    0     119.857681      -1.522470
   -135.00    -15.00      26.003710       0.000000       0.000000        22      21.0      22.0       0.458538   180.000    45.000    90.000    0     119.936562      -1.474460
   -135.00    -10.00      21.335800       0.000000       0.000000        22      21.0      22.0       0.458538   180.000    45.000    90.000    0     119.920471      -1.475020
   -135.00     -5.00      16.667900       0.000000       0.000000        22      21.0      22.0       0.458538   180.000    45.000    90.000    0     119.904381      -1.475590
   -135.00      0.00      12.000000       0.000000       0.000000        22      21.0      22.0       0.458538   180.000    45.000    90.000    0     119.888290      -1.476150
   -135.00      5.00       7.332100       0.000000       0.000000        22      21.0      22.0       0.458538   180.000    45.000    90.000    0     119.872200      -1.476720
   -135.00     10.00       2.664200       0.000000       0.000000        22      21.0      22.0       0.458538   180.000    45.000    90.000    0     119.856110      -1.477280
   -130.00    -15.00      26.003710       0.000000       0.000000        22      21.0      22.0       0.458538   180.000    45.000    90.000    0     119.934998      -1.429270
   -130.00    -10.00      21.335800       0.000000       0.000000        22      21.0      22.0       0.458538   180.000    45.000    90.000    0     119.918907      -1.429830
   -130.00     -5.00      16.667900       0.000000       0.000000        22      21.0      22.0       0.458538   180.000    45.000    90.000    0     119.902809      -1.430400
   -130.00      0.00      12.000000       0.000000       0.000000        22      21.0      22.0       0.458538   180.000    45.000    90.000    0     119.886719      -1.430960
   -130.00      5.00       7.332100       0.000000       0.000000        22      21.0      22.0       0.458538   180.000    45.000    90.000    0     119.870628      -1.431530
   -130.00     10.00       2.664200       0.000000       0.000000        22      21.0      22.0       0.458538   180.000    45.000    90.000    0     119.854538      -1.432090
   -125.00    -15.00      26.003710       0.000000       0.000000        22      21.0      22.0       0.458538   180.000    45.000    90.000    0     119.933434      -1.384080
   -125.00    -10.00      21.335800       0.000000       0.000000        22      21.0      22.0       0.458538   180.000    45.000    90.000    0     119.917343      -1.384640
   -125.00     -5.00      16.667900       0.000000       0.000000        22      21.0      22.0       0.458538   180.000    45.000    90.000    0     119.901253      -1.385210
   -125.00      0.00      12.000000       0.000000       0.000000        22      21.0      22.0       0.458538   180.000    45.000    90.000    0     119.885162      -1.385770
   -125.00      5.00       7.332100       0.000000       0.000000        22      21.0      22.0       0.458538   180.000    45.000    90.000    0     119.869072      -1.386340
   -125.00     10.00       2.664200       0.000000       0.000000        22      21.0      22.0       0.458538   180.000    45.000    90.000    0     119.852982      -1.386900
   -120.00    -15.00      26.003710       0.000000       0.000000        22      21.0      22.0       0.458538   180.000    45.000    90.000    0     119.931862      -1.338890
   -120.00    -10.00      21.335800       0.000000       0.000000        22      21.0      22.0       0.458538   180.000    45.000    90.000    0     119.915771      -1.339450
   -120.00     -5.00      16.667900       0.000000       0.000000        22      21.0      22.0       0.458538   180.000    45.000    90.000    0     119.899681      -1.340020
   -120.00      0.00      12.000000       0.000000       0.000000        22      21.0      22.0       0.458538   180.000    45.000    90.000    0     119.883591      -1.340580
   -120.00      5.00       7.332100       0.000000       0.000000        22      21.0      22.0       0.458538   180.000    45.000    90.000    0     119.867500      -1.341150
   -120.00     10.00       2.664200       0.000000       0.000000        22      21.0      22.0       0.458538   180.000    45.000    90.000    0     119.851410      -1.341710
   -115.00    -15.00      26.003710       0.000000       0.000000        22      21.0      22.0       0.458538   180.000    45.000    90.000    0     119.930290      -1.293690
   -115.00    -10.00      21.335800       0.000000       0.000000        22      21.0      22.0       0.458538   180.000    45.000    90.000    0     119.914200      -1.294260
   -115.00     -5.00      16.667900       0.000000       0.000000        22      21.0      22.0       0.458538   180.000    45.000    90.000    0     119.898109      -1.294830
   -115.00      0.00      12.000000       0.000000       0.000000        22      21.0      22.0       0.458538   180.000    45.000    90.000    0     119.882019      -1.295390
   -115.00      5.00       7.332100       0.000000       0.000000        22      21.0      22.0       0.458538   180.000    45.000    90.000    0     119.865929      -1.295960
   -115.00     10.00       2.664200       0.000000       0.000000        22      21.0      22.0       0.458538   180.000    45.000    90.000    0     119.849838      -1.296520
   -110.00    -15.00      26.003710       0.033053       0.033053        22      21.0      22.0       0.458538   158.300    73.270    -6.790    0     119.928726      -1.248500
   -110.00    -10.00      21.335800       0.031564       0.031564        22      21.0      22.0       0.458538   157.190    54.180    17.010    0     119.912643      -1.249070
   -110.00     -5.00      16.667900       0.035207       0.035207        22      21.0      22.0       0.458538   334.220    58.310    -5.270    0     119.896553      -1.249630
   -110.00      0.00      12.000000       0.039794       0.039794        22      21.0      22.0       0.458538   339.510    73.620   -10.120    0     119.880463      -1.250200
   -110.00      5.00       7.332100       0.044536       0.044536        22      21.0      22.0       0.458538   154.230    86.320   -34.720    0     119.864372      -1.250760
   -110.00     10.00       2.664200       0.040612       0.040612        22      21.0      22.0       0.458538   153.590    75.210   -27.480    0     119.848282      -1.251330
   -105.00    -15.00      26.003710       0.070834       0.070834        22      21.0      22.0       0.458538    21.900    19.710     2.900    0     119.927162      -1.203310
   -105.00    -10.00      21.335800       0.074519       0.074519        22      21.0      22.0       0.458538     8.200    51.120    27.150    0     119.911072      -1.203880
   -105.00     -5.00      16.667900       0.069570       0.069570        22      21.0      22.0       0.458538   173.130    80.810    12.530    0     119.894981      -1.204440
   -105.00      0.00      12.000000       0.087835       0.087835        22      21.0      22.0       0.458538   167.630    49.240   -11.160    0     119.878891      -1.205010
   -105.00      5.00       7.332100       0.128206       0.128206        22      21.0      22.0       0.458538   150.680    46.720   -26.830    0     119.862801      -1.205570
   -105.00     10.00       2.664200       0.116346       0.116346        22      21.0      22.0       0.458538   153.000    53.950   -23.430    0     119.846710      -1.206140
   -100.00    -15.00      26.003710       0.095261       0.095261        22      21.0      22.0       0.458538    36.110    40.600    30.400    0     119.925591      -1.158120
   -100.00    -10.00      21.335800       0.109431       0.109431        22      21.0      22.0       0.458538    17.640    50.330    24.080    0     119.909500      -1.158690
   -100.00     -5.00      16.667900       0.103171       0.103171        22      21.0      22.0       0.458538   184.620    84.570     6.640    0     119.893410      -1.159250
   -100.00      0.00      12.000000       0.124448       0.124448        22      21.0      22.0       0.458538   176.080    53.990   -13.470    0     119.877319      -1.159820
   -100.00      5.00       7.332100       0.170347       0.170347        22      21.0      22.0       0.458538   158.980    49.620   -30.260    0     119.861229      -1.160380
   -100.00     10.00       2.664200       0.160238       0.160238        22      21.0      22.0       0.458538   161.680    54.780   -22.600    0     119.845207      -1.160950
    -95.00    -15.00      26.003710       0.104543       0.104543        22      21.0      22.0       0.458538    34.110    51.690    41.130    0     119.924026      -1.112930
    -95.00    -10.00      21.335800       0.124541       0.124541        22      21.0      22.0       0.458538    18.660    56.910    18.600    0     119.907944      -1.113500
    -95.00     -5.00      16.667900       0.143179       0.143179        22      21.0      22.0       0.458538   190.040    85.900    14.020    0     119.891853      -1.114060
    -95.00      0.00      12.000000       0.157021       0.157021        22      21.0      22.0       0.458538   184.130    74.370     6.070    0     119.875763      -1.114630
    -95.00      5.00       7.332100       0.188261       0.188261        22      21.0      22.0       0.458538   170.680    56.960   -20.740    0     119.859673      -1.115190
    -95.00     10.00       2.664200       0.185510       0.185510        22      21.0      22.0       0.458538   172.990    67.790    -6.620    0     119.843643      -1.115760
    -90.00    -15.00      26.003710       0.098893       0.098893        22      21.0      22.0       0.458538    30.500    54.990    39.960    0     119.922462      -1.067740
    -90.00    -10.00      21.335800       0.132047       0.132047        22      21.0      22.0       0.458538    16.500    73.260     2.270    0     119.906372      -1.068310
    -90.00     -5.00      16.667900       0.182789       0.182789        22      21.0      22.0       0.458538   191.340    89.220    23.380    0     119.890282      -1.068870
    -90.00      0.00      12.000000       0.210357       0.210357        22      21.0      22.0       0.458538     1.840    85.260   -27.470    0     119.874191      -1.069440
    -90.00      5.00       7.332100       0.219779       0.219779        22      21.0      22.0       0.458538   357.010    88.840   -16.110    0     119.858101      -1.070000
    -90.00     10.00       2.664200       0.229392       0.229392        22      21.0      22.0       0.458538   355.410    87.540   -18.940    0     119.842072      -1.070570
    -85.00    -15.00      26.003710       0.093452       0.093452        22      21.0      22.0       0.458538   217.770    54.690    52.280    0     119.920891      -1.022550
    -85.00    -10.00      21.335800       0.154622       0.154622        22      21.0      22.0       0.458538   199.580    83.930    20.010    0     119.904800      -1.023120
    -85.00     -5.00      16.667900       0.214258       0.214258        22      21.0      22.0       0.458538   191.710    89.860    29.250    0     119.888710      -1.023680
    -85.00      0.00      12.000000       0.264918       0.264918        22      21.0      22.0       0.458538     1.350    81.910   -32.730    0     119.872620      -1.024250
    -85.00      5.00       7.332100       0.275494       0.275494        22      21.0      22.0       0.458538   355.720    79.300   -27.620    0     119.856537      -1.024810
    -85.00     10.00       2.664200       0.284845       0.284845        22      21.0      22.0       0.458538   355.500    80.820   -26.170    0     119.840500      -1.025380
    -80.00    -15.00      26.003710       0.109613       0.109613        22      21.0      22.0       0.458538   204.860    72.120    29.560    0     119.919319      -0.977360
    -80.00    -10.00      21.335800       0.180320       0.180320        22      21.0      22.0       0.458538   200.510    80.830    28.540    0     119.903236      -0.977920
    -80.00     -5.00      16.667900       0.236334       0.236334        22      21.0      22.0       0.458538    10.730    88.330   -32.080    0     119.887154      -0.978490
    -80.00      0.00      12.000000       0.296198       0.296198        22      21.0      22.0       0.458538     1.510    81.820   -32.230    0     119.871063      -0.979050
    -80.00      5.00       7.332100       0.320335       0.320335        22      21.0      22.0       0.458538   355.490    76.530   -29.840    0     119.854973      -0.979620
    -80.00     10.00       2.664200       0.330622       0.330622        22      21.0      22.0       0.458538   355.310    77.400   -27.770    0     119.838928      -0.980190
    -75.00    -15.00      26.003710       0.117850       0.117850        22      21.0      22.0       0.458538   206.820    73.740    33.830    0     119.917763      -0.932170
    -75.00    -10.00      21.335800       0.195267       0.195267        22      21.0      22.0       0.458538   198.260    85.680    35.450    0     119.901672      -0.932730
    -75.00     -5.00      16.667900       0.247620       0.247620        22      21.0      22.0       0.458538     8.800    85.590   -33.770    0     119.885582      -0.933300
    -75.00      0.00      12.000000       0.305020       0.305020        22      21.0      22.0       0.458538   359.670    79.120   -30.530    0     119.869492      -0.933860
    -75.00      5.00       7.332100       0.345721       0.345721        22      21.0      22.0       0.458538   354.650    73.980   -29.260    0     119.853401      -0.934430
    -75.00     10.00       2.664200       0.359720       0.359720        22      21.0      22.0       0.458538   353.890    73.540   -27.000    0     119.837357      -0.934990
    -70.00    -15.00      26.003710       0.111525       0.111525        22      21.0      22.0       0.458538   206.000    78.670    37.250    0     119.916191      -0.886980
    -70.00    -10.00      21.335800       0.191363       0.191363        22      21.0      22.0       0.458538   195.250    89.420    39.070    0     119.900101      -0.887540
    -70.00     -5.00      16.667900       0.246205       0.246205        22      21.0      22.0       0.458538     4.060    79.500   -33.420    0     119.884010      -0.888110
    -70.00      0.00      12.000000       0.301463       0.301463        22      21.0      22.0       0.458538   355.660    73.220   -28.660    0     119.867928      -0.888670
    -70.00      5.00       7.332100       0.352728       0.352728        22      21.0      22.0       0.458538   352.200    69.360   -26.960    0     119.851837      -0.889240
    -70.00     10.00       2.664200       0.372044       0.372044        22      21.0      22.0       0.458538   351.140    68.140   -24.820    0     119.835793      -0.889800
    -65.00    -15.00      26.003710       0.103202       0.103202        22      21.0      22.0       0.458538   203.140    85.920    46.570    0     119.914619      -0.841790
    -65.00    -10.00      21.335800       0.176273       0.176273        22      21.0      22.0       0.458538    10.280    83.700   -43.740    0     119.898537      -0.842350
    -65.00     -5.00      16.667900       0.235117       0.235117        22      21.0      22.0       0.458538   357.220    70.070   -31.950    0     119.882446      -0.842920
    -65.00      0.00      12.000000       0.295549       0.295549        22      21.0      22.0       0.458538   349.960    63.790   -26.900    0     119.866364      -0.843480
    -65.00      5.00       7.332100       0.343327       0.343327        22      21.0      22.0       0.458538   348.730    63.530   -23.990    0     119.850273      -0.844050
    -65.00     10.00       2.664200       0.367212       0.367212        22      21.0      22.0       0.458538   347.840    62.360   -22.550    0     119.834221      -0.844610
    -60.00    -15.00      26.003710       0.100211       0.100211        22      21.0      22.0       0.458538    17.370    84.620   -61.750    0     119.913063      -0.796600
    -60.00    -10.00      21.335800       0.152483       0.152483        22      21.0      22.0       0.458538     2.620    75.630   -46.430    0     119.896973      -0.797160
    -60.00     -5.00      16.667900       0.216840       0.216840        22      21.0      22.0       0.458538   348.110    58.550   -30.550    0     119.880882      -0.797730
    -60.00      0.00      12.000000       0.279494       0.279494        22      21.0      22.0       0.458538   345.190    55.830   -25.430    0     119.864792      -0.798290
    -60.00      5.00       7.332100       0.319452       0.319452        22      21.0      22.0       0.458538   345.550    58.360   -21.430    0     119.848701      -0.798860
    -60.00     10.00       2.664200       0.339976       0.339976        22      21.0      22.0       0.458538   345.180    58.120   -20.720    0     119.832657      -0.799420
    -55.00    -15.00      26.003710       0.097646       0.097646        22      21.0      22.0       0.458538    17.830    83.400   -73.860    0     119.911491      -0.751410
    -55.00    -10.00      21.335800       0.128186       0.128186        22      21.0      22.0       0.458538   349.220    63.940   -42.830    0     119.895401      -0.751970
    -55.00     -5.00      16.667900       0.190028       0.190028        22      21.0      22.0       0.458538   338.320    48.140   -33.690    0     119.879311      -0.752540
    -55.00      0.00      12.000000       0.251712       0.251712        22      21.0      22.0       0.458538   339.210    48.350   -29.720    0     119.863228      -0.753100
    -55.00      5.00       7.332100       0.275234       0.275234        22      21.0      22.0       0.458538   341.710    54.570   -22.590    0     119.847137      -0.753670
    -55.00     10.00       2.664200       0.284854       0.284854        22      21.0      22.0       0.458538   343.730    57.460   -17.940    0     119.831093      -0.754230
    -50.00    -15.00      26.003710       0.091347       0.091347        22      21.0      22.0       0.458538   154.040     9.820  -131.090    0     119.909920      -0.706210
    -50.00    -10.00      21.335800       0.114245       0.114245        22      21.0      22.0       0.458538   322.110    42.220   -35.270    0     119.893837      -0.706780
    -50.00     -5.00      16.667900       0.159669       0.159669        22      21.0      22.0       0.458538   321.110    35.650   -52.440    0     119.877747      -0.707340
    -50.00      0.00      12.000000       0.210645       0.210645        22      21.0      22.0       0.458538   320.950    35.140   -55.790    0     119.861656      -0.707910
    -50.00      5.00       7.332100       0.228270       0.228270        22      21.0      22.0       0.458538   135.130    60.250   -64.010    0     119.845612      -0.708470
    -50.00     10.00       2.664200       0.229775       0.229775        22      21.0      22.0       0.458538   154.330    73.610   -36.410    0     119.829521      -0.709040
    -45.00    -15.00      26.003710       0.068375       0.068375        22      21.0      22.0       0.458538   192.170    10.850   -87.200    0     119.908363      -0.661020
    -45.00    -10.00      21.335800       0.094657       0.094657        22      21.0      22.0       0.458538    67.990    68.960  -121.790    1     119.892273      -0.661590
    -45.00     -5.00      16.667900       0.123299       0.123299        22      21.0      22.0       0.458538   121.040    64.350   -78.060    1     119.876183      -0.662150
    -45.00      0.00      12.000000       0.155071       0.155071        22      21.0      22.0       0.458538   139.700    65.840   -56.050    0     119.860092      -0.662720
    -45.00      5.00       7.332100       0.179205       0.179205        22      21.0      22.0       0.458538   142.790    63.790   -48.350    0     119.844040      -0.663280
    -45.00     10.00       2.664200       0.172118       0.172118        22      21.0      22.0       0.458538   152.150    70.410   -39.180    0     119.827950      -0.663850
    -40.00    -15.00      26.003710       0.040281       0.040281        22      21.0      22.0       0.458538    73.010    57.610   -99.810    1     119.906792      -0.615830
    -40.00    -10.00      21.335800       0.044964       0.044964        22      21.0      22.0       0.458538    78.340    47.250  -133.090    1     119.890701      -0.616400
    -40.00     -5.00      16.667900       0.067084       0.067084        22      21.0      22.0       0.458538   119.350    70.570   -84.670    1     119.874619      -0.616960
    -40.00      0.00      12.000000       0.053964       0.053964        22      21.0      22.0       0.458538   147.720    74.810   -38.080    0     119.858528      -0.617530
    -40.00      5.00       7.332100       0.057662       0.057662        22      21.0      22.0       0.458538   146.550    57.970   -33.850    0     119.842468      -0.618090
    -40.00     10.00       2.664200       0.059042       0.059042        22      21.0      22.0       0.458538   150.890    68.680   -38.710    0     119.826378      -0.618660
    -35.00    -15.00      26.003710       0.000000       0.000000        22      21.0      22.0       0.458538   180.000    45.000    90.000    0     119.905220      -0.570640
    -35.00    -10.00      21.335800       0.000000       0.000000        22      21.0      22.0       0.458538   180.000    45.000    90.000    0     119.889137      -0.571210
    -35.00     -5.00      16.667900       0.000000       0.000000        22      21.0      22.0       0.458538   180.000    45.000    90.000    0     119.873047      -0.571770
    -35.00      0.00      12.000000       0.000000       0.000000        22      21.0      22.0       0.458538   180.000    45.000    90.000    0     119.856956      -0.572340
    -35.00      5.00       7.332100       0.000000       0.000000        22      21.0      22.0       0.458538   180.000    45.000    90.000    0     119.840897      -0.572900
    -35.00     10.00       2.664200       0.000000       0.000000        22      21.0      22.0       0.458538   180.000    45.000    90.000    0     119.824806      -0.573470
    -30.00    -15.00      26.003710       0.000000       0.000000        22      21.0      22.0       0.458538   180.000    45.000    90.000    0     119.903664      -0.525450
    -30.00    -10.00      21.335800       0.000000       0.000000        22      21.0      22.0       0.458538   180.000    45.000    90.000    0     119.887573      -0.526020
    -30.00     -5.00      16.667900       0.000000       0.000000        22      21.0      22.0       0.458538   180.000    45.000    90.000    0     119.871483      -0.526580
    -30.00      0.00      12.000000       0.000000       0.000000        22      21.0      22.0       0.458538   180.000    45.000    90.000    0     119.855400      -0.527150
    -30.00      5.00       7.332100       0.000000       0.000000        22      21.0      22.0       0.458538   180.000    45.000    90.000    0     119.839333      -0.527710
    -30.00     10.00       2.664200       0.000000       0.000000        22      21.0      22.0       0.458538   180.000    45.000    90.000    0     119.823242      -0.528280
    -25.00    -15.00      26.003710       0.000000       0.000000        22      21.0      22.0       0.458538   180.000    45.000    90.000    0     119.902092      -0.480260
    -25.00    -10.00      21.335800       0.000000       0.000000        22      21.0      22.0       0.458538   180.000    45.000    90.000    0     119.886002      -0.480820
    -25.00     -5.00      16.667900       0.000000       0.000000        22      21.0      22.0       0.458538   180.000    45.000    90.000    0     119.869919      -0.481390
    -25.00      0.00      12.000000       0.000000       0.000000        22      21.0      22.0       0.458538   180.000    45.000    90.000    0     119.853828      -0.481950
    -25.00      5.00       7.332100       0.000000       0.000000        22      21.0      22.0       0.458538   180.000    45.000    90.000    0     119.837761      -0.482520
    -25.00     10.00       2.664200       0.000000       0.000000        22      21.0      22.0       0.458538   180.000    45.000    90.000    0     119.821671      -0.483090
    -20.00    -15.00      26.003710       0.000000       0.000000        22      21.0      22.0       0.458538   180.000    45.000    90.000    0     119.900528      -0.435070
    -20.00    -10.00      21.335800       0.000000       0.000000        22      21.0      22.0       0.458538   180.000    45.000    90.000    0     119.884438      -0.435630
    -20.00     -5.00      16.667900       0.000000       0.000000        22      21.0      22.0       0.458538   180.000    45.000    90.000    0     119.868347      -0.436200
    -20.00      0.00      12.000000       0.000000       0.000000        22      21.0      22.0       0.458538   180.000    45.000    90.000    0     119.852257      -0.436760
    -20.00      5.00       7.332100       0.000000       0.000000        22      21.0      22.0       0.458538   180.000    45.000    90.000    0     119.836189      -0.437330
    -20.00     10.00       2.664200       0.000000       0.000000        22      21.0      22.0       0.458538   180.000    45.000    90.000    0     119.820099      -0.437900
    -15.00    -15.00      26.003710       0.000000       0.000000        22      21.0      22.0       0.458538   180.000    45.000    90.000    0     119.898956      -0.389880
    -15.00    -10.00      21.335800       0.000000       0.000000        22      21.0      22.0       0.458538   180.000    45.000    90.000    0     119.882874      -0.390440
    -15.00     -5.00      16.667900       0.000000       0.000000        22      21.0      22.0       0.458538   180.000    45.000    90.000    0     119.866791      -0.391010
    -15.00      0.00      12.000000       0.000000       0.000000        22      21.0      22.0       0.458538   180.000    45.000    90.000    0     119.850700      -0.391570
    -15.00      5.00       7.332100       0.000000       0.000000        22      21.0      22.0       0.458538   180.000    45.000    90.000    0     119.834618      -0.392140
    -15.00     10.00       2.664200       0.000000       0.000000        22      21.0      22.0       0.458538   180.000    45.000    90.000    0     119.818527      -0.392700
    -10.00    -15.00      26.003710       0.000000       0.000000        22      21.0      22.0       0.458538   180.000    45.000    90.000    0     119.897392      -0.344690
    -10.00    -10.00      21.335800       0.000000       0.000000        22      21.0      22.0       0.458538   180.000    45.000    90.000    0     119.881310      -0.345250
    -10.00     -5.00      16.667900       0.000000       0.000000        22      21.0      22.0       0.458538   180.000    45.000    90.000    0     119.865219      -0.345820
    -10.00      0.00      12.000000       0.000000       0.000000        22      21.0      22.0       0.458538   180.000    45.000    90.000    0     119.849129      -0.346380
    -10.00      5.00       7.332100       0.000000       0.000000        22      21.0      22.0       0.458538   180.000    45.000    90.000    0     119.833054      -0.346950
    -10.00     10.00       2.664200       0.000000       0.000000        22      21.0      22.0       0.458538   180.000    45.000    90.000    0     119.816963      -0.347510
     -5.00    -15.00      26.003710       0.000000       0.000000        22      21.0      22.0       0.458538   180.000    45.000    90.000    0     119.895828      -0.299500
     -5.00    -10.00      21.335800       0.000000       0.000000        22      21.0      22.0       0.458538   180.000    45.000    90.000    0     119.879738      -0.300060
     -5.00     -5.00      16.667900       0.000000       0.000000        22      21.0      22.0       0.458538   180.000    45.000    90.000    0     119.863647      -0.300630
     -5.00      0.00      12.000000       0.000000       0.000000        22      21.0      22.0       0.458538   180.000    45.000    90.000    0     119.847572      -0.301190
     -5.00      5.00       7.332100       0.000000       0.000000        22      21.0      22.0       0.458538   180.000    45.000    90.000    0     119.831482      -0.301760
     -5.00     10.00       2.664200       0.000000       0.000000        22      21.0      22.0       0.458538   180.000    45.000    90.000    0     119.815399      -0.302320
      0.00    -15.00      26.003710       0.000000       0.000000        22      21.0      22.0       0.458538   180.000    45.000    90.000    0     119.894257      -0.254300
      0.00    -10.00      21.335800       0.000000       0.000000        22      21.0      22.0       0.458538   180.000    45.000    90.000    0     119.878166      -0.254870
      0.00     -5.00      16.667900       0.000000       0.000000        22      21.0      22.0       0.458538   180.000    45.000    90.000    0     119.862091      -0.255430
      0.00      0.00      12.000000       0.000000       0.000000        22      21.0      22.0       0.458538   180.000    45.000    90.000    0     119.846001      -0.256000
      0.00      5.00       7.332100       0.000000       0.000000        22      21.0      22.0       0.458538   180.000    45.000    90.000    0     119.829910      -0.256570
      0.00     10.00       2.664200       0.000000       0.000000        22      21.0      22.0       0.458538   180.000    45.000    90.000    0     119.813828      -0.257130
      5.00    -15.00      26.003710       0.000000       0.000000        22      21.0      22.0       0.458538   180.000    45.000    90.000    0     119.892693      -0.209110
      5.00    -10.00      21.335800       0.000000       0.000000        22      21.0      22.0       0.458538   180.000    45.000    90.000    0     119.876602      -0.209680
      5.00     -5.00      16.667900       0.000000       0.000000        22      21.0      22.0       0.458538   180.000    45.000    90.000    0     119.860519      -0.210240
      5.00      0.00      12.000000       0.000000       0.000000        22      21.0      22.0       0.458538   180.000    45.000    90.000    0     119.844429      -0.210810
      5.00      5.00       7.332100       0.000000       0.000000        22      21.0      22.0       0.458538   180.000    45.000    90.000    0     119.828346      -0.211370
      5.00     10.00       2.664200       0.000000       0.000000        22      21.0      22.0       0.458538   180.000    45.000    90.000    0     119.812263      -0.211940
     10.00    -15.00      26.003710       0.000000       0.000000        22      21.0      22.0       0.458538   180.000    45.000    90.000    0     119.891121      -0.163920
     10.00    -10.00      21.335800       0.000000       0.000000        22      21.0      22.0       0.458538   180.000    45.000    90.000    0     119.875038      -0.164490
     10.00     -5.00      16.667900       0.000000       0.000000        22      21.0      22.0       0.458538   180.000    45.000    90.000    0     119.858948      -0.165050
     10.00      0.00      12.000000       0.000000       0.000000        22      21.0      22.0       0.458538   180.000    45.000    90.000    0     119.842873      -0.165620
     10.00      5.00       7.332100       0.000000       0.000000        22      21.0      22.0       0.458538   180.000    45.000    90.000    0     119.826782      -0.166180
     10.00     10.00       2.664200       0.000000       0.000000        22      21.0      22.0       0.458538   180.000    45.000    90.000    0     119.810692      -0.166750
     15.00    -15.00      26.003710       0.000000       0.000000        22      21.0      22.0       0.458538   180.000    45.000    90.000    0     119.889549      -0.118730
     15.00    -10.00      21.335800       0.000000       0.000000        22      21.0      22.0       0.458538   180.000    45.000    90.000    0     119.873466      -0.119300
     15.00     -5.00      16.667900       0.000000       0.000000        22      21.0      22.0       0.458538   180.000    45.000    90.000    0     119.857384      -0.119860
     15.00      0.00      12.000000       0.000000       0.000000        22      21.0      22.0       0.458538   180.000    45.000    90.000    0     119.841301      -0.120430
     15.00      5.00       7.332100       0.000000       0.000000        22      21.0      22.0       0.458538   180.000    45.000    90.000    0     119.825218      -0.120990
     15.00     10.00       2.664200       0.000000       0.000000        22      21.0      22.0       0.458538   180.000    45.000    90.000    0     119.809128      -0.121560
     20.00    -15.00      26.003710       0.000000       0.000000        22      21.0      22.0       0.458538   180.000    45.000    90.000    0     119.887978      -0.073540
     20.00    -10.00      21.335800       0.000000       0.000000        22      21.0      22.0       0.458538   180.000    45.000    90.000    0     119.871902      -0.074100
     20.00     -5.00      16.667900       0.000000       0.000000        22      21.0      22.0       0.458538   180.000    45.000    90.000    0     119.855812      -0.074670
     20.00      0.00      12.000000       0.000000       0.000000        22      21.0      22.0       0.458538   180.000    45.000    90.000    0     119.839737      -0.075240
     20.00      5.00       7.332100       0.000000       0.000000        22      21.0      22.0       0.458538   180.000    45.000    90.000    0     119.823647      -0.075800
     20.00     10.00       2.664200       0.000000       0.000000        22      21.0      22.0       0.458538   180.000    45.000    90.000    0     119.807564      -0.076370
     25.00    -15.00      26.003710       0.000000       0.000000        22      21.0      22.0       0.458538   180.000    45.000    90.000    0     119.886414      -0.028350
     25.00    -10.00      21.335800       0.000000       0.000000        22      21.0      22.0       0.458538   180.000    45.000    90.000    0     119.870331      -0.028910
     25.00     -5.00      16.667900       0.000000       0.000000        22      21.0      22.0       0.458538   180.000    45.000    90.000    0     119.854240      -0.029480
     25.00      0.00      12.000000       0.000000       0.000000        22      21.0      22.0       0.458538   180.000    45.000    90.000    0     119.838173      -0.030050
     25.00      5.00       7.332100       0.000000       0.000000        22      21.0      22.0       0.458538   180.000    45.000    90.000    0     119.822083      -0.030610
     25.00     10.00       2.664200       0.000000       0.000000        22      21.0      22.0       0.458538   180.000    45.000    90.000    0     119.806000      -0.031180
     30.00    -15.00      26.003710       0.000000       0.000000        22      21.0      22.0       0.458538   180.000    45.000    90.000    0     119.884850       0.016840
     30.00    -10.00      21.335800       0.000000       0.000000        22      21.0      22.0       0.458538   180.000    45.000    90.000    0     119.868759       0.016280
     30.00     -5.00      16.667900       0.000000       0.000000        22      21.0      22.0       0.458538   180.000    45.000    90.000    0     119.852669       0.015710
     30.00      0.00      12.000000       0.000000       0.000000        22      21.0      22.0       0.458538   180.000    45.000    90.000    0     119.836601       0.015150
     30.00      5.00       7.332100       0.000000       0.000000        22      21.0      22.0       0.458538   180.000    45.000    90.000    0     119.820518       0.014580
     30.00     10.00       2.664200       0.000000       0.000000        22      21.0      22.0       0.458538   180.000    45.000    90.000    0     119.804428       0.014020
     35.00    -15.00      26.003710       0.000000       0.000000        22      21.0      22.0       0.458538   180.000    45.000    90.000    0     119.883278       0.062030
     35.00    -10.00      21.335800       0.000000       0.000000        22      21.0      22.0       0.458538   180.000    45.000    90.000    0     119.867188       0.061470
     35.00     -5.00      16.667900       0.000000       0.000000        22      21.0      22.0       0.458538   180.000    45.000    90.000    0     119.851097       0.060900
     35.00      0.00      12.000000       0.000000       0.000000        22      21.0      22.0       0.458538   180.000    45.000    90.000    0     119.835037       0.060340
     35.00      5.00       7.332100       0.000000       0.000000        22      21.0      22.0       0.458538   180.000    45.000    90.000    0     119.818947       0.059770
     35.00     10.00       2.664200       0.000000       0.000000        22      21.0      22.0       0.458538   180.000    45.000    90.000    0     119.802856       0.059210
     40.00    -15.00      26.003710       0.069152       0.069152        22      21.0      22.0       0.458538   116.120    85.140   -83.920    1     119.881706       0.107230
     40.00    -10.00      21.335800       0.040229       0.040229        22      21.0      22.0       0.458538   147.760    17.910    13.780    0     119.865623       0.106660
     40.00     -5.00      16.667900       0.050008       0.050008        22      21.0      22.0       0.458538   323.970    30.100    -5.060    0     119.849533       0.106090
     40.00      0.00      12.000000       0.029511       0.029511        22      21.0      22.0       0.458538   144.140    73.650    49.000    0     119.833473       0.105530
     40.00      5.00       7.332100       0.038359       0.038359        22      21.0      22.0       0.458538   198.070    26.780    50.980    0     119.817390       0.104960
     40.00     10.00       2.664200       0.015878       0.015878        22      21.0      22.0       0.458538   177.780    66.760    61.480    0     119.801300       0.104400
     45.00    -15.00      26.003710       0.101483       0.101483        22      21.0      22.0       0.458538   339.830    87.730    58.030    0     119.880142       0.152420
     45.00    -10.00      21.335800       0.076179       0.076179        22      21.0      22.0       0.458538   325.090    82.820    48.420    0     119.864052       0.151850
     45.00     -5.00      16.667900       0.080494       0.080494        22      21.0      22.0       0.458538   320.600    81.150    59.940    0     119.847961       0.151280
     45.00      0.00      12.000000       0.067693       0.067693        22      21.0      22.0       0.458538    25.720    72.390   150.810    0     119.831909       0.150720
     45.00      5.00       7.332100       0.043982       0.043982        22      21.0      22.0       0.458538   145.180    88.190    24.530    0     119.815819       0.150150
     45.00     10.00       2.664200       0.041890       0.041890        22      21.0      22.0       0.458538   165.990    80.440    55.920    0     119.799728       0.149590
     50.00    -15.00      26.003710       0.080840       0.080840        22      21.0      22.0       0.458538   142.340    87.190   -62.850    0     119.878571       0.197610
     50.00    -10.00      21.335800       0.075741       0.075741        22      21.0      22.0       0.458538   315.520    88.700    49.890    0     119.862480       0.197040
     50.00     -5.00      16.667900       0.079961       0.079961        22      21.0      22.0       0.458538   127.840    81.710   -44.680    1     119.846390       0.196470
     50.00      0.00      12.000000       0.073586       0.073586        22      21.0      22.0       0.458538   215.940    85.590  -129.590    0     119.830338       0.195910
     50.00      5.00       7.332100       0.041591       0.041591        22      21.0      22.0       0.458538   138.040    58.270    -1.340    0     119.814247       0.195340
     50.00     10.00       2.664200       0.031385       0.031385        22      21.0      22.0       0.458538   154.380    79.140    52.010    0     119.798172       0.194780
