      xloc      yloc          depth         ave SR         max SR         #     start       end     max SR all       str       dip      rake flag
   -185.00    -15.00      26.003710       0.000000       0.000000        27      26.0      27.0       0.458538   180.000    45.000    90.000    0     119.952240      -1.926360
   -185.00    -10.00      21.335800       0.000000       0.000000        27      26.0      27.0       0.458538   180.000    45.000    90.000    0     119.936150      -1.926930
   -185.00     -5.00      16.667900       0.000000       0.000000        27      26.0      27.0       0.458538   180.000    45.000    90.000    0     119.920059      -1.927490
   -185.00      0.00      12.000000       0.000000       0.000000        27      26.0      27.0       0.458538   180.000    45.000    90.000    0     119.903961      -1.928060
   -185.00      5.00       7.332100       0.000000       0.000000        27      26.0      27.0       0.458538   180.000    45.000    90.000    0     119.887871      -1.928620
   -185.00     10.00       2.664200       0.000000       0.000000        27      26.0      27.0       0.458538   180.000    45.000    90.000    0     119.871780      -1.929190
   -180.00    -15.00      26.003710       0.000000       0.000000        27      26.0      27.0       0.458538   180.000    45.000    90.000    0     119.950684      -1.881170
   -180.00    -10.00      21.335800       0.000000       0.000000        27      26.0      27.0       0.458538   180.000    45.000    90.000    0     119.934578      -1.881740
   -180.00     -5.00      16.667900       0.000000       0.000000        27      26.0      27.0       0.458538   180.000    45.000    90.000    0     119.918488      -1.882300
   -180.00      0.00      12.000000       0.000000       0.000000        27      26.0      27.0       0.458538   180.000    45.000    90.000    0     119.902397      -1.882870
   -180.00      5.00       7.332100       0.000000       0.000000        27      26.0      27.0       0.458538   180.000    45.000    90.000    0     119.886299      -1.883430
   -180.00     10.00       2.664200       0.000000       0.000000        27      26.0      27.0       0.458538   180.000    45.000    90.000    0     119.870209      -1.884000
   -175.00    -15.00      26.003710       0.000000       0.000000        27      26.0      27.0       0.458538   180.000    45.000    90.000    0     119.949112      -1.835980
   -175.00    -10.00      21.335800       0.000000       0.000000        27      26.0      27.0       0.458538   180.000    45.000    90.000    0     119.933006      -1.836550
   -175.00     -5.00      16.667900       0.000000       0.000000        27      26.0      27.0       0.458538   180.000    45.000    90.000    0     119.916924      -1.837110
   -175.00      0.00      12.000000       0.000000       0.000000        27      26.0      27.0       0.458538   180.000    45.000    90.000    0     119.900833      -1.837680
   -175.00      5.00       7.332100       0.000000       0.000000        27      26.0      27.0       0.458538   180.000    45.000    90.000    0     119.884743      -1.838240
   -175.00     10.00       2.664200       0.000000       0.000000        27      26.0      27.0       0.458538   180.000    45.000    90.000    0     119.868637      -1.838810
   -170.00    -15.00      26.003710       0.000000       0.000000        27      26.0      27.0       0.458538   180.000    45.000    90.000    0     119.947540      -1.790790
   -170.00    -10.00      21.335800       0.000000       0.000000        27      26.0      27.0       0.458538   180.000    45.000    90.000    0     119.931450      -1.791360
   -170.00     -5.00      16.667900       0.000000       0.000000        27      26.0      27.0       0.458538   180.000    45.000    90.000    0     119.915352      -1.791920
   -170.00      0.00      12.000000       0.000000       0.000000        27      26.0      27.0       0.458538   180.000    45.000    90.000    0     119.899261      -1.792490
   -170.00      5.00       7.332100       0.000000       0.000000        27      26.0      27.0       0.458538   180.000    45.000    90.000    0     119.883171      -1.793050
   -170.00     10.00       2.664200       0.000000       0.000000        27      26.0      27.0       0.458538   180.000    45.000    90.000    0     119.867081      -1.793620
   -165.00    -15.00      26.003710       0.000000       0.000000        27      26.0      27.0       0.458538   180.000    45.000    90.000    0     119.945969      -1.745600
   -165.00    -10.00      21.335800       0.000000       0.000000        27      26.0      27.0       0.458538   180.000    45.000    90.000    0     119.929878      -1.746170
   -165.00     -5.00      16.667900       0.000000       0.000000        27      26.0      27.0       0.458538   180.000    45.000    90.000    0     119.913788      -1.746730
   -165.00      0.00      12.000000       0.000000       0.000000        27      26.0      27.0       0.458538   180.000    45.000    90.000    0     119.897690      -1.747300
   -165.00      5.00       7.332100       0.000000       0.000000        27      26.0      27.0       0.458538   180.000    45.000    90.000    0     119.881599      -1.747860
   -165.00     10.00       2.664200       0.000000       0.000000        27      26.0      27.0       0.458538   180.000    45.000    90.000    0     119.865509      -1.748430
   -160.00    -15.00      26.003710       0.000000       0.000000        27      26.0      27.0       0.458538   180.000    45.000    90.000    0     119.944397      -1.700410
   -160.00    -10.00      21.335800       0.000000       0.000000        27      26.0      27.0       0.458538   180.000    45.000    90.000    0     119.928307      -1.700980
   -160.00     -5.00      16.667900       0.000000       0.000000        27      26.0      27.0       0.458538   180.000    45.000    90.000    0     119.912216      -1.701540
   -160.00      0.00      12.000000       0.000000       0.000000        27      26.0      27.0       0.458538   180.000    45.000    90.000    0     119.896133      -1.702110
   -160.00      5.00       7.332100       0.000000       0.000000        27      26.0      27.0       0.458538   180.000    45.000    90.000    0     119.880028      -1.702670
   -160.00     10.00       2.664200       0.000000       0.000000        27      26.0      27.0       0.458538   180.000    45.000    90.000    0     119.863937      -1.703240
   -155.00    -15.00      26.003710       0.000000       0.000000        27      26.0      27.0       0.458538   180.000    45.000    90.000    0     119.942841      -1.655220
   -155.00    -10.00      21.335800       0.000000       0.000000        27      26.0      27.0       0.458538   180.000    45.000    90.000    0     119.926743      -1.655790
   -155.00     -5.00      16.667900       0.000000       0.000000        27      26.0      27.0       0.458538   180.000    45.000    90.000    0     119.910652      -1.656350
   -155.00      0.00      12.000000       0.000000       0.000000        27      26.0      27.0       0.458538   180.000    45.000    90.000    0     119.894562      -1.656920
   -155.00      5.00       7.332100       0.000000       0.000000        27      26.0      27.0       0.458538   180.000    45.000    90.000    0     119.878471      -1.657480
   -155.00     10.00       2.664200       0.000000       0.000000        27      26.0      27.0       0.458538   180.000    45.000    90.000    0     119.862373      -1.658050
   -150.00    -15.00      26.003710       0.000000       0.000000        27      26.0      27.0       0.458538   180.000    45.000    90.000    0     119.941269      -1.610030
   -150.00    -10.00      21.335800       0.000000       0.000000        27      26.0      27.0       0.458538   180.000    45.000    90.000    0     119.925179      -1.610590
   -150.00     -5.00      16.667900       0.000000       0.000000        27      26.0      27.0       0.458538   180.000    45.000    90.000    0     119.909081      -1.611160
   -150.00      0.00      12.000000       0.000000       0.000000        27      26.0      27.0       0.458538   180.000    45.000    90.000    0     119.892990      -1.611730
   -150.00      5.00       7.332100       0.000000       0.000000        27      26.0      27.0       0.458538   180.000    45.000    90.000    0     119.876900      -1.612290
   -150.00     10.00       2.664200       0.000000       0.000000        27      26.0      27.0       0.458538   180.000    45.000    90.000    0     119.860809      -1.612860
   -145.00    -15.00      26.003710       0.000000       0.000000        27      26.0      27.0       0.458538   180.000    45.000    90.000    0     119.939697      -1.564840
   -145.00    -10.00      21.335800       0.000000       0.000000        27      26.0      27.0       0.458538   180.000    45.000    90.000    0     119.923607      -1.565400
   -145.00     -5.00      16.667900       0.000000       0.000000        27      26.0      27.0       0.458538   180.000    45.000    90.000    0     119.907516      -1.565970
   -145.00      0.00      12.000000       0.000000       0.000000        27      26.0      27.0       0.458538   180.000    45.000    90.000    0     119.891418      -1.566530
   -145.00      5.00       7.332100       0.000000       0.000000        27      26.0      27.0       0.458538   180.000    45.000    90.000    0     119.875328      -1.567100
   -145.00     10.00       2.664200       0.000000       0.000000        27      26.0      27.0       0.458538   180.000    45.000    90.000    0     119.859238      -1.567660
   -140.00    -15.00      26.003710       0.000000       0.000000        27      26.0      27.0       0.458538   180.000    45.000    90.000    0     119.938133      -1.519650
   -140.00    -10.00      21.335800       0.000000       0.000000        27      26.0      27.0       0.458538   180.000    45.000    90.000    0     119.922043      -1.520210
   -140.00     -5.00      16.667900       0.000000       0.000000        27      26.0      27.0       0.458538   180.000    45.000    90.000    0     119.905952      -1.520780
   -140.00      0.00      12.000000       0.000000       0.000000        27      26.0      27.0       0.458538   180.000    45.000    90.000    0     119.889862      -1.521340
   -140.00      5.00       7.332100       0.000000       0.000000        27      26.0      27.0       0.458538   180.000    45.000    90.000    0     119.873772      -1.521910
   -140.00     10.00       2.664200       0.000000       0.000000        27      26.0      27.0       0.458538   180.000    45.000    90.000    0     119.857681      -1.522470
   -135.00    -15.00      26.003710       0.063115       0.063115        27      26.0      27.0       0.458538   -63.140     9.460    -7.480    0     119.936562      -1.474460
   -135.00    -10.00      21.335800       0.028787       0.028787        27      26.0      27.0       0.458538    25.400    20.660    56.620    0     119.920471      -1.475020
   -135.00     -5.00      16.667900       0.039928       0.039928        27      26.0      27.0       0.458538   187.360    69.870    44.130    0     119.904381      -1.475590
   -135.00      0.00      12.000000       0.041485       0.041485        27      26.0      27.0       0.458538   179.790    60.160    22.000    0     119.888290      -1.476150
   -135.00      5.00       7.332100       0.032985       0.032985        27      26.0      27.0       0.458538   348.620    81.600     8.180    0     119.872200      -1.476720
   -135.00     10.00       2.664200       0.032330       0.032330        27      26.0      27.0       0.458538   347.840    72.360    17.350    0     119.856110      -1.477280
   -130.00    -15.00      26.003710       0.057511       0.057511        27      26.0      27.0       0.458538   307.740    67.740   -40.990    1     119.934998      -1.429270
   -130.00    -10.00      21.335800       0.070763       0.070763        27      26.0      27.0       0.458538   160.890    81.440    53.880    0     119.918907      -1.429830
   -130.00     -5.00      16.667900       0.093359       0.093359        27      26.0      27.0       0.458538   334.560    79.890   -27.430    0     119.902809      -1.430400
   -130.00      0.00      12.000000       0.100328       0.100328        27      26.0      27.0       0.458538   337.570    82.440   -13.470    0     119.886719      -1.430960
   -130.00      5.00       7.332100       0.100177       0.100177        27      26.0      27.0       0.458538   336.990    82.650    -1.090    0     119.870628      -1.431530
   -130.00     10.00       2.664200       0.098850       0.098850        27      26.0      27.0       0.458538   337.600    82.900    14.010    0     119.854538      -1.432090
   -125.00    -15.00      26.003710       0.060560       0.060560        27      26.0      27.0       0.458538   139.810    75.490     6.440    0     119.933434      -1.384080
   -125.00    -10.00      21.335800       0.102361       0.102361        27      26.0      27.0       0.458538   145.160    84.570    29.900    0     119.917343      -1.384640
   -125.00     -5.00      16.667900       0.133581       0.133581        27      26.0      27.0       0.458538   149.500    88.150    22.820    0     119.901253      -1.385210
   -125.00      0.00      12.000000       0.155000       0.155000        27      26.0      27.0       0.458538   151.960    89.170    10.760    0     119.885162      -1.385770
   -125.00      5.00       7.332100       0.163744       0.163744        27      26.0      27.0       0.458538   332.320    89.540     2.620    0     119.869072      -1.386340
   -125.00     10.00       2.664200       0.164341       0.164341        27      26.0      27.0       0.458538   333.180    89.410    15.110    0     119.852982      -1.386900
   -120.00    -15.00      26.003710       0.062187       0.062187        27      26.0      27.0       0.458538   142.320    64.750     2.550    0     119.931862      -1.338890
   -120.00    -10.00      21.335800       0.124069       0.124069        27      26.0      27.0       0.458538   146.500    72.660    17.320    0     119.915771      -1.339450
   -120.00     -5.00      16.667900       0.171372       0.171372        27      26.0      27.0       0.458538   149.090    74.920    16.360    0     119.899681      -1.340020
   -120.00      0.00      12.000000       0.202958       0.202958        27      26.0      27.0       0.458538   149.840    79.630     5.370    0     119.883591      -1.340580
   -120.00      5.00       7.332100       0.221171       0.221171        27      26.0      27.0       0.458538   149.830    87.030    -6.580    0     119.867500      -1.341150
   -120.00     10.00       2.664200       0.226353       0.226353        27      26.0      27.0       0.458538   150.740    87.640   -16.220    0     119.851410      -1.341710
   -115.00    -15.00      26.003710       0.068464       0.068464        27      26.0      27.0       0.458538   146.060    57.400     7.820    0     119.930290      -1.293690
   -115.00    -10.00      21.335800       0.140579       0.140579        27      26.0      27.0       0.458538   148.700    67.080    11.220    0     119.914200      -1.294260
   -115.00     -5.00      16.667900       0.201212       0.201212        27      26.0      27.0       0.458538   149.490    69.760    10.550    0     119.898109      -1.294830
   -115.00      0.00      12.000000       0.241179       0.241179        27      26.0      27.0       0.458538   148.860    75.770     1.620    0     119.882019      -1.295390
   -115.00      5.00       7.332100       0.267627       0.267627        27      26.0      27.0       0.458538   148.860    85.370    -9.250    0     119.865929      -1.295960
   -115.00     10.00       2.664200       0.276921       0.276921        27      26.0      27.0       0.458538   149.710    85.920   -16.810    0     119.849838      -1.296520
   -110.00    -15.00      26.003710       0.074378       0.074378        27      26.0      27.0       0.458538   152.150    55.080    14.730    0     119.928726      -1.248500
   -110.00    -10.00      21.335800       0.148038       0.148038        27      26.0      27.0       0.458538   150.580    70.410     5.620    0     119.912643      -1.249070
   -110.00     -5.00      16.667900       0.218190       0.218190        27      26.0      27.0       0.458538   150.290    72.080     4.990    0     119.896553      -1.249630
   -110.00      0.00      12.000000       0.268078       0.268078        27      26.0      27.0       0.458538   149.000    77.120    -1.180    0     119.880463      -1.250200
   -110.00      5.00       7.332100       0.295504       0.295504        27      26.0      27.0       0.458538   149.310    84.770   -11.170    0     119.864372      -1.250760
   -110.00     10.00       2.664200       0.310154       0.310154        27      26.0      27.0       0.458538   149.830    85.640   -16.990    0     119.848282      -1.251330
   -105.00    -15.00      26.003710       0.083124       0.083124        27      26.0      27.0       0.458538   153.200    68.290     4.560    0     119.927162      -1.203310
   -105.00    -10.00      21.335800       0.155242       0.155242        27      26.0      27.0       0.458538   153.230    75.920     3.380    0     119.911072      -1.203880
   -105.00     -5.00      16.667900       0.228448       0.228448        27      26.0      27.0       0.458538   151.710    80.340    -1.030    0     119.894981      -1.204440
   -105.00      0.00      12.000000       0.280653       0.280653        27      26.0      27.0       0.458538   150.350    82.860    -4.140    0     119.878891      -1.205010
   -105.00      5.00       7.332100       0.305738       0.305738        27      26.0      27.0       0.458538   150.610    85.300   -11.070    0     119.862801      -1.205570
   -105.00     10.00       2.664200       0.321289       0.321289        27      26.0      27.0       0.458538   150.860    86.070   -15.630    0     119.846710      -1.206140
   -100.00    -15.00      26.003710       0.092561       0.092561        27      26.0      27.0       0.458538   156.740    77.410     6.700    0     119.925591      -1.158120
   -100.00    -10.00      21.335800       0.158803       0.158803        27      26.0      27.0       0.458538   156.150    81.370     6.750    0     119.909500      -1.158690
   -100.00     -5.00      16.667900       0.233292       0.233292        27      26.0      27.0       0.458538   153.710    88.410    -3.510    0     119.893410      -1.159250
   -100.00      0.00      12.000000       0.281083       0.281083        27      26.0      27.0       0.458538   332.540    89.720     4.720    0     119.877319      -1.159820
   -100.00      5.00       7.332100       0.299363       0.299363        27      26.0      27.0       0.458538   152.550    87.290    -8.480    0     119.861229      -1.160380
   -100.00     10.00       2.664200       0.311140       0.311140        27      26.0      27.0       0.458538   152.650    87.080   -12.410    0     119.845207      -1.160950
    -95.00    -15.00      26.003710       0.100569       0.100569        27      26.0      27.0       0.458538   158.810    86.140    11.410    0     119.924026      -1.112930
    -95.00    -10.00      21.335800       0.164831       0.164831        27      26.0      27.0       0.458538   158.440    86.460    10.820    0     119.907944      -1.113500
    -95.00     -5.00      16.667900       0.231669       0.231669        27      26.0      27.0       0.458538   335.350    85.820     2.480    0     119.891853      -1.114060
    -95.00      0.00      12.000000       0.270562       0.270562        27      26.0      27.0       0.458538   334.830    84.990     1.920    0     119.875763      -1.114630
    -95.00      5.00       7.332100       0.276629       0.276629        27      26.0      27.0       0.458538   155.300    89.230    -3.520    0     119.859673      -1.115190
    -95.00     10.00       2.664200       0.284319       0.284319        27      26.0      27.0       0.458538   155.180    88.080    -7.020    0     119.843643      -1.115760
    -90.00    -15.00      26.003710       0.105291       0.105291        27      26.0      27.0       0.458538   160.510    88.400    20.520    0     119.922462      -1.067740
    -90.00    -10.00      21.335800       0.172782       0.172782        27      26.0      27.0       0.458538   339.570    85.990   -14.360    0     119.906372      -1.068310
    -90.00     -5.00      16.667900       0.224218       0.224218        27      26.0      27.0       0.458538   336.730    81.140    -1.030    0     119.890282      -1.068870
    -90.00      0.00      12.000000       0.249579       0.249579        27      26.0      27.0       0.458538   337.190    83.800    -3.750    0     119.874191      -1.069440
    -90.00      5.00       7.332100       0.248599       0.248599        27      26.0      27.0       0.458538   338.580    88.620    -4.430    0     119.858101      -1.070000
    -90.00     10.00       2.664200       0.248952       0.248952        27      26.0      27.0       0.458538   158.530    88.790     1.420    0     119.842072      -1.070570
    -85.00    -15.00      26.003710       0.107643       0.107643        27      26.0      27.0       0.458538   162.850    83.500    31.920    0     119.920891      -1.022550
    -85.00    -10.00      21.335800       0.181545       0.181545        27      26.0      27.0       0.458538   338.100    76.640   -14.490    0     119.904800      -1.023120
    -85.00     -5.00      16.667900       0.214975       0.214975        27      26.0      27.0       0.458538   337.370    73.870    -4.810    0     119.888710      -1.023680
    -85.00      0.00      12.000000       0.223744       0.223744        27      26.0      27.0       0.458538   340.320    86.180   -13.690    0     119.872620      -1.024250
    -85.00      5.00       7.332100       0.220515       0.220515        27      26.0      27.0       0.458538   163.380    89.270    16.960    0     119.856537      -1.024810
    -85.00     10.00       2.664200       0.213586       0.213586        27      26.0      27.0       0.458538   163.230    88.630    12.710    0     119.840500      -1.025380
    -80.00    -15.00      26.003710       0.107821       0.107821        27      26.0      27.0       0.458538   161.250    84.220    39.350    0     119.919319      -0.977360
    -80.00    -10.00      21.335800       0.183501       0.183501        27      26.0      27.0       0.458538   333.950    63.050    -8.400    0     119.903236      -0.977920
    -80.00     -5.00      16.667900       0.202169       0.202169        27      26.0      27.0       0.458538   337.050    66.940    -6.640    0     119.887154      -0.978490
    -80.00      0.00      12.000000       0.197725       0.197725        27      26.0      27.0       0.458538   165.450    87.930    26.680    0     119.871063      -0.979050
    -80.00      5.00       7.332100       0.192210       0.192210        27      26.0      27.0       0.458538   169.360    86.830    28.790    0     119.854973      -0.979620
    -80.00     10.00       2.664200       0.181213       0.181213        27      26.0      27.0       0.458538   169.620    87.450    23.950    0     119.838928      -0.980190
    -75.00    -15.00      26.003710       0.099265       0.099265        27      26.0      27.0       0.458538   333.000    87.640   -37.820    0     119.917763      -0.932170
    -75.00    -10.00      21.335800       0.163849       0.163849        27      26.0      27.0       0.458538   330.670    53.990    -4.100    0     119.901672      -0.932730
    -75.00     -5.00      16.667900       0.167172       0.167172        27      26.0      27.0       0.458538   337.040    61.960    -6.200    0     119.885582      -0.933300
    -75.00      0.00      12.000000       0.162705       0.162705        27      26.0      27.0       0.458538   172.420    83.990    37.870    0     119.869492      -0.933860
    -75.00      5.00       7.332100       0.152392       0.152392        27      26.0      27.0       0.458538   175.380    86.390    35.860    0     119.853401      -0.934430
    -75.00     10.00       2.664200       0.143310       0.143310        27      26.0      27.0       0.458538   176.020    88.300    30.560    0     119.837357      -0.934990
    -70.00    -15.00      26.003710       0.093454       0.093454        27      26.0      27.0       0.458538   316.260    63.360   -29.140    0     119.916191      -0.886980
    -70.00    -10.00      21.335800       0.113666       0.113666        27      26.0      27.0       0.458538   328.020    51.310    -5.120    0     119.900101      -0.887540
    -70.00     -5.00      16.667900       0.107237       0.107237        27      26.0      27.0       0.458538   343.900    77.200   -21.150    0     119.884010      -0.888110
    -70.00      0.00      12.000000       0.117513       0.117513        27      26.0      27.0       0.458538   182.490    78.380    46.470    0     119.867928      -0.888670
    -70.00      5.00       7.332100       0.094705       0.094705        27      26.0      27.0       0.458538   183.110    85.860    35.710    0     119.851837      -0.889240
    -70.00     10.00       2.664200       0.090922       0.090922        27      26.0      27.0       0.458538     2.030    88.110   -29.450    0     119.835793      -0.889800
    -65.00    -15.00      26.003710       0.063768       0.063768        27      26.0      27.0       0.458538    70.970    56.460  -124.370    1     119.914619      -0.841790
    -65.00    -10.00      21.335800       0.030792       0.030792        27      26.0      27.0       0.458538   353.470    25.030    31.050    0     119.898537      -0.842350
    -65.00     -5.00      16.667900       0.028173       0.028173        27      26.0      27.0       0.458538   358.930    70.630    14.220    0     119.882446      -0.842920
    -65.00      0.00      12.000000       0.045630       0.045630        27      26.0      27.0       0.458538   192.210    61.340    25.920    0     119.866364      -0.843480
    -65.00      5.00       7.332100       0.035718       0.035718        27      26.0      27.0       0.458538    13.060    89.580   -30.730    0     119.850273      -0.844050
    -65.00     10.00       2.664200       0.031140       0.031140        27      26.0      27.0       0.458538     4.490    76.030   -16.840    0     119.834221      -0.844610
    -60.00    -15.00      26.003710       0.000000       0.000000        27      26.0      27.0       0.458538   180.000    45.000    90.000    0     119.913063      -0.796600
    -60.00    -10.00      21.335800       0.000000       0.000000        27      26.0      27.0       0.458538   180.000    45.000    90.000    0     119.896973      -0.797160
    -60.00     -5.00      16.667900       0.000000       0.000000        27      26.0      27.0       0.458538   180.000    45.000    90.000    0     119.880882      -0.797730
    -60.00      0.00      12.000000       0.000000       0.000000        27      26.0      27.0       0.458538   180.000    45.000    90.000    0     119.864792      -0.798290
    -60.00      5.00       7.332100       0.000000       0.000000        27      26.0      27.0       0.458538   180.000    45.000    90.000    0     119.848701      -0.798860
    -60.00     10.00       2.664200       0.000000       0.000000        27      26.0      27.0       0.458538   180.000    45.000    90.000    0     119.832657      -0.799420
    -55.00    -15.00      26.003710       0.000000       0.000000        27      26.0      27.0       0.458538   180.000    45.000    90.000    0     119.911491      -0.751410
    -55.00    -10.00      21.335800       0.000000       0.000000        27      26.0      27.0       0.458538   180.000    45.000    90.000    0     119.895401      -0.751970
    -55.00     -5.00      16.667900       0.000000       0.000000        27      26.0      27.0       0.458538   180.000    45.000    90.000    0     119.879311      -0.752540
    -55.00      0.00      12.000000       0.000000       0.000000        27      26.0      27.0       0.458538   180.000    45.000    90.000    0     119.863228      -0.753100
    -55.00      5.00       7.332100       0.000000       0.000000        27      26.0      27.0       0.458538   180.000    45.000    90.000    0     119.847137      -0.753670
    -55.00     10.00       2.664200       0.000000       0.000000        27      26.0      27.0       0.458538   180.000    45.000    90.000    0     119.831093      -0.754230
    -50.00    -15.00      26.003710       0.000000       0.000000        27      26.0      27.0       0.458538   180.000    45.000    90.000    0     119.909920      -0.706210
    -50.00    -10.00      21.335800       0.000000       0.000000        27      26.0      27.0       0.458538   180.000    45.000    90.000    0     119.893837      -0.706780
    -50.00     -5.00      16.667900       0.000000       0.000000        27      26.0      27.0       0.458538   180.000    45.000    90.000    0     119.877747      -0.707340
    -50.00      0.00      12.000000       0.000000       0.000000        27      26.0      27.0       0.458538   180.000    45.000    90.000    0     119.861656      -0.707910
    -50.00      5.00       7.332100       0.000000       0.000000        27      26.0      27.0       0.458538   180.000    45.000    90.000    0     119.845612      -0.708470
    -50.00     10.00       2.664200       0.000000       0.000000        27      26.0      27.0       0.458538   180.000    45.000    90.000    0     119.829521      -0.709040
    -45.00    -15.00      26.003710       0.000000       0.000000        27      26.0      27.0       0.458538   180.000    45.000    90.000    0     119.908363      -0.661020
    -45.00    -10.00      21.335800       0.000000       0.000000        27      26.0      27.0       0.458538   180.000    45.000    90.000    0     119.892273      -0.661590
    -45.00     -5.00      16.667900       0.000000       0.000000        27      26.0      27.0       0.458538   180.000    45.000    90.000    0     119.876183      -0.662150
    -45.00      0.00      12.000000       0.000000       0.000000        27      26.0      27.0       0.458538   180.000    45.000    90.000    0     119.860092      -0.662720
    -45.00      5.00       7.332100       0.000000       0.000000        27      26.0      27.0       0.458538   180.000    45.000    90.000    0     119.844040      -0.663280
    -45.00     10.00       2.664200       0.000000       0.000000        27      26.0      27.0       0.458538   180.000    45.000    90.000    0     119.827950      -0.663850
    -40.00    -15.00      26.003710       0.000000       0.000000        27      26.0      27.0       0.458538   180.000    45.000    90.000    0     119.906792      -0.615830
    -40.00    -10.00      21.335800       0.000000       0.000000        27      26.0      27.0       0.458538   180.000    45.000    90.000    0     119.890701      -0.616400
    -40.00     -5.00      16.667900       0.000000       0.000000        27      26.0      27.0       0.458538   180.000    45.000    90.000    0     119.874619      -0.616960
    -40.00      0.00      12.000000       0.000000       0.000000        27      26.0      27.0       0.458538   180.000    45.000    90.000    0     119.858528      -0.617530
    -40.00      5.00       7.332100       0.000000       0.000000        27      26.0      27.0       0.458538   180.000    45.000    90.000    0     119.842468      -0.618090
    -40.00     10.00       2.664200       0.000000       0.000000        27      26.0      27.0       0.458538   180.000    45.000    90.000    0     119.826378      -0.618660
    -35.00    -15.00      26.003710       0.000000       0.000000        27      26.0      27.0       0.458538   180.000    45.000    90.000    0     119.905220      -0.570640
    -35.00    -10.00      21.335800       0.000000       0.000000        27      26.0      27.0       0.458538   180.000    45.000    90.000    0     119.889137      -0.571210
    -35.00     -5.00      16.667900       0.000000       0.000000        27      26.0      27.0       0.458538   180.000    45.000    90.000    0     119.873047      -0.571770
    -35.00      0.00      12.000000       0.000000       0.000000        27      26.0      27.0       0.458538   180.000    45.000    90.000    0     119.856956      -0.572340
    -35.00      5.00       7.332100       0.000000       0.000000        27      26.0      27.0       0.458538   180.000    45.000    90.000    0     119.840897      -0.572900
    -35.00     10.00       2.664200       0.000000       0.000000        27      26.0      27.0       0.458538   180.000    45.000    90.000    0     119.824806      -0.573470
    -30.00    -15.00      26.003710       0.000000       0.000000        27      26.0      27.0       0.458538   180.000    45.000    90.000    0     119.903664      -0.525450
    -30.00    -10.00      21.335800       0.000000       0.000000        27      26.0      27.0       0.458538   180.000    45.000    90.000    0     119.887573      -0.526020
    -30.00     -5.00      16.667900       0.000000       0.000000        27      26.0      27.0       0.458538   180.000    45.000    90.000    0     119.871483      -0.526580
    -30.00      0.00      12.000000       0.000000       0.000000        27      26.0      27.0       0.458538   180.000    45.000    90.000    0     119.855400      -0.527150
    -30.00      5.00       7.332100       0.000000       0.000000        27      26.0      27.0       0.458538   180.000    45.000    90.000    0     119.839333      -0.527710
    -30.00     10.00       2.664200       0.000000       0.000000        27      26.0      27.0       0.458538   180.000    45.000    90.000    0     119.823242      -0.528280
    -25.00    -15.00      26.003710       0.000000       0.000000        27      26.0      27.0       0.458538   180.000    45.000    90.000    0     119.902092      -0.480260
    -25.00    -10.00      21.335800       0.000000       0.000000        27      26.0      27.0       0.458538   180.000    45.000    90.000    0     119.886002      -0.480820
    -25.00     -5.00      16.667900       0.000000       0.000000        27      26.0      27.0       0.458538   180.000    45.000    90.000    0     119.869919      -0.481390
    -25.00      0.00      12.000000       0.000000       0.000000        27      26.0      27.0       0.458538   180.000    45.000    90.000    0     119.853828      -0.481950
    -25.00      5.00       7.332100       0.000000       0.000000        27      26.0      27.0       0.458538   180.000    45.000    90.000    0     119.837761      -0.482520
    -25.00     10.00       2.664200       0.000000       0.000000        27      26.0      27.0       0.458538   180.000    45.000    90.000    0     119.821671      -0.483090
    -20.00    -15.00      26.003710       0.000000       0.000000        27      26.0      27.0       0.458538   180.000    45.000    90.000    0     119.900528      -0.435070
    -20.00    -10.00      21.335800       0.000000       0.000000        27      26.0      27.0       0.458538   180.000    45.000    90.000    0     119.884438      -0.435630
    -20.00     -5.00      16.667900       0.000000       0.000000        27      26.0      27.0       0.458538   180.000    45.000    90.000    0     119.868347      -0.436200
    -20.00      0.00      12.000000       0.000000       0.000000        27      26.0      27.0       0.458538   180.000    45.000    90.000    0     119.852257      -0.436760
    -20.00      5.00       7.332100       0.000000       0.000000        27      26.0      27.0       0.458538   180.000    45.000    90.000    0     119.836189      -0.437330
    -20.00     10.00       2.664200       0.000000       0.000000        27      26.0      27.0       0.458538   180.000    45.000    90.000    0     119.820099      -0.437900
    -15.00    -15.00      26.003710       0.000000       0.000000        27      26.0      27.0       0.458538   180.000    45.000    90.000    0     119.898956      -0.389880
    -15.00    -10.00      21.335800       0.000000       0.000000        27      26.0      27.0       0.458538   180.000    45.000    90.000    0     119.882874      -0.390440
    -15.00     -5.00      16.667900       0.000000       0.000000        27      26.0      27.0       0.458538   180.000    45.000    90.000    0     119.866791      -0.391010
    -15.00      0.00      12.000000       0.000000       0.000000        27      26.0      27.0       0.458538   180.000    45.000    90.000    0     119.850700      -0.391570
    -15.00      5.00       7.332100       0.000000       0.000000        27      26.0      27.0       0.458538   180.000    45.000    90.000    0     119.834618      -0.392140
    -15.00     10.00       2.664200       0.000000       0.000000        27      26.0      27.0       0.458538   180.000    45.000    90.000    0     119.818527      -0.392700
    -10.00    -15.00      26.003710       0.000000       0.000000        27      26.0      27.0       0.458538   180.000    45.000    90.000    0     119.897392      -0.344690
    -10.00    -10.00      21.335800       0.000000       0.000000        27      26.0      27.0       0.458538   180.000    45.000    90.000    0     119.881310      -0.345250
    -10.00     -5.00      16.667900       0.000000       0.000000        27      26.0      27.0       0.458538   180.000    45.000    90.000    0     119.865219      -0.345820
    -10.00      0.00      12.000000       0.000000       0.000000        27      26.0      27.0       0.458538   180.000    45.000    90.000    0     119.849129      -0.346380
    -10.00      5.00       7.332100       0.000000       0.000000        27      26.0      27.0       0.458538   180.000    45.000    90.000    0     119.833054      -0.346950
    -10.00     10.00       2.664200       0.000000       0.000000        27      26.0      27.0       0.458538   180.000    45.000    90.000    0     119.816963      -0.347510
     -5.00    -15.00      26.003710       0.000000       0.000000        27      26.0      27.0       0.458538   180.000    45.000    90.000    0     119.895828      -0.299500
     -5.00    -10.00      21.335800       0.000000       0.000000        27      26.0      27.0       0.458538   180.000    45.000    90.000    0     119.879738      -0.300060
     -5.00     -5.00      16.667900       0.000000       0.000000        27      26.0      27.0       0.458538   180.000    45.000    90.000    0     119.863647      -0.300630
     -5.00      0.00      12.000000       0.000000       0.000000        27      26.0      27.0       0.458538   180.000    45.000    90.000    0     119.847572      -0.301190
     -5.00      5.00       7.332100       0.000000       0.000000        27      26.0      27.0       0.458538   180.000    45.000    90.000    0     119.831482      -0.301760
     -5.00     10.00       2.664200       0.000000       0.000000        27      26.0      27.0       0.458538   180.000    45.000    90.000    0     119.815399      -0.302320
      0.00    -15.00      26.003710       0.000000       0.000000        27      26.0      27.0       0.458538   180.000    45.000    90.000    0     119.894257      -0.254300
      0.00    -10.00      21.335800       0.000000       0.000000        27      26.0      27.0       0.458538   180.000    45.000    90.000    0     119.878166      -0.254870
      0.00     -5.00      16.667900       0.000000       0.000000        27      26.0      27.0       0.458538   180.000    45.000    90.000    0     119.862091      -0.255430
      0.00      0.00      12.000000       0.000000       0.000000        27      26.0      27.0       0.458538   180.000    45.000    90.000    0     119.846001      -0.256000
      0.00      5.00       7.332100       0.000000       0.000000        27      26.0      27.0       0.458538   180.000    45.000    90.000    0     119.829910      -0.256570
      0.00     10.00       2.664200       0.000000       0.000000        27      26.0      27.0       0.458538   180.000    45.000    90.000    0     119.813828      -0.257130
      5.00    -15.00      26.003710       0.000000       0.000000        27      26.0      27.0       0.458538   180.000    45.000    90.000    0     119.892693      -0.209110
      5.00    -10.00      21.335800       0.000000       0.000000        27      26.0      27.0       0.458538   180.000    45.000    90.000    0     119.876602      -0.209680
      5.00     -5.00      16.667900       0.000000       0.000000        27      26.0      27.0       0.458538   180.000    45.000    90.000    0     119.860519      -0.210240
      5.00      0.00      12.000000       0.000000       0.000000        27      26.0      27.0       0.458538   180.000    45.000    90.000    0     119.844429      -0.210810
      5.00      5.00       7.332100       0.000000       0.000000        27      26.0      27.0       0.458538   180.000    45.000    90.000    0     119.828346      -0.211370
      5.00     10.00       2.664200       0.000000       0.000000        27      26.0      27.0       0.458538   180.000    45.000    90.000    0     119.812263      -0.211940
     10.00    -15.00      26.003710       0.000000       0.000000        27      26.0      27.0       0.458538   180.000    45.000    90.000    0     119.891121      -0.163920
     10.00    -10.00      21.335800       0.000000       0.000000        27      26.0      27.0       0.458538   180.000    45.000    90.000    0     119.875038      -0.164490
     10.00     -5.00      16.667900       0.000000       0.000000        27      26.0      27.0       0.458538   180.000    45.000    90.000    0     119.858948      -0.165050
     10.00      0.00      12.000000       0.000000       0.000000        27      26.0      27.0       0.458538   180.000    45.000    90.000    0     119.842873      -0.165620
     10.00      5.00       7.332100       0.000000       0.000000        27      26.0      27.0       0.458538   180.000    45.000    90.000    0     119.826782      -0.166180
     10.00     10.00       2.664200       0.000000       0.000000        27      26.0      27.0       0.458538   180.000    45.000    90.000    0     119.810692      -0.166750
     15.00    -15.00      26.003710       0.000000       0.000000        27      26.0      27.0       0.458538   180.000    45.000    90.000    0     119.889549      -0.118730
     15.00    -10.00      21.335800       0.000000       0.000000        27      26.0      27.0       0.458538   180.000    45.000    90.000    0     119.873466      -0.119300
     15.00     -5.00      16.667900       0.000000       0.000000        27      26.0      27.0       0.458538   180.000    45.000    90.000    0     119.857384      -0.119860
     15.00      0.00      12.000000       0.000000       0.000000        27      26.0      27.0       0.458538   180.000    45.000    90.000    0     119.841301      -0.120430
     15.00      5.00       7.332100       0.000000       0.000000        27      26.0      27.0       0.458538   180.000    45.000    90.000    0     119.825218      -0.120990
     15.00     10.00       2.664200       0.000000       0.000000        27      26.0      27.0       0.458538   180.000    45.000    90.000    0     119.809128      -0.121560
     20.00    -15.00      26.003710       0.000000       0.000000        27      26.0      27.0       0.458538   180.000    45.000    90.000    0     119.887978      -0.073540
     20.00    -10.00      21.335800       0.000000       0.000000        27      26.0      27.0       0.458538   180.000    45.000    90.000    0     119.871902      -0.074100
     20.00     -5.00      16.667900       0.000000       0.000000        27      26.0      27.0       0.458538   180.000    45.000    90.000    0     119.855812      -0.074670
     20.00      0.00      12.000000       0.000000       0.000000        27      26.0      27.0       0.458538   180.000    45.000    90.000    0     119.839737      -0.075240
     20.00      5.00       7.332100       0.000000       0.000000        27      26.0      27.0       0.458538   180.000    45.000    90.000    0     119.823647      -0.075800
     20.00     10.00       2.664200       0.000000       0.000000        27      26.0      27.0       0.458538   180.000    45.000    90.000    0     119.807564      -0.076370
     25.00    -15.00      26.003710       0.000000       0.000000        27      26.0      27.0       0.458538   180.000    45.000    90.000    0     119.886414      -0.028350
     25.00    -10.00      21.335800       0.000000       0.000000        27      26.0      27.0       0.458538   180.000    45.000    90.000    0     119.870331      -0.028910
     25.00     -5.00      16.667900       0.000000       0.000000        27      26.0      27.0       0.458538   180.000    45.000    90.000    0     119.854240      -0.029480
     25.00      0.00      12.000000       0.000000       0.000000        27      26.0      27.0       0.458538   180.000    45.000    90.000    0     119.838173      -0.030050
     25.00      5.00       7.332100       0.000000       0.000000        27      26.0      27.0       0.458538   180.000    45.000    90.000    0     119.822083      -0.030610
     25.00     10.00       2.664200       0.000000       0.000000        27      26.0      27.0       0.458538   180.000    45.000    90.000    0     119.806000      -0.031180
     30.00    -15.00      26.003710       0.000000       0.000000        27      26.0      27.0       0.458538   180.000    45.000    90.000    0     119.884850       0.016840
     30.00    -10.00      21.335800       0.000000       0.000000        27      26.0      27.0       0.458538   180.000    45.000    90.000    0     119.868759       0.016280
     30.00     -5.00      16.667900       0.000000       0.000000        27      26.0      27.0       0.458538   180.000    45.000    90.000    0     119.852669       0.015710
     30.00      0.00      12.000000       0.000000       0.000000        27      26.0      27.0       0.458538   180.000    45.000    90.000    0     119.836601       0.015150
     30.00      5.00       7.332100       0.000000       0.000000        27      26.0      27.0       0.458538   180.000    45.000    90.000    0     119.820518       0.014580
     30.00     10.00       2.664200       0.000000       0.000000        27      26.0      27.0       0.458538   180.000    45.000    90.000    0     119.804428       0.014020
     35.00    -15.00      26.003710       0.000000       0.000000        27      26.0      27.0       0.458538   180.000    45.000    90.000    0     119.883278       0.062030
     35.00    -10.00      21.335800       0.000000       0.000000        27      26.0      27.0       0.458538   180.000    45.000    90.000    0     119.867188       0.061470
     35.00     -5.00      16.667900       0.000000       0.000000        27      26.0      27.0       0.458538   180.000    45.000    90.000    0     119.851097       0.060900
     35.00      0.00      12.000000       0.000000       0.000000        27      26.0      27.0       0.458538   180.000    45.000    90.000    0     119.835037       0.060340
     35.00      5.00       7.332100       0.000000       0.000000        27      26.0      27.0       0.458538   180.000    45.000    90.000    0     119.818947       0.059770
     35.00     10.00       2.664200       0.000000       0.000000        27      26.0      27.0       0.458538   180.000    45.000    90.000    0     119.802856       0.059210
     40.00    -15.00      26.003710       0.000000       0.000000        27      26.0      27.0       0.458538   180.000    45.000    90.000    0     119.881706       0.107230
     40.00    -10.00      21.335800       0.000000       0.000000        27      26.0      27.0       0.458538   180.000    45.000    90.000    0     119.865623       0.106660
     40.00     -5.00      16.667900       0.000000       0.000000        27      26.0      27.0       0.458538   180.000    45.000    90.000    0     119.849533       0.106090
     40.00      0.00      12.000000       0.000000       0.000000        27      26.0      27.0       0.458538   180.000    45.000    90.000    0     119.833473       0.105530
     40.00      5.00       7.332100       0.000000       0.000000        27      26.0      27.0       0.458538   180.000    45.000    90.000    0     119.817390       0.104960
     40.00     10.00       2.664200       0.000000       0.000000        27      26.0      27.0       0.458538   180.000    45.000    90.000    0     119.801300       0.104400
     45.00    -15.00      26.003710       0.000000       0.000000        27      26.0      27.0       0.458538   180.000    45.000    90.000    0     119.880142       0.152420
     45.00    -10.00      21.335800       0.000000       0.000000        27      26.0      27.0       0.458538   180.000    45.000    90.000    0     119.864052       0.151850
     45.00     -5.00      16.667900       0.000000       0.000000        27      26.0      27.0       0.458538   180.000    45.000    90.000    0     119.847961       0.151280
     45.00      0.00      12.000000       0.000000       0.000000        27      26.0      27.0       0.458538   180.000    45.000    90.000    0     119.831909       0.150720
     45.00      5.00       7.332100       0.000000       0.000000        27      26.0      27.0       0.458538   180.000    45.000    90.000    0     119.815819       0.150150
     45.00     10.00       2.664200       0.000000       0.000000        27      26.0      27.0       0.458538   180.000    45.000    90.000    0     119.799728       0.149590
     50.00    -15.00      26.003710       0.000000       0.000000        27      26.0      27.0       0.458538   180.000    45.000    90.000    0     119.878571       0.197610
     50.00    -10.00      21.335800       0.000000       0.000000        27      26.0      27.0       0.458538   180.000    45.000    90.000    0     119.862480       0.197040
     50.00     -5.00      16.667900       0.000000       0.000000        27      26.0      27.0       0.458538   180.000    45.000    90.000    0     119.846390       0.196470
     50.00      0.00      12.000000       0.000000       0.000000        27      26.0      27.0       0.458538   180.000    45.000    90.000    0     119.830338       0.195910
     50.00      5.00       7.332100       0.000000       0.000000        27      26.0      27.0       0.458538   180.000    45.000    90.000    0     119.814247       0.195340
     50.00     10.00       2.664200       0.000000       0.000000        27      26.0      27.0       0.458538   180.000    45.000    90.000    0     119.798172       0.194780
