      xloc      yloc          depth         ave SR         max SR         #     start       end     max SR all       str       dip      rake flag
   -185.00    -15.00      26.003710       0.000000       0.000000        16      15.0      16.0       0.458538   180.000    45.000    90.000    0     119.952240      -1.926360
   -185.00    -10.00      21.335800       0.000000       0.000000        16      15.0      16.0       0.458538   180.000    45.000    90.000    0     119.936150      -1.926930
   -185.00     -5.00      16.667900       0.000000       0.000000        16      15.0      16.0       0.458538   180.000    45.000    90.000    0     119.920059      -1.927490
   -185.00      0.00      12.000000       0.000000       0.000000        16      15.0      16.0       0.458538   180.000    45.000    90.000    0     119.903961      -1.928060
   -185.00      5.00       7.332100       0.000000       0.000000        16      15.0      16.0       0.458538   180.000    45.000    90.000    0     119.887871      -1.928620
   -185.00     10.00       2.664200       0.000000       0.000000        16      15.0      16.0       0.458538   180.000    45.000    90.000    0     119.871780      -1.929190
   -180.00    -15.00      26.003710       0.000000       0.000000        16      15.0      16.0       0.458538   180.000    45.000    90.000    0     119.950684      -1.881170
   -180.00    -10.00      21.335800       0.000000       0.000000        16      15.0      16.0       0.458538   180.000    45.000    90.000    0     119.934578      -1.881740
   -180.00     -5.00      16.667900       0.000000       0.000000        16      15.0      16.0       0.458538   180.000    45.000    90.000    0     119.918488      -1.882300
   -180.00      0.00      12.000000       0.000000       0.000000        16      15.0      16.0       0.458538   180.000    45.000    90.000    0     119.902397      -1.882870
   -180.00      5.00       7.332100       0.000000       0.000000        16      15.0      16.0       0.458538   180.000    45.000    90.000    0     119.886299      -1.883430
   -180.00     10.00       2.664200       0.000000       0.000000        16      15.0      16.0       0.458538   180.000    45.000    90.000    0     119.870209      -1.884000
   -175.00    -15.00      26.003710       0.000000       0.000000        16      15.0      16.0       0.458538   180.000    45.000    90.000    0     119.949112      -1.835980
   -175.00    -10.00      21.335800       0.000000       0.000000        16      15.0      16.0       0.458538   180.000    45.000    90.000    0     119.933006      -1.836550
   -175.00     -5.00      16.667900       0.000000       0.000000        16      15.0      16.0       0.458538   180.000    45.000    90.000    0     119.916924      -1.837110
   -175.00      0.00      12.000000       0.000000       0.000000        16      15.0      16.0       0.458538   180.000    45.000    90.000    0     119.900833      -1.837680
   -175.00      5.00       7.332100       0.000000       0.000000        16      15.0      16.0       0.458538   180.000    45.000    90.000    0     119.884743      -1.838240
   -175.00     10.00       2.664200       0.000000       0.000000        16      15.0      16.0       0.458538   180.000    45.000    90.000    0     119.868637      -1.838810
   -170.00    -15.00      26.003710       0.000000       0.000000        16      15.0      16.0       0.458538   180.000    45.000    90.000    0     119.947540      -1.790790
   -170.00    -10.00      21.335800       0.000000       0.000000        16      15.0      16.0       0.458538   180.000    45.000    90.000    0     119.931450      -1.791360
   -170.00     -5.00      16.667900       0.000000       0.000000        16      15.0      16.0       0.458538   180.000    45.000    90.000    0     119.915352      -1.791920
   -170.00      0.00      12.000000       0.000000       0.000000        16      15.0      16.0       0.458538   180.000    45.000    90.000    0     119.899261      -1.792490
   -170.00      5.00       7.332100       0.000000       0.000000        16      15.0      16.0       0.458538   180.000    45.000    90.000    0     119.883171      -1.793050
   -170.00     10.00       2.664200       0.000000       0.000000        16      15.0      16.0       0.458538   180.000    45.000    90.000    0     119.867081      -1.793620
   -165.00    -15.00      26.003710       0.000000       0.000000        16      15.0      16.0       0.458538   180.000    45.000    90.000    0     119.945969      -1.745600
   -165.00    -10.00      21.335800       0.000000       0.000000        16      15.0      16.0       0.458538   180.000    45.000    90.000    0     119.929878      -1.746170
   -165.00     -5.00      16.667900       0.000000       0.000000        16      15.0      16.0       0.458538   180.000    45.000    90.000    0     119.913788      -1.746730
   -165.00      0.00      12.000000       0.000000       0.000000        16      15.0      16.0       0.458538   180.000    45.000    90.000    0     119.897690      -1.747300
   -165.00      5.00       7.332100       0.000000       0.000000        16      15.0      16.0       0.458538   180.000    45.000    90.000    0     119.881599      -1.747860
   -165.00     10.00       2.664200       0.000000       0.000000        16      15.0      16.0       0.458538   180.000    45.000    90.000    0     119.865509      -1.748430
   -160.00    -15.00      26.003710       0.000000       0.000000        16      15.0      16.0       0.458538   180.000    45.000    90.000    0     119.944397      -1.700410
   -160.00    -10.00      21.335800       0.000000       0.000000        16      15.0      16.0       0.458538   180.000    45.000    90.000    0     119.928307      -1.700980
   -160.00     -5.00      16.667900       0.000000       0.000000        16      15.0      16.0       0.458538   180.000    45.000    90.000    0     119.912216      -1.701540
   -160.00      0.00      12.000000       0.000000       0.000000        16      15.0      16.0       0.458538   180.000    45.000    90.000    0     119.896133      -1.702110
   -160.00      5.00       7.332100       0.000000       0.000000        16      15.0      16.0       0.458538   180.000    45.000    90.000    0     119.880028      -1.702670
   -160.00     10.00       2.664200       0.000000       0.000000        16      15.0      16.0       0.458538   180.000    45.000    90.000    0     119.863937      -1.703240
   -155.00    -15.00      26.003710       0.000000       0.000000        16      15.0      16.0       0.458538   180.000    45.000    90.000    0     119.942841      -1.655220
   -155.00    -10.00      21.335800       0.000000       0.000000        16      15.0      16.0       0.458538   180.000    45.000    90.000    0     119.926743      -1.655790
   -155.00     -5.00      16.667900       0.000000       0.000000        16      15.0      16.0       0.458538   180.000    45.000    90.000    0     119.910652      -1.656350
   -155.00      0.00      12.000000       0.000000       0.000000        16      15.0      16.0       0.458538   180.000    45.000    90.000    0     119.894562      -1.656920
   -155.00      5.00       7.332100       0.000000       0.000000        16      15.0      16.0       0.458538   180.000    45.000    90.000    0     119.878471      -1.657480
   -155.00     10.00       2.664200       0.000000       0.000000        16      15.0      16.0       0.458538   180.000    45.000    90.000    0     119.862373      -1.658050
   -150.00    -15.00      26.003710       0.000000       0.000000        16      15.0      16.0       0.458538   180.000    45.000    90.000    0     119.941269      -1.610030
   -150.00    -10.00      21.335800       0.000000       0.000000        16      15.0      16.0       0.458538   180.000    45.000    90.000    0     119.925179      -1.610590
   -150.00     -5.00      16.667900       0.000000       0.000000        16      15.0      16.0       0.458538   180.000    45.000    90.000    0     119.909081      -1.611160
   -150.00      0.00      12.000000       0.000000       0.000000        16      15.0      16.0       0.458538   180.000    45.000    90.000    0     119.892990      -1.611730
   -150.00      5.00       7.332100       0.000000       0.000000        16      15.0      16.0       0.458538   180.000    45.000    90.000    0     119.876900      -1.612290
   -150.00     10.00       2.664200       0.000000       0.000000        16      15.0      16.0       0.458538   180.000    45.000    90.000    0     119.860809      -1.612860
   -145.00    -15.00      26.003710       0.000000       0.000000        16      15.0      16.0       0.458538   180.000    45.000    90.000    0     119.939697      -1.564840
   -145.00    -10.00      21.335800       0.000000       0.000000        16      15.0      16.0       0.458538   180.000    45.000    90.000    0     119.923607      -1.565400
   -145.00     -5.00      16.667900       0.000000       0.000000        16      15.0      16.0       0.458538   180.000    45.000    90.000    0     119.907516      -1.565970
   -145.00      0.00      12.000000       0.000000       0.000000        16      15.0      16.0       0.458538   180.000    45.000    90.000    0     119.891418      -1.566530
   -145.00      5.00       7.332100       0.000000       0.000000        16      15.0      16.0       0.458538   180.000    45.000    90.000    0     119.875328      -1.567100
   -145.00     10.00       2.664200       0.000000       0.000000        16      15.0      16.0       0.458538   180.000    45.000    90.000    0     119.859238      -1.567660
   -140.00    -15.00      26.003710       0.000000       0.000000        16      15.0      16.0       0.458538   180.000    45.000    90.000    0     119.938133      -1.519650
   -140.00    -10.00      21.335800       0.000000       0.000000        16      15.0      16.0       0.458538   180.000    45.000    90.000    0     119.922043      -1.520210
   -140.00     -5.00      16.667900       0.000000       0.000000        16      15.0      16.0       0.458538   180.000    45.000    90.000    0     119.905952      -1.520780
   -140.00      0.00      12.000000       0.000000       0.000000        16      15.0      16.0       0.458538   180.000    45.000    90.000    0     119.889862      -1.521340
   -140.00      5.00       7.332100       0.000000       0.000000        16      15.0      16.0       0.458538   180.000    45.000    90.000    0     119.873772      -1.521910
   -140.00     10.00       2.664200       0.000000       0.000000        16      15.0      16.0       0.458538   180.000    45.000    90.000    0     119.857681      -1.522470
   -135.00    -15.00      26.003710       0.000000       0.000000        16      15.0      16.0       0.458538   180.000    45.000    90.000    0     119.936562      -1.474460
   -135.00    -10.00      21.335800       0.000000       0.000000        16      15.0      16.0       0.458538   180.000    45.000    90.000    0     119.920471      -1.475020
   -135.00     -5.00      16.667900       0.000000       0.000000        16      15.0      16.0       0.458538   180.000    45.000    90.000    0     119.904381      -1.475590
   -135.00      0.00      12.000000       0.000000       0.000000        16      15.0      16.0       0.458538   180.000    45.000    90.000    0     119.888290      -1.476150
   -135.00      5.00       7.332100       0.000000       0.000000        16      15.0      16.0       0.458538   180.000    45.000    90.000    0     119.872200      -1.476720
   -135.00     10.00       2.664200       0.000000       0.000000        16      15.0      16.0       0.458538   180.000    45.000    90.000    0     119.856110      -1.477280
   -130.00    -15.00      26.003710       0.000000       0.000000        16      15.0      16.0       0.458538   180.000    45.000    90.000    0     119.934998      -1.429270
   -130.00    -10.00      21.335800       0.000000       0.000000        16      15.0      16.0       0.458538   180.000    45.000    90.000    0     119.918907      -1.429830
   -130.00     -5.00      16.667900       0.000000       0.000000        16      15.0      16.0       0.458538   180.000    45.000    90.000    0     119.902809      -1.430400
   -130.00      0.00      12.000000       0.000000       0.000000        16      15.0      16.0       0.458538   180.000    45.000    90.000    0     119.886719      -1.430960
   -130.00      5.00       7.332100       0.000000       0.000000        16      15.0      16.0       0.458538   180.000    45.000    90.000    0     119.870628      -1.431530
   -130.00     10.00       2.664200       0.000000       0.000000        16      15.0      16.0       0.458538   180.000    45.000    90.000    0     119.854538      -1.432090
   -125.00    -15.00      26.003710       0.000000       0.000000        16      15.0      16.0       0.458538   180.000    45.000    90.000    0     119.933434      -1.384080
   -125.00    -10.00      21.335800       0.000000       0.000000        16      15.0      16.0       0.458538   180.000    45.000    90.000    0     119.917343      -1.384640
   -125.00     -5.00      16.667900       0.000000       0.000000        16      15.0      16.0       0.458538   180.000    45.000    90.000    0     119.901253      -1.385210
   -125.00      0.00      12.000000       0.000000       0.000000        16      15.0      16.0       0.458538   180.000    45.000    90.000    0     119.885162      -1.385770
   -125.00      5.00       7.332100       0.000000       0.000000        16      15.0      16.0       0.458538   180.000    45.000    90.000    0     119.869072      -1.386340
   -125.00     10.00       2.664200       0.000000       0.000000        16      15.0      16.0       0.458538   180.000    45.000    90.000    0     119.852982      -1.386900
   -120.00    -15.00      26.003710       0.000000       0.000000        16      15.0      16.0       0.458538   180.000    45.000    90.000    0     119.931862      -1.338890
   -120.00    -10.00      21.335800       0.000000       0.000000        16      15.0      16.0       0.458538   180.000    45.000    90.000    0     119.915771      -1.339450
   -120.00     -5.00      16.667900       0.000000       0.000000        16      15.0      16.0       0.458538   180.000    45.000    90.000    0     119.899681      -1.340020
   -120.00      0.00      12.000000       0.000000       0.000000        16      15.0      16.0       0.458538   180.000    45.000    90.000    0     119.883591      -1.340580
   -120.00      5.00       7.332100       0.000000       0.000000        16      15.0      16.0       0.458538   180.000    45.000    90.000    0     119.867500      -1.341150
   -120.00     10.00       2.664200       0.000000       0.000000        16      15.0      16.0       0.458538   180.000    45.000    90.000    0     119.851410      -1.341710
   -115.00    -15.00      26.003710       0.000000       0.000000        16      15.0      16.0       0.458538   180.000    45.000    90.000    0     119.930290      -1.293690
   -115.00    -10.00      21.335800       0.000000       0.000000        16      15.0      16.0       0.458538   180.000    45.000    90.000    0     119.914200      -1.294260
   -115.00     -5.00      16.667900       0.000000       0.000000        16      15.0      16.0       0.458538   180.000    45.000    90.000    0     119.898109      -1.294830
   -115.00      0.00      12.000000       0.000000       0.000000        16      15.0      16.0       0.458538   180.000    45.000    90.000    0     119.882019      -1.295390
   -115.00      5.00       7.332100       0.000000       0.000000        16      15.0      16.0       0.458538   180.000    45.000    90.000    0     119.865929      -1.295960
   -115.00     10.00       2.664200       0.000000       0.000000        16      15.0      16.0       0.458538   180.000    45.000    90.000    0     119.849838      -1.296520
   -110.00    -15.00      26.003710       0.000000       0.000000        16      15.0      16.0       0.458538   180.000    45.000    90.000    0     119.928726      -1.248500
   -110.00    -10.00      21.335800       0.000000       0.000000        16      15.0      16.0       0.458538   180.000    45.000    90.000    0     119.912643      -1.249070
   -110.00     -5.00      16.667900       0.000000       0.000000        16      15.0      16.0       0.458538   180.000    45.000    90.000    0     119.896553      -1.249630
   -110.00      0.00      12.000000       0.000000       0.000000        16      15.0      16.0       0.458538   180.000    45.000    90.000    0     119.880463      -1.250200
   -110.00      5.00       7.332100       0.000000       0.000000        16      15.0      16.0       0.458538   180.000    45.000    90.000    0     119.864372      -1.250760
   -110.00     10.00       2.664200       0.000000       0.000000        16      15.0      16.0       0.458538   180.000    45.000    90.000    0     119.848282      -1.251330
   -105.00    -15.00      26.003710       0.000000       0.000000        16      15.0      16.0       0.458538   180.000    45.000    90.000    0     119.927162      -1.203310
   -105.00    -10.00      21.335800       0.000000       0.000000        16      15.0      16.0       0.458538   180.000    45.000    90.000    0     119.911072      -1.203880
   -105.00     -5.00      16.667900       0.000000       0.000000        16      15.0      16.0       0.458538   180.000    45.000    90.000    0     119.894981      -1.204440
   -105.00      0.00      12.000000       0.000000       0.000000        16      15.0      16.0       0.458538   180.000    45.000    90.000    0     119.878891      -1.205010
   -105.00      5.00       7.332100       0.000000       0.000000        16      15.0      16.0       0.458538   180.000    45.000    90.000    0     119.862801      -1.205570
   -105.00     10.00       2.664200       0.000000       0.000000        16      15.0      16.0       0.458538   180.000    45.000    90.000    0     119.846710      -1.206140
   -100.00    -15.00      26.003710       0.000000       0.000000        16      15.0      16.0       0.458538   180.000    45.000    90.000    0     119.925591      -1.158120
   -100.00    -10.00      21.335800       0.000000       0.000000        16      15.0      16.0       0.458538   180.000    45.000    90.000    0     119.909500      -1.158690
   -100.00     -5.00      16.667900       0.000000       0.000000        16      15.0      16.0       0.458538   180.000    45.000    90.000    0     119.893410      -1.159250
   -100.00      0.00      12.000000       0.000000       0.000000        16      15.0      16.0       0.458538   180.000    45.000    90.000    0     119.877319      -1.159820
   -100.00      5.00       7.332100       0.000000       0.000000        16      15.0      16.0       0.458538   180.000    45.000    90.000    0     119.861229      -1.160380
   -100.00     10.00       2.664200       0.000000       0.000000        16      15.0      16.0       0.458538   180.000    45.000    90.000    0     119.845207      -1.160950
    -95.00    -15.00      26.003710       0.000000       0.000000        16      15.0      16.0       0.458538   180.000    45.000    90.000    0     119.924026      -1.112930
    -95.00    -10.00      21.335800       0.000000       0.000000        16      15.0      16.0       0.458538   180.000    45.000    90.000    0     119.907944      -1.113500
    -95.00     -5.00      16.667900       0.000000       0.000000        16      15.0      16.0       0.458538   180.000    45.000    90.000    0     119.891853      -1.114060
    -95.00      0.00      12.000000       0.000000       0.000000        16      15.0      16.0       0.458538   180.000    45.000    90.000    0     119.875763      -1.114630
    -95.00      5.00       7.332100       0.000000       0.000000        16      15.0      16.0       0.458538   180.000    45.000    90.000    0     119.859673      -1.115190
    -95.00     10.00       2.664200       0.000000       0.000000        16      15.0      16.0       0.458538   180.000    45.000    90.000    0     119.843643      -1.115760
    -90.00    -15.00      26.003710       0.000000       0.000000        16      15.0      16.0       0.458538   180.000    45.000    90.000    0     119.922462      -1.067740
    -90.00    -10.00      21.335800       0.000000       0.000000        16      15.0      16.0       0.458538   180.000    45.000    90.000    0     119.906372      -1.068310
    -90.00     -5.00      16.667900       0.000000       0.000000        16      15.0      16.0       0.458538   180.000    45.000    90.000    0     119.890282      -1.068870
    -90.00      0.00      12.000000       0.000000       0.000000        16      15.0      16.0       0.458538   180.000    45.000    90.000    0     119.874191      -1.069440
    -90.00      5.00       7.332100       0.000000       0.000000        16      15.0      16.0       0.458538   180.000    45.000    90.000    0     119.858101      -1.070000
    -90.00     10.00       2.664200       0.000000       0.000000        16      15.0      16.0       0.458538   180.000    45.000    90.000    0     119.842072      -1.070570
    -85.00    -15.00      26.003710       0.000000       0.000000        16      15.0      16.0       0.458538   180.000    45.000    90.000    0     119.920891      -1.022550
    -85.00    -10.00      21.335800       0.000000       0.000000        16      15.0      16.0       0.458538   180.000    45.000    90.000    0     119.904800      -1.023120
    -85.00     -5.00      16.667900       0.000000       0.000000        16      15.0      16.0       0.458538   180.000    45.000    90.000    0     119.888710      -1.023680
    -85.00      0.00      12.000000       0.000000       0.000000        16      15.0      16.0       0.458538   180.000    45.000    90.000    0     119.872620      -1.024250
    -85.00      5.00       7.332100       0.000000       0.000000        16      15.0      16.0       0.458538   180.000    45.000    90.000    0     119.856537      -1.024810
    -85.00     10.00       2.664200       0.000000       0.000000        16      15.0      16.0       0.458538   180.000    45.000    90.000    0     119.840500      -1.025380
    -80.00    -15.00      26.003710       0.063837       0.063837        16      15.0      16.0       0.458538   139.760    81.750    76.740    0     119.919319      -0.977360
    -80.00    -10.00      21.335800       0.046747       0.046747        16      15.0      16.0       0.458538   189.010    74.940    39.730    0     119.903236      -0.977920
    -80.00     -5.00      16.667900       0.064716       0.064716        16      15.0      16.0       0.458538    63.240    54.240    88.150    1     119.887154      -0.978490
    -80.00      0.00      12.000000       0.065669       0.065669        16      15.0      16.0       0.458538   355.540    42.080   -10.830    0     119.871063      -0.979050
    -80.00      5.00       7.332100       0.040447       0.040447        16      15.0      16.0       0.458538   218.300    60.490    85.950    0     119.854973      -0.979620
    -80.00     10.00       2.664200       0.040453       0.040453        16      15.0      16.0       0.458538   352.970    59.540    -0.940    0     119.838928      -0.980190
    -75.00    -15.00      26.003710       0.081962       0.081962        16      15.0      16.0       0.458538   115.260    83.020   101.730    1     119.917763      -0.932170
    -75.00    -10.00      21.335800       0.136938       0.136938        16      15.0      16.0       0.458538   176.060    81.840    64.060    0     119.901672      -0.932730
    -75.00     -5.00      16.667900       0.116550       0.116550        16      15.0      16.0       0.458538   343.240    75.640   -26.260    0     119.885582      -0.933300
    -75.00      0.00      12.000000       0.141108       0.141108        16      15.0      16.0       0.458538   344.050    64.910   -10.010    0     119.869492      -0.933860
    -75.00      5.00       7.332100       0.131593       0.131593        16      15.0      16.0       0.458538   342.670    75.730    -6.760    0     119.853401      -0.934430
    -75.00     10.00       2.664200       0.133227       0.133227        16      15.0      16.0       0.458538   342.140    64.050   -13.120    0     119.837357      -0.934990
    -70.00    -15.00      26.003710       0.067068       0.067068        16      15.0      16.0       0.458538   177.010    78.710    46.620    0     119.916191      -0.886980
    -70.00    -10.00      21.335800       0.163629       0.163629        16      15.0      16.0       0.458538   170.640    87.420    50.560    0     119.900101      -0.887540
    -70.00     -5.00      16.667900       0.202867       0.202867        16      15.0      16.0       0.458538   339.460    73.280   -26.650    0     119.884010      -0.888110
    -70.00      0.00      12.000000       0.231705       0.231705        16      15.0      16.0       0.458538   337.810    66.340   -19.860    0     119.867928      -0.888670
    -70.00      5.00       7.332100       0.240861       0.240861        16      15.0      16.0       0.458538   336.160    64.680   -19.130    0     119.851837      -0.889240
    -70.00     10.00       2.664200       0.234083       0.234083        16      15.0      16.0       0.458538   337.550    62.390   -17.740    0     119.835793      -0.889800
    -65.00    -15.00      26.003710       0.070980       0.070980        16      15.0      16.0       0.458538   344.250    75.210   -19.140    0     119.914619      -0.841790
    -65.00    -10.00      21.335800       0.180783       0.180783        16      15.0      16.0       0.458538   342.300    80.420   -30.590    0     119.898537      -0.842350
    -65.00     -5.00      16.667900       0.249728       0.249728        16      15.0      16.0       0.458538   340.210    77.160   -22.900    0     119.882446      -0.842920
    -65.00      0.00      12.000000       0.290806       0.290806        16      15.0      16.0       0.458538   337.930    71.650   -18.350    0     119.866364      -0.843480
    -65.00      5.00       7.332100       0.314821       0.314821        16      15.0      16.0       0.458538   335.510    65.670   -18.860    0     119.850273      -0.844050
    -65.00     10.00       2.664200       0.308601       0.308601        16      15.0      16.0       0.458538   337.090    65.650   -16.200    0     119.834221      -0.844610
    -60.00    -15.00      26.003710       0.080764       0.080764        16      15.0      16.0       0.458538   347.700    80.780    -7.010    0     119.913063      -0.796600
    -60.00    -10.00      21.335800       0.198494       0.198494        16      15.0      16.0       0.458538   342.910    80.470   -19.090    0     119.896973      -0.797160
    -60.00     -5.00      16.667900       0.277827       0.277827        16      15.0      16.0       0.458538   341.580    81.480   -16.810    0     119.880882      -0.797730
    -60.00      0.00      12.000000       0.327945       0.327945        16      15.0      16.0       0.458538   338.780    76.020   -13.070    0     119.864792      -0.798290
    -60.00      5.00       7.332100       0.355577       0.355577        16      15.0      16.0       0.458538   336.890    70.720   -14.300    0     119.848701      -0.798860
    -60.00     10.00       2.664200       0.354832       0.354832        16      15.0      16.0       0.458538   338.260    71.820   -10.860    0     119.832657      -0.799420
    -55.00    -15.00      26.003710       0.094208       0.094208        16      15.0      16.0       0.458538   171.090    87.410    -0.880    0     119.911491      -0.751410
    -55.00    -10.00      21.335800       0.208037       0.208037        16      15.0      16.0       0.458538   344.600    87.880    -8.700    0     119.895401      -0.751970
    -55.00     -5.00      16.667900       0.291909       0.291909        16      15.0      16.0       0.458538   342.520    85.870   -10.240    0     119.879311      -0.752540
    -55.00      0.00      12.000000       0.348417       0.348417        16      15.0      16.0       0.458538   339.470    81.010    -7.790    0     119.863228      -0.753100
    -55.00      5.00       7.332100       0.380371       0.380371        16      15.0      16.0       0.458538   337.910    76.510    -9.150    0     119.847137      -0.753670
    -55.00     10.00       2.664200       0.380597       0.380597        16      15.0      16.0       0.458538   339.280    79.520    -4.120    0     119.831093      -0.754230
    -50.00    -15.00      26.003710       0.112382       0.112382        16      15.0      16.0       0.458538   172.700    79.020    -3.090    0     119.909920      -0.706210
    -50.00    -10.00      21.335800       0.213931       0.213931        16      15.0      16.0       0.458538   165.290    81.400    -0.550    0     119.893837      -0.706780
    -50.00     -5.00      16.667900       0.295878       0.295878        16      15.0      16.0       0.458538   342.420    87.650    -5.380    0     119.877747      -0.707340
    -50.00      0.00      12.000000       0.355508       0.355508        16      15.0      16.0       0.458538   339.650    83.000    -4.760    0     119.861656      -0.707910
    -50.00      5.00       7.332100       0.387339       0.387339        16      15.0      16.0       0.458538   338.630    81.620    -3.870    0     119.845612      -0.708470
    -50.00     10.00       2.664200       0.391217       0.391217        16      15.0      16.0       0.458538   339.560    84.890     1.100    0     119.829521      -0.709040
    -45.00    -15.00      26.003710       0.117442       0.117442        16      15.0      16.0       0.458538   174.580    80.470    -7.490    0     119.908363      -0.661020
    -45.00    -10.00      21.335800       0.210518       0.210518        16      15.0      16.0       0.458538   165.330    80.900    -4.450    0     119.892273      -0.661590
    -45.00     -5.00      16.667900       0.287334       0.287334        16      15.0      16.0       0.458538   341.740    87.360    -2.480    0     119.876183      -0.662150
    -45.00      0.00      12.000000       0.349676       0.349676        16      15.0      16.0       0.458538   339.130    81.430    -4.260    0     119.860092      -0.662720
    -45.00      5.00       7.332100       0.380514       0.380514        16      15.0      16.0       0.458538   338.560    82.400    -1.640    0     119.844040      -0.663280
    -45.00     10.00       2.664200       0.385542       0.385542        16      15.0      16.0       0.458538   339.480    86.940     3.980    0     119.827950      -0.663850
    -40.00    -15.00      26.003710       0.108514       0.108514        16      15.0      16.0       0.458538   175.090    84.310   -11.430    0     119.906792      -0.615830
    -40.00    -10.00      21.335800       0.190247       0.190247        16      15.0      16.0       0.458538   166.720    84.350    -3.120    0     119.890701      -0.616400
    -40.00     -5.00      16.667900       0.264672       0.264672        16      15.0      16.0       0.458538   341.220    87.440    -0.390    0     119.874619      -0.616960
    -40.00      0.00      12.000000       0.329107       0.329107        16      15.0      16.0       0.458538   338.600    78.100    -4.380    0     119.858528      -0.617530
    -40.00      5.00       7.332100       0.353893       0.353893        16      15.0      16.0       0.458538   338.750    80.740    -0.900    0     119.842468      -0.618090
    -40.00     10.00       2.664200       0.362303       0.362303        16      15.0      16.0       0.458538   339.400    86.860     5.120    0     119.826378      -0.618660
    -35.00    -15.00      26.003710       0.090354       0.090354        16      15.0      16.0       0.458538   357.380    86.450    15.470    0     119.905220      -0.570640
    -35.00    -10.00      21.335800       0.164350       0.164350        16      15.0      16.0       0.458538   347.410    87.170     0.310    0     119.889137      -0.571210
    -35.00     -5.00      16.667900       0.236291       0.236291        16      15.0      16.0       0.458538   340.710    81.770    -1.060    0     119.873047      -0.571770
    -35.00      0.00      12.000000       0.297554       0.297554        16      15.0      16.0       0.458538   337.840    72.220    -5.810    0     119.856956      -0.572340
    -35.00      5.00       7.332100       0.314786       0.314786        16      15.0      16.0       0.458538   338.970    76.550    -1.750    0     119.840897      -0.572900
    -35.00     10.00       2.664200       0.323279       0.323279        16      15.0      16.0       0.458538   339.470    84.980     5.000    0     119.824806      -0.573470
    -30.00    -15.00      26.003710       0.069000       0.069000        16      15.0      16.0       0.458538     0.630    85.550    25.450    0     119.903664      -0.525450
    -30.00    -10.00      21.335800       0.134288       0.134288        16      15.0      16.0       0.458538   346.170    77.120    -3.630    0     119.887573      -0.526020
    -30.00     -5.00      16.667900       0.205315       0.205315        16      15.0      16.0       0.458538   339.260    72.870    -6.150    0     119.871483      -0.526580
    -30.00      0.00      12.000000       0.255286       0.255286        16      15.0      16.0       0.458538   336.810    65.690    -8.740    0     119.855400      -0.527150
    -30.00      5.00       7.332100       0.267297       0.267297        16      15.0      16.0       0.458538   338.830    71.270    -5.000    0     119.839333      -0.527710
    -30.00     10.00       2.664200       0.272200       0.272200        16      15.0      16.0       0.458538   339.800    80.900     2.760    0     119.823242      -0.528280
    -25.00    -15.00      26.003710       0.046249       0.046249        16      15.0      16.0       0.458538     4.980    86.750    33.760    0     119.902092      -0.480260
    -25.00    -10.00      21.335800       0.092663       0.092663        16      15.0      16.0       0.458538   344.710    72.350    -6.710    0     119.886002      -0.480820
    -25.00     -5.00      16.667900       0.165091       0.165091        16      15.0      16.0       0.458538   337.380    65.310   -11.360    0     119.869919      -0.481390
    -25.00      0.00      12.000000       0.205688       0.205688        16      15.0      16.0       0.458538   335.410    58.590   -13.420    0     119.853828      -0.481950
    -25.00      5.00       7.332100       0.214792       0.214792        16      15.0      16.0       0.458538   337.120    60.890   -14.730    0     119.837761      -0.482520
    -25.00     10.00       2.664200       0.212950       0.212950        16      15.0      16.0       0.458538   339.880    69.000    -7.810    0     119.821671      -0.483090
    -20.00    -15.00      26.003710       0.027726       0.027726        16      15.0      16.0       0.458538   138.050    73.190  -114.520    0     119.900528      -0.435070
    -20.00    -10.00      21.335800       0.052452       0.052452        16      15.0      16.0       0.458538   342.470    60.930   -11.180    0     119.884438      -0.435630
    -20.00     -5.00      16.667900       0.119296       0.119296        16      15.0      16.0       0.458538   334.950    58.740   -16.340    0     119.868347      -0.436200
    -20.00      0.00      12.000000       0.147742       0.147742        16      15.0      16.0       0.458538   334.230    53.970   -20.210    0     119.852257      -0.436760
    -20.00      5.00       7.332100       0.162790       0.162790        16      15.0      16.0       0.458538   325.010    41.210   -43.600    0     119.836189      -0.437330
    -20.00     10.00       2.664200       0.159191       0.159191        16      15.0      16.0       0.458538   112.070    55.290   -95.390    1     119.820099      -0.437900
    -15.00    -15.00      26.003710       0.036593       0.036593        16      15.0      16.0       0.458538   144.120    75.000  -135.170    0     119.898956      -0.389880
    -15.00    -10.00      21.335800       0.033661       0.033661        16      15.0      16.0       0.458538   327.400    15.400   -47.510    0     119.882874      -0.390440
    -15.00     -5.00      16.667900       0.059230       0.059230        16      15.0      16.0       0.458538   338.550    54.180   -15.400    0     119.866791      -0.391010
    -15.00      0.00      12.000000       0.087278       0.087278        16      15.0      16.0       0.458538   331.500    50.340   -34.830    0     119.850700      -0.391570
    -15.00      5.00       7.332100       0.110331       0.110331        16      15.0      16.0       0.458538   107.680    61.100  -100.450    1     119.834618      -0.392140
    -15.00     10.00       2.664200       0.107030       0.107030        16      15.0      16.0       0.458538   121.250    55.480   -86.710    1     119.818527      -0.392700
    -10.00    -15.00      26.003710       0.054563       0.054563        16      15.0      16.0       0.458538   145.540    77.850  -132.220    0     119.897392      -0.344690
    -10.00    -10.00      21.335800       0.075329       0.075329        16      15.0      16.0       0.458538   320.830    89.990   102.280    0     119.881310      -0.345250
    -10.00     -5.00      16.667900       0.030457       0.030457        16      15.0      16.0       0.458538    42.320    74.540    63.900    0     119.865219      -0.345820
    -10.00      0.00      12.000000       0.055181       0.055181        16      15.0      16.0       0.458538   113.690    51.710   -88.430    1     119.849129      -0.346380
    -10.00      5.00       7.332100       0.040313       0.040313        16      15.0      16.0       0.458538   126.230    58.070   -85.930    1     119.833054      -0.346950
    -10.00     10.00       2.664200       0.061805       0.061805        16      15.0      16.0       0.458538   143.160    55.120   -64.400    0     119.816963      -0.347510
     -5.00    -15.00      26.003710       0.056152       0.056152        16      15.0      16.0       0.458538    67.120    29.610    35.180    1     119.895828      -0.299500
     -5.00    -10.00      21.335800       0.081438       0.081438        16      15.0      16.0       0.458538    71.340    26.840    39.570    1     119.879738      -0.300060
     -5.00     -5.00      16.667900       0.000000       0.000000        16      15.0      16.0       0.458538   180.000    45.000    90.000    0     119.863647      -0.300630
     -5.00      0.00      12.000000       0.000000       0.000000        16      15.0      16.0       0.458538   180.000    45.000    90.000    0     119.847572      -0.301190
     -5.00      5.00       7.332100       0.000000       0.000000        16      15.0      16.0       0.458538   180.000    45.000    90.000    0     119.831482      -0.301760
     -5.00     10.00       2.664200       0.026181       0.026181        16      15.0      16.0       0.458538   140.120    64.250   -81.360    0     119.815399      -0.302320
      0.00    -15.00      26.003710       0.076763       0.076763        16      15.0      16.0       0.458538   326.460    67.250   134.170    0     119.894257      -0.254300
      0.00    -10.00      21.335800       0.074813       0.074813        16      15.0      16.0       0.458538   334.180    84.310   108.090    0     119.878166      -0.254870
      0.00     -5.00      16.667900       0.000000       0.000000        16      15.0      16.0       0.458538   180.000    45.000    90.000    0     119.862091      -0.255430
      0.00      0.00      12.000000       0.000000       0.000000        16      15.0      16.0       0.458538   180.000    45.000    90.000    0     119.846001      -0.256000
      0.00      5.00       7.332100       0.000000       0.000000        16      15.0      16.0       0.458538   180.000    45.000    90.000    0     119.829910      -0.256570
      0.00     10.00       2.664200       0.033003       0.033003        16      15.0      16.0       0.458538   321.420    20.510   -67.930    0     119.813828      -0.257130
      5.00    -15.00      26.003710       0.108867       0.108867        16      15.0      16.0       0.458538   330.740    47.500   152.180    0     119.892693      -0.209110
      5.00    -10.00      21.335800       0.065920       0.065920        16      15.0      16.0       0.458538   187.650    87.730  -109.990    0     119.876602      -0.209680
      5.00     -5.00      16.667900       0.000000       0.000000        16      15.0      16.0       0.458538   180.000    45.000    90.000    0     119.860519      -0.210240
      5.00      0.00      12.000000       0.000000       0.000000        16      15.0      16.0       0.458538   180.000    45.000    90.000    0     119.844429      -0.210810
      5.00      5.00       7.332100       0.000000       0.000000        16      15.0      16.0       0.458538   180.000    45.000    90.000    0     119.828346      -0.211370
      5.00     10.00       2.664200       0.034947       0.034947        16      15.0      16.0       0.458538   112.480    70.660   -96.370    1     119.812263      -0.211940
     10.00    -15.00      26.003710       0.117651       0.117651        16      15.0      16.0       0.458538   333.140    45.820   146.920    0     119.891121      -0.163920
     10.00    -10.00      21.335800       0.110075       0.110075        16      15.0      16.0       0.458538   358.810    81.320   111.780    0     119.875038      -0.164490
     10.00     -5.00      16.667900       0.047743       0.047743        16      15.0      16.0       0.458538   318.000    62.260   114.810    0     119.858948      -0.165050
     10.00      0.00      12.000000       0.015811       0.015811        16      15.0      16.0       0.458538    12.650    89.140   103.980    0     119.842873      -0.165620
     10.00      5.00       7.332100       0.032237       0.032237        16      15.0      16.0       0.458538   112.170    50.890   116.610    1     119.826782      -0.166180
     10.00     10.00       2.664200       0.049761       0.049761        16      15.0      16.0       0.458538   331.420     9.710   -42.590    0     119.810692      -0.166750
     15.00    -15.00      26.003710       0.086080       0.086080        16      15.0      16.0       0.458538   358.990    63.950   123.450    0     119.889549      -0.118730
     15.00    -10.00      21.335800       0.106066       0.106066        16      15.0      16.0       0.458538   359.180    72.380   108.330    0     119.873466      -0.119300
     15.00     -5.00      16.667900       0.077384       0.077384        16      15.0      16.0       0.458538   147.960    20.910    86.000    0     119.857384      -0.119860
     15.00      0.00      12.000000       0.047468       0.047468        16      15.0      16.0       0.458538   161.900    25.540   138.380    0     119.841301      -0.120430
     15.00      5.00       7.332100       0.058138       0.058138        16      15.0      16.0       0.458538    94.750    14.100    93.880    1     119.825218      -0.120990
     15.00     10.00       2.664200       0.087774       0.087774        16      15.0      16.0       0.458538   323.440     2.100   -50.440    0     119.809128      -0.121560
     20.00    -15.00      26.003710       0.069238       0.069238        16      15.0      16.0       0.458538   158.510    40.400    74.500    0     119.887978      -0.073540
     20.00    -10.00      21.335800       0.087305       0.087305        16      15.0      16.0       0.458538   185.430    38.650   113.430    0     119.871902      -0.074100
     20.00     -5.00      16.667900       0.084850       0.084850        16      15.0      16.0       0.458538   197.090    43.870   145.900    0     119.855812      -0.074670
     20.00      0.00      12.000000       0.069784       0.069784        16      15.0      16.0       0.458538   195.040    51.270   151.830    0     119.839737      -0.075240
     20.00      5.00       7.332100       0.077960       0.077960        16      15.0      16.0       0.458538   110.900     3.760   112.530    1     119.823647      -0.075800
     20.00     10.00       2.664200       0.115021       0.115021        16      15.0      16.0       0.458538   101.910    87.890   -86.850    1     119.807564      -0.076370
     25.00    -15.00      26.003710       0.076543       0.076543        16      15.0      16.0       0.458538   197.230    52.450   108.950    0     119.886414      -0.028350
     25.00    -10.00      21.335800       0.101422       0.101422        16      15.0      16.0       0.458538   211.220    62.290   140.420    0     119.870331      -0.028910
     25.00     -5.00      16.667900       0.104333       0.104333        16      15.0      16.0       0.458538   313.630    63.190    25.580    0     119.854240      -0.029480
     25.00      0.00      12.000000       0.090635       0.090635        16      15.0      16.0       0.458538   313.360    58.220    17.410    0     119.838173      -0.030050
     25.00      5.00       7.332100       0.081939       0.081939        16      15.0      16.0       0.458538   328.260    15.130   -18.740    0     119.822083      -0.030610
     25.00     10.00       2.664200       0.120363       0.120363        16      15.0      16.0       0.458538   103.510    85.590   -83.690    1     119.806000      -0.031180
     30.00    -15.00      26.003710       0.095879       0.095879        16      15.0      16.0       0.458538   218.660    68.540   124.230    0     119.884850       0.016840
     30.00    -10.00      21.335800       0.116537       0.116537        16      15.0      16.0       0.458538   319.400    59.010    13.540    0     119.868759       0.016280
     30.00     -5.00      16.667900       0.129801       0.129801        16      15.0      16.0       0.458538   314.370    59.830     8.550    0     119.852669       0.015710
     30.00      0.00      12.000000       0.113090       0.113090        16      15.0      16.0       0.458538   313.880    63.550     3.510    0     119.836601       0.015150
     30.00      5.00       7.332100       0.090569       0.090569        16      15.0      16.0       0.458538   318.940    76.720    26.370    0     119.820518       0.014580
     30.00     10.00       2.664200       0.115227       0.115227        16      15.0      16.0       0.458538   115.710    83.420   -70.940    1     119.804428       0.014020
     35.00    -15.00      26.003710       0.109848       0.109848        16      15.0      16.0       0.458538   328.730    41.990    12.080    0     119.883278       0.062030
     35.00    -10.00      21.335800       0.129414       0.129414        16      15.0      16.0       0.458538   319.090    61.590    -1.280    0     119.867188       0.061470
     35.00     -5.00      16.667900       0.147775       0.147775        16      15.0      16.0       0.458538   313.920    63.730    -6.590    0     119.851097       0.060900
     35.00      0.00      12.000000       0.124566       0.124566        16      15.0      16.0       0.458538   314.870    71.570    -3.470    0     119.835037       0.060340
     35.00      5.00       7.332100       0.107269       0.107269        16      15.0      16.0       0.458538   134.910    82.690   -27.190    0     119.818947       0.059770
     35.00     10.00       2.664200       0.115304       0.115304        16      15.0      16.0       0.458538   133.580    85.090   -49.020    0     119.802856       0.059210
     40.00    -15.00      26.003710       0.121888       0.121888        16      15.0      16.0       0.458538   325.530    43.820    -1.380    0     119.881706       0.107230
     40.00    -10.00      21.335800       0.154394       0.154394        16      15.0      16.0       0.458538   318.410    52.290    -6.170    0     119.865623       0.106660
     40.00     -5.00      16.667900       0.157763       0.157763        16      15.0      16.0       0.458538   313.510    65.500   -17.590    0     119.849533       0.106090
     40.00      0.00      12.000000       0.124245       0.124245        16      15.0      16.0       0.458538   316.900    83.470    -1.690    0     119.833473       0.105530
     40.00      5.00       7.332100       0.124065       0.124065        16      15.0      16.0       0.458538   129.640    65.220   -35.690    1     119.817390       0.104960
     40.00     10.00       2.664200       0.115943       0.115943        16      15.0      16.0       0.458538   136.090    78.490   -42.650    0     119.801300       0.104400
     45.00    -15.00      26.003710       0.116184       0.116184        16      15.0      16.0       0.458538   325.080    39.030    -1.180    0     119.880142       0.152420
     45.00    -10.00      21.335800       0.143396       0.143396        16      15.0      16.0       0.458538   317.510    55.580   -16.900    0     119.864052       0.151850
     45.00     -5.00      16.667900       0.145861       0.145861        16      15.0      16.0       0.458538   311.950    67.400   -28.610    1     119.847961       0.151280
     45.00      0.00      12.000000       0.105959       0.105959        16      15.0      16.0       0.458538    96.510    42.670   -85.410    1     119.831909       0.150720
     45.00      5.00       7.332100       0.116173       0.116173        16      15.0      16.0       0.458538   125.970    54.900   -41.570    1     119.815819       0.150150
     45.00     10.00       2.664200       0.100797       0.100797        16      15.0      16.0       0.458538   135.330    69.840   -38.620    0     119.799728       0.149590
     50.00    -15.00      26.003710       0.086593       0.086593        16      15.0      16.0       0.458538   216.690    81.530   101.620    0     119.878571       0.197610
     50.00    -10.00      21.335800       0.104032       0.104032        16      15.0      16.0       0.458538   317.990    60.230   -27.640    0     119.862480       0.197040
     50.00     -5.00      16.667900       0.099586       0.099586        16      15.0      16.0       0.458538   309.350    68.650   -36.380    1     119.846390       0.196470
     50.00      0.00      12.000000       0.065129       0.065129        16      15.0      16.0       0.458538   109.090    35.600   -68.810    1     119.830338       0.195910
     50.00      5.00       7.332100       0.077041       0.077041        16      15.0      16.0       0.458538   120.750    49.000   -49.500    1     119.814247       0.195340
     50.00     10.00       2.664200       0.063959       0.063959        16      15.0      16.0       0.458538   132.830    61.830   -36.460    1     119.798172       0.194780
