      xloc      yloc          depth         ave SR         max SR         #     start       end     max SR all       str       dip      rake flag
   -170.00    -10.00      21.335800       0.000000       0.000000        13      12.0      13.0       0.019049   180.000    45.000    90.000    0     119.931450      -1.791360
   -170.00      0.00      12.000000       0.000000       0.000000        13      12.0      13.0       0.019049   180.000    45.000    90.000    0     119.899261      -1.792490
   -170.00     10.00       2.664200       0.000000       0.000000        13      12.0      13.0       0.019049   180.000    45.000    90.000    0     119.867081      -1.793620
   -160.00    -10.00      21.335800       0.000000       0.000000        13      12.0      13.0       0.019049   180.000    45.000    90.000    0     119.928307      -1.700980
   -160.00      0.00      12.000000       0.000000       0.000000        13      12.0      13.0       0.019049   180.000    45.000    90.000    0     119.896133      -1.702110
   -160.00     10.00       2.664200       0.000000       0.000000        13      12.0      13.0       0.019049   180.000    45.000    90.000    0     119.863937      -1.703240
   -150.00    -10.00      21.335800       0.000000       0.000000        13      12.0      13.0       0.019049   180.000    45.000    90.000    0     119.925179      -1.610590
   -150.00      0.00      12.000000       0.000000       0.000000        13      12.0      13.0       0.019049   180.000    45.000    90.000    0     119.892990      -1.611730
   -150.00     10.00       2.664200       0.000000       0.000000        13      12.0      13.0       0.019049   180.000    45.000    90.000    0     119.860809      -1.612860
   -140.00    -10.00      21.335800       0.000000       0.000000        13      12.0      13.0       0.019049   180.000    45.000    90.000    0     119.922043      -1.520210
   -140.00      0.00      12.000000       0.000000       0.000000        13      12.0      13.0       0.019049   180.000    45.000    90.000    0     119.889862      -1.521340
   -140.00     10.00       2.664200       0.000000       0.000000        13      12.0      13.0       0.019049   180.000    45.000    90.000    0     119.857681      -1.522470
   -130.00    -10.00      21.335800       0.000000       0.000000        13      12.0      13.0       0.019049   180.000    45.000    90.000    0     119.918907      -1.429830
   -130.00      0.00      12.000000       0.000000       0.000000        13      12.0      13.0       0.019049   180.000    45.000    90.000    0     119.886719      -1.430960
   -130.00     10.00       2.664200       0.000000       0.000000        13      12.0      13.0       0.019049   180.000    45.000    90.000    0     119.854538      -1.432090
   -120.00    -10.00      21.335800       0.000000       0.000000        13      12.0      13.0       0.019049   180.000    45.000    90.000    0     119.915771      -1.339450
   -120.00      0.00      12.000000       0.000000       0.000000        13      12.0      13.0       0.019049   180.000    45.000    90.000    0     119.883591      -1.340580
   -120.00     10.00       2.664200       0.000000       0.000000        13      12.0      13.0       0.019049   180.000    45.000    90.000    0     119.851410      -1.341710
   -110.00    -10.00      21.335800       0.000000       0.000000        13      12.0      13.0       0.019049   180.000    45.000    90.000    0     119.912643      -1.249070
   -110.00      0.00      12.000000       0.000000       0.000000        13      12.0      13.0       0.019049   180.000    45.000    90.000    0     119.880463      -1.250200
   -110.00     10.00       2.664200       0.000000       0.000000        13      12.0      13.0       0.019049   180.000    45.000    90.000    0     119.848282      -1.251330
   -100.00    -10.00      21.335800       0.000000       0.000000        13      12.0      13.0       0.019049   180.000    45.000    90.000    0     119.909500      -1.158690
   -100.00      0.00      12.000000       0.000000       0.000000        13      12.0      13.0       0.019049   180.000    45.000    90.000    0     119.877319      -1.159820
   -100.00     10.00       2.664200       0.000000       0.000000        13      12.0      13.0       0.019049   180.000    45.000    90.000    0     119.845207      -1.160950
    -90.00    -10.00      21.335800       0.000000       0.000000        13      12.0      13.0       0.019049   180.000    45.000    90.000    0     119.906372      -1.068310
    -90.00      0.00      12.000000       0.000000       0.000000        13      12.0      13.0       0.019049   180.000    45.000    90.000    0     119.874191      -1.069440
    -90.00     10.00       2.664200       0.000000       0.000000        13      12.0      13.0       0.019049   180.000    45.000    90.000    0     119.842072      -1.070570
    -80.00    -10.00      21.335800       0.002329       0.002329        13      12.0      13.0       0.019049   158.420    77.380   -56.400    0     119.903236      -0.977920
    -80.00      0.00      12.000000       0.002138       0.002138        13      12.0      13.0       0.019049   147.600    69.970   -49.610    0     119.871063      -0.979050
    -80.00     10.00       2.664200       0.001300       0.001300        13      12.0      13.0       0.019049   143.540    77.970   -52.640    0     119.838928      -0.980190
    -70.00    -10.00      21.335800       0.003130       0.003130        13      12.0      13.0       0.019049   149.290    66.000   -54.840    0     119.900101      -0.887540
    -70.00      0.00      12.000000       0.003778       0.003778        13      12.0      13.0       0.019049   153.510    71.340   -59.560    0     119.867928      -0.888670
    -70.00     10.00       2.664200       0.002015       0.002015        13      12.0      13.0       0.019049   153.550    74.770   -52.740    0     119.835793      -0.889800
    -60.00    -10.00      21.335800       0.004048       0.004048        13      12.0      13.0       0.019049   172.750    77.490   -20.570    0     119.896973      -0.797160
    -60.00      0.00      12.000000       0.005171       0.005171        13      12.0      13.0       0.019049     0.180    79.010     3.870    0     119.864792      -0.798290
    -60.00     10.00       2.664200       0.003078       0.003078        13      12.0      13.0       0.019049   357.330    81.630     6.620    0     119.832657      -0.799420
    -50.00    -10.00      21.335800       0.006639       0.006639        13      12.0      13.0       0.019049   356.490    72.730   -17.690    0     119.893837      -0.706780
    -50.00      0.00      12.000000       0.008226       0.008226        13      12.0      13.0       0.019049     0.530    76.320    -9.980    0     119.861656      -0.707910
    -50.00     10.00       2.664200       0.005008       0.005008        13      12.0      13.0       0.019049   359.140    76.400    -8.810    0     119.829521      -0.709040
    -40.00    -10.00      21.335800       0.008915       0.008915        13      12.0      13.0       0.019049   358.500    76.980   -17.180    0     119.890701      -0.616400
    -40.00      0.00      12.000000       0.011160       0.011160        13      12.0      13.0       0.019049     1.270    81.130   -10.840    0     119.858528      -0.617530
    -40.00     10.00       2.664200       0.006939       0.006939        13      12.0      13.0       0.019049     0.550    80.930   -10.640    0     119.826378      -0.618660
    -30.00    -10.00      21.335800       0.010406       0.010406        13      12.0      13.0       0.019049   359.820    81.130   -14.500    0     119.887573      -0.526020
    -30.00      0.00      12.000000       0.013408       0.013408        13      12.0      13.0       0.019049     1.670    84.410   -10.280    0     119.855400      -0.527150
    -30.00     10.00       2.664200       0.008434       0.008434        13      12.0      13.0       0.019049     1.210    84.170   -10.020    0     119.823242      -0.528280
    -20.00    -10.00      21.335800       0.011561       0.011561        13      12.0      13.0       0.019049     1.180    86.150   -10.330    0     119.884438      -0.435630
    -20.00      0.00      12.000000       0.015143       0.015143        13      12.0      13.0       0.019049     1.960    87.160    -8.110    0     119.852257      -0.436760
    -20.00     10.00       2.664200       0.009571       0.009571        13      12.0      13.0       0.019049     1.590    87.090    -7.460    0     119.820099      -0.437900
    -10.00    -10.00      21.335800       0.012394       0.012394        13      12.0      13.0       0.019049   181.450    89.620     6.140    0     119.881310      -0.345250
    -10.00      0.00      12.000000       0.016338       0.016338        13      12.0      13.0       0.019049     1.650    89.340    -4.950    0     119.849129      -0.346380
    -10.00     10.00       2.664200       0.010450       0.010450        13      12.0      13.0       0.019049   181.520    89.860     3.500    0     119.816963      -0.347510
      0.00    -10.00      21.335800       0.012790       0.012790        13      12.0      13.0       0.019049   180.720    87.720     2.620    0     119.878166      -0.254870
      0.00      0.00      12.000000       0.016918       0.016918        13      12.0      13.0       0.019049   181.100    88.830     1.530    0     119.846001      -0.256000
      0.00     10.00       2.664200       0.010828       0.010828        13      12.0      13.0       0.019049   180.890    87.810    -0.560    0     119.813828      -0.257130
     10.00    -10.00      21.335800       0.012695       0.012695        13      12.0      13.0       0.019049   179.740    86.590    -1.420    0     119.875038      -0.164490
     10.00      0.00      12.000000       0.016832       0.016832        13      12.0      13.0       0.019049   180.140    86.700    -2.200    0     119.842873      -0.165620
     10.00     10.00       2.664200       0.010825       0.010825        13      12.0      13.0       0.019049   180.070    86.050    -4.630    0     119.810692      -0.166750
     20.00    -10.00      21.335800       0.012120       0.012120        13      12.0      13.0       0.019049   178.590    86.110    -5.950    0     119.871902      -0.074100
     20.00      0.00      12.000000       0.016113       0.016113        13      12.0      13.0       0.019049   178.990    84.970    -6.460    0     119.839737      -0.075240
     20.00     10.00       2.664200       0.010337       0.010337        13      12.0      13.0       0.019049   179.040    84.420    -8.720    0     119.807564      -0.076370
     30.00    -10.00      21.335800       0.011056       0.011056        13      12.0      13.0       0.019049   177.530    85.230   -10.440    0     119.868759       0.016280
     30.00      0.00      12.000000       0.014677       0.014677        13      12.0      13.0       0.019049   177.620    83.540   -10.960    0     119.836601       0.015150
     30.00     10.00       2.664200       0.009293       0.009293        13      12.0      13.0       0.019049   177.710    83.150   -13.080    0     119.804428       0.014020
     40.00    -10.00      21.335800       0.009214       0.009214        13      12.0      13.0       0.019049   176.760    83.910   -15.180    0     119.865623       0.106660
     40.00      0.00      12.000000       0.012088       0.012088        13      12.0      13.0       0.019049   176.220    83.060   -15.830    0     119.833473       0.105530
     40.00     10.00       2.664200       0.007547       0.007547        13      12.0      13.0       0.019049   176.650    82.060   -17.960    0     119.801300       0.104400
     50.00    -10.00      21.335800       0.005710       0.005710        13      12.0      13.0       0.019049   177.470    85.540   -18.690    0     119.862480       0.197040
     50.00      0.00      12.000000       0.007350       0.007350        13      12.0      13.0       0.019049   175.040    83.150   -19.760    0     119.830338       0.195910
     50.00     10.00       2.664200       0.004520       0.004520        13      12.0      13.0       0.019049   175.880    81.240   -22.720    0     119.798172       0.194780
