      xloc      yloc          depth         ave SR         max SR         #     start       end     max SR all       str       dip      rake flag
   -170.00    -10.00      21.335800       0.000000       0.000000        16      15.0      16.0       0.019049   180.000    45.000    90.000    0     119.931450      -1.791360
   -170.00      0.00      12.000000       0.000000       0.000000        16      15.0      16.0       0.019049   180.000    45.000    90.000    0     119.899261      -1.792490
   -170.00     10.00       2.664200       0.000000       0.000000        16      15.0      16.0       0.019049   180.000    45.000    90.000    0     119.867081      -1.793620
   -160.00    -10.00      21.335800       0.000000       0.000000        16      15.0      16.0       0.019049   180.000    45.000    90.000    0     119.928307      -1.700980
   -160.00      0.00      12.000000       0.000000       0.000000        16      15.0      16.0       0.019049   180.000    45.000    90.000    0     119.896133      -1.702110
   -160.00     10.00       2.664200       0.000000       0.000000        16      15.0      16.0       0.019049   180.000    45.000    90.000    0     119.863937      -1.703240
   -150.00    -10.00      21.335800       0.000000       0.000000        16      15.0      16.0       0.019049   180.000    45.000    90.000    0     119.925179      -1.610590
   -150.00      0.00      12.000000       0.000000       0.000000        16      15.0      16.0       0.019049   180.000    45.000    90.000    0     119.892990      -1.611730
   -150.00     10.00       2.664200       0.000000       0.000000        16      15.0      16.0       0.019049   180.000    45.000    90.000    0     119.860809      -1.612860
   -140.00    -10.00      21.335800       0.000000       0.000000        16      15.0      16.0       0.019049   180.000    45.000    90.000    0     119.922043      -1.520210
   -140.00      0.00      12.000000       0.000000       0.000000        16      15.0      16.0       0.019049   180.000    45.000    90.000    0     119.889862      -1.521340
   -140.00     10.00       2.664200       0.000000       0.000000        16      15.0      16.0       0.019049   180.000    45.000    90.000    0     119.857681      -1.522470
   -130.00    -10.00      21.335800       0.000000       0.000000        16      15.0      16.0       0.019049   180.000    45.000    90.000    0     119.918907      -1.429830
   -130.00      0.00      12.000000       0.000000       0.000000        16      15.0      16.0       0.019049   180.000    45.000    90.000    0     119.886719      -1.430960
   -130.00     10.00       2.664200       0.000000       0.000000        16      15.0      16.0       0.019049   180.000    45.000    90.000    0     119.854538      -1.432090
   -120.00    -10.00      21.335800       0.000000       0.000000        16      15.0      16.0       0.019049   180.000    45.000    90.000    0     119.915771      -1.339450
   -120.00      0.00      12.000000       0.000000       0.000000        16      15.0      16.0       0.019049   180.000    45.000    90.000    0     119.883591      -1.340580
   -120.00     10.00       2.664200       0.000000       0.000000        16      15.0      16.0       0.019049   180.000    45.000    90.000    0     119.851410      -1.341710
   -110.00    -10.00      21.335800       0.000000       0.000000        16      15.0      16.0       0.019049   180.000    45.000    90.000    0     119.912643      -1.249070
   -110.00      0.00      12.000000       0.000000       0.000000        16      15.0      16.0       0.019049   180.000    45.000    90.000    0     119.880463      -1.250200
   -110.00     10.00       2.664200       0.000000       0.000000        16      15.0      16.0       0.019049   180.000    45.000    90.000    0     119.848282      -1.251330
   -100.00    -10.00      21.335800       0.001065       0.001065        16      15.0      16.0       0.019049   221.920    57.650  -164.220    0     119.909500      -1.158690
   -100.00      0.00      12.000000       0.001639       0.001639        16      15.0      16.0       0.019049   131.320    69.350   -24.660    1     119.877319      -1.159820
   -100.00     10.00       2.664200       0.000870       0.000870        16      15.0      16.0       0.019049   134.900    77.810   -17.190    0     119.845207      -1.160950
    -90.00    -10.00      21.335800       0.003264       0.003264        16      15.0      16.0       0.019049   130.940    69.090   -38.880    1     119.906372      -1.068310
    -90.00      0.00      12.000000       0.004671       0.004671        16      15.0      16.0       0.019049   133.220    75.190   -38.250    0     119.874191      -1.069440
    -90.00     10.00       2.664200       0.002939       0.002939        16      15.0      16.0       0.019049   132.920    74.480   -34.030    1     119.842072      -1.070570
    -80.00    -10.00      21.335800       0.004553       0.004553        16      15.0      16.0       0.019049   138.300    70.700   -46.680    0     119.903236      -0.977920
    -80.00      0.00      12.000000       0.005950       0.005950        16      15.0      16.0       0.019049   136.680    70.710   -43.940    0     119.871063      -0.979050
    -80.00     10.00       2.664200       0.003753       0.003753        16      15.0      16.0       0.019049   135.620    73.360   -43.370    0     119.838928      -0.980190
    -70.00    -10.00      21.335800       0.004897       0.004897        16      15.0      16.0       0.019049   145.610    72.290   -50.670    0     119.900101      -0.887540
    -70.00      0.00      12.000000       0.006195       0.006195        16      15.0      16.0       0.019049   142.140    68.970   -48.530    0     119.867928      -0.888670
    -70.00     10.00       2.664200       0.003970       0.003970        16      15.0      16.0       0.019049   140.050    71.240   -50.020    0     119.835793      -0.889800
    -60.00    -10.00      21.335800       0.004730       0.004730        16      15.0      16.0       0.019049   155.780    73.750   -43.690    0     119.896973      -0.797160
    -60.00      0.00      12.000000       0.005968       0.005968        16      15.0      16.0       0.019049   148.140    65.630   -49.710    0     119.864792      -0.798290
    -60.00     10.00       2.664200       0.003769       0.003769        16      15.0      16.0       0.019049   148.530    68.970   -48.280    0     119.832657      -0.799420
    -50.00    -10.00      21.335800       0.005211       0.005211        16      15.0      16.0       0.019049   353.940    81.040     5.960    0     119.893837      -0.706780
    -50.00      0.00      12.000000       0.006916       0.006916        16      15.0      16.0       0.019049   350.490    66.590   -14.060    0     119.861656      -0.707910
    -50.00     10.00       2.664200       0.004478       0.004478        16      15.0      16.0       0.019049   350.630    68.640   -11.340    0     119.829521      -0.709040
    -40.00    -10.00      21.335800       0.006191       0.006191        16      15.0      16.0       0.019049   356.780    78.610    -3.750    0     119.890701      -0.616400
    -40.00      0.00      12.000000       0.008309       0.008309        16      15.0      16.0       0.019049   355.180    73.310   -13.340    0     119.858528      -0.617530
    -40.00     10.00       2.664200       0.005395       0.005395        16      15.0      16.0       0.019049   355.340    76.170   -11.710    0     119.826378      -0.618660
    -30.00    -10.00      21.335800       0.007072       0.007072        16      15.0      16.0       0.019049   359.530    81.640    -6.240    0     119.887573      -0.526020
    -30.00      0.00      12.000000       0.009542       0.009542        16      15.0      16.0       0.019049   359.270    80.580   -11.090    0     119.855400      -0.527150
    -30.00     10.00       2.664200       0.006305       0.006305        16      15.0      16.0       0.019049   359.150    83.680   -10.450    0     119.823242      -0.528280
    -20.00    -10.00      21.335800       0.007870       0.007870        16      15.0      16.0       0.019049     1.570    84.280    -6.700    0     119.884438      -0.435630
    -20.00      0.00      12.000000       0.010679       0.010679        16      15.0      16.0       0.019049     1.730    85.380    -8.750    0     119.852257      -0.436760
    -20.00     10.00       2.664200       0.007023       0.007023        16      15.0      16.0       0.019049     1.550    88.340    -7.770    0     119.820099      -0.437900
    -10.00    -10.00      21.335800       0.008592       0.008592        16      15.0      16.0       0.019049     2.800    85.970    -6.830    0     119.881310      -0.345250
    -10.00      0.00      12.000000       0.011569       0.011569        16      15.0      16.0       0.019049     2.850    89.230    -5.630    0     119.849129      -0.346380
    -10.00     10.00       2.664200       0.007604       0.007604        16      15.0      16.0       0.019049   182.400    88.780     5.400    0     119.816963      -0.347510
      0.00    -10.00      21.335800       0.009021       0.009021        16      15.0      16.0       0.019049     3.270    89.030    -5.490    0     119.878166      -0.254870
      0.00      0.00      12.000000       0.012193       0.012193        16      15.0      16.0       0.019049   183.060    87.080     2.050    0     119.846001      -0.256000
      0.00     10.00       2.664200       0.007996       0.007996        16      15.0      16.0       0.019049   182.520    86.190     2.290    0     119.813828      -0.257130
     10.00    -10.00      21.335800       0.009307       0.009307        16      15.0      16.0       0.019049   183.010    86.020     2.920    0     119.875038      -0.164490
     10.00      0.00      12.000000       0.012584       0.012584        16      15.0      16.0       0.019049   182.660    83.730    -0.220    0     119.842873      -0.165620
     10.00     10.00       2.664200       0.008172       0.008172        16      15.0      16.0       0.019049   182.050    83.230    -0.460    0     119.810692      -0.166750
     20.00    -10.00      21.335800       0.009272       0.009272        16      15.0      16.0       0.019049   182.530    81.300     0.450    0     119.871902      -0.074100
     20.00      0.00      12.000000       0.012476       0.012476        16      15.0      16.0       0.019049   182.040    82.010    -1.450    0     119.839737      -0.075240
     20.00     10.00       2.664200       0.008047       0.008047        16      15.0      16.0       0.019049   181.470    81.650    -1.450    0     119.807564      -0.076370
     30.00    -10.00      21.335800       0.008628       0.008628        16      15.0      16.0       0.019049   181.790    77.580    -3.870    0     119.868759       0.016280
     30.00      0.00      12.000000       0.011586       0.011586        16      15.0      16.0       0.019049   181.610    81.710    -2.920    0     119.836601       0.015150
     30.00     10.00       2.664200       0.007352       0.007352        16      15.0      16.0       0.019049   180.770    81.280    -2.360    0     119.804428       0.014020
     40.00    -10.00      21.335800       0.007212       0.007212        16      15.0      16.0       0.019049   180.300    74.510    -9.340    0     119.865623       0.106660
     40.00      0.00      12.000000       0.009603       0.009603        16      15.0      16.0       0.019049   181.060    80.880    -6.860    0     119.833473       0.105530
     40.00     10.00       2.664200       0.006084       0.006084        16      15.0      16.0       0.019049   180.160    80.440    -5.740    0     119.801300       0.104400
     50.00    -10.00      21.335800       0.004395       0.004395        16      15.0      16.0       0.019049   177.430    71.690   -17.240    0     119.862480       0.197040
     50.00      0.00      12.000000       0.005951       0.005951        16      15.0      16.0       0.019049   180.550    79.610   -12.940    0     119.830338       0.195910
     50.00     10.00       2.664200       0.003641       0.003641        16      15.0      16.0       0.019049   179.840    79.880    -9.300    0     119.798172       0.194780
