      xloc      yloc          depth         ave SR         max SR         #     start       end     max SR all       str       dip      rake flag
   -170.00    -10.00      21.335800       0.002898       0.002898        31      30.0      31.0       0.019049   303.200    75.500   -35.290    1     119.931450      -1.791360
   -170.00      0.00      12.000000       0.004079       0.004079        31      30.0      31.0       0.019049    41.790    46.550  -164.080    0     119.899261      -1.792490
   -170.00     10.00       2.664200       0.002635       0.002635        31      30.0      31.0       0.019049    41.520    39.870  -164.560    0     119.867081      -1.793620
   -160.00    -10.00      21.335800       0.005380       0.005380        31      30.0      31.0       0.019049   305.150    77.400   -32.990    1     119.928307      -1.700980
   -160.00      0.00      12.000000       0.007048       0.007048        31      30.0      31.0       0.019049    41.230    56.430  -172.360    0     119.896133      -1.702110
   -160.00     10.00       2.664200       0.004497       0.004497        31      30.0      31.0       0.019049    41.320    50.590  -170.790    0     119.863937      -1.703240
   -150.00    -10.00      21.335800       0.007464       0.007464        31      30.0      31.0       0.019049   308.910    82.070   -27.550    1     119.925179      -1.610590
   -150.00      0.00      12.000000       0.009574       0.009574        31      30.0      31.0       0.019049    41.950    68.770   178.510    0     119.892990      -1.611730
   -150.00     10.00       2.664200       0.006101       0.006101        31      30.0      31.0       0.019049    41.810    64.570   179.900    0     119.860809      -1.612860
   -140.00    -10.00      21.335800       0.009178       0.009178        31      30.0      31.0       0.019049    42.990    71.750  -179.190    0     119.922043      -1.520210
   -140.00      0.00      12.000000       0.011830       0.011830        31      30.0      31.0       0.019049   135.440    79.780     8.630    0     119.889862      -1.521340
   -140.00     10.00       2.664200       0.007589       0.007589        31      30.0      31.0       0.019049   135.570    81.020    11.710    0     119.857681      -1.522470
   -130.00    -10.00      21.335800       0.010487       0.010487        31      30.0      31.0       0.019049   135.510    81.830     6.690    0     119.918907      -1.429830
   -130.00      0.00      12.000000       0.013692       0.013692        31      30.0      31.0       0.019049   135.850    74.570    -0.620    0     119.886719      -1.430960
   -130.00     10.00       2.664200       0.008795       0.008795        31      30.0      31.0       0.019049   136.090    75.440     0.990    0     119.854538      -1.432090
   -120.00    -10.00      21.335800       0.011426       0.011426        31      30.0      31.0       0.019049   136.000    76.560    -2.150    0     119.915771      -1.339450
   -120.00      0.00      12.000000       0.014907       0.014907        31      30.0      31.0       0.019049   135.440    73.060    -7.270    0     119.883591      -1.340580
   -120.00     10.00       2.664200       0.009532       0.009532        31      30.0      31.0       0.019049   135.590    74.070    -6.440    0     119.851410      -1.341710
   -110.00    -10.00      21.335800       0.011632       0.011632        31      30.0      31.0       0.019049   135.900    75.410    -8.760    0     119.912643      -1.249070
   -110.00      0.00      12.000000       0.015134       0.015134        31      30.0      31.0       0.019049   135.220    73.470   -12.180    0     119.880463      -1.250200
   -110.00     10.00       2.664200       0.009565       0.009565        31      30.0      31.0       0.019049   135.030    74.580   -12.430    0     119.848282      -1.251330
   -100.00    -10.00      21.335800       0.010622       0.010622        31      30.0      31.0       0.019049   136.030    76.800   -12.740    0     119.909500      -1.158690
   -100.00      0.00      12.000000       0.013630       0.013630        31      30.0      31.0       0.019049   134.990    74.420   -15.510    0     119.877319      -1.159820
   -100.00     10.00       2.664200       0.008516       0.008516        31      30.0      31.0       0.019049   134.780    76.280   -16.720    0     119.845207      -1.160950
    -90.00    -10.00      21.335800       0.008082       0.008082        31      30.0      31.0       0.019049   136.190    78.770   -15.480    0     119.906372      -1.068310
    -90.00      0.00      12.000000       0.010012       0.010012        31      30.0      31.0       0.019049   134.980    76.940   -18.020    0     119.874191      -1.069440
    -90.00     10.00       2.664200       0.006188       0.006188        31      30.0      31.0       0.019049   134.370    79.640   -20.390    0     119.842072      -1.070570
    -80.00    -10.00      21.335800       0.003743       0.003743        31      30.0      31.0       0.019049   134.620    79.260   -19.400    0     119.903236      -0.977920
    -80.00      0.00      12.000000       0.004885       0.004885        31      30.0      31.0       0.019049   134.640    83.980   -25.610    0     119.871063      -0.979050
    -80.00     10.00       2.664200       0.002949       0.002949        31      30.0      31.0       0.019049   134.430    87.150   -25.630    0     119.838928      -0.980190
    -70.00    -10.00      21.335800       0.000660       0.000660        31      30.0      31.0       0.019049   132.890    89.510   -16.810    1     119.900101      -0.887540
    -70.00      0.00      12.000000       0.001257       0.001257        31      30.0      31.0       0.019049   313.280    89.060    30.540    0     119.867928      -0.888670
    -70.00     10.00       2.664200       0.000693       0.000693        31      30.0      31.0       0.019049   313.750    89.060    24.260    0     119.835793      -0.889800
    -60.00    -10.00      21.335800       0.000000       0.000000        31      30.0      31.0       0.019049   180.000    45.000    90.000    0     119.896973      -0.797160
    -60.00      0.00      12.000000       0.000000       0.000000        31      30.0      31.0       0.019049   180.000    45.000    90.000    0     119.864792      -0.798290
    -60.00     10.00       2.664200       0.000000       0.000000        31      30.0      31.0       0.019049   180.000    45.000    90.000    0     119.832657      -0.799420
    -50.00    -10.00      21.335800       0.000000       0.000000        31      30.0      31.0       0.019049   180.000    45.000    90.000    0     119.893837      -0.706780
    -50.00      0.00      12.000000       0.000000       0.000000        31      30.0      31.0       0.019049   180.000    45.000    90.000    0     119.861656      -0.707910
    -50.00     10.00       2.664200       0.000000       0.000000        31      30.0      31.0       0.019049   180.000    45.000    90.000    0     119.829521      -0.709040
    -40.00    -10.00      21.335800       0.000000       0.000000        31      30.0      31.0       0.019049   180.000    45.000    90.000    0     119.890701      -0.616400
    -40.00      0.00      12.000000       0.000000       0.000000        31      30.0      31.0       0.019049   180.000    45.000    90.000    0     119.858528      -0.617530
    -40.00     10.00       2.664200       0.000000       0.000000        31      30.0      31.0       0.019049   180.000    45.000    90.000    0     119.826378      -0.618660
    -30.00    -10.00      21.335800       0.000000       0.000000        31      30.0      31.0       0.019049   180.000    45.000    90.000    0     119.887573      -0.526020
    -30.00      0.00      12.000000       0.000000       0.000000        31      30.0      31.0       0.019049   180.000    45.000    90.000    0     119.855400      -0.527150
    -30.00     10.00       2.664200       0.000000       0.000000        31      30.0      31.0       0.019049   180.000    45.000    90.000    0     119.823242      -0.528280
    -20.00    -10.00      21.335800       0.000000       0.000000        31      30.0      31.0       0.019049   180.000    45.000    90.000    0     119.884438      -0.435630
    -20.00      0.00      12.000000       0.000000       0.000000        31      30.0      31.0       0.019049   180.000    45.000    90.000    0     119.852257      -0.436760
    -20.00     10.00       2.664200       0.000000       0.000000        31      30.0      31.0       0.019049   180.000    45.000    90.000    0     119.820099      -0.437900
    -10.00    -10.00      21.335800       0.000000       0.000000        31      30.0      31.0       0.019049   180.000    45.000    90.000    0     119.881310      -0.345250
    -10.00      0.00      12.000000       0.000000       0.000000        31      30.0      31.0       0.019049   180.000    45.000    90.000    0     119.849129      -0.346380
    -10.00     10.00       2.664200       0.000000       0.000000        31      30.0      31.0       0.019049   180.000    45.000    90.000    0     119.816963      -0.347510
      0.00    -10.00      21.335800       0.000000       0.000000        31      30.0      31.0       0.019049   180.000    45.000    90.000    0     119.878166      -0.254870
      0.00      0.00      12.000000       0.000000       0.000000        31      30.0      31.0       0.019049   180.000    45.000    90.000    0     119.846001      -0.256000
      0.00     10.00       2.664200       0.000000       0.000000        31      30.0      31.0       0.019049   180.000    45.000    90.000    0     119.813828      -0.257130
     10.00    -10.00      21.335800       0.000000       0.000000        31      30.0      31.0       0.019049   180.000    45.000    90.000    0     119.875038      -0.164490
     10.00      0.00      12.000000       0.000000       0.000000        31      30.0      31.0       0.019049   180.000    45.000    90.000    0     119.842873      -0.165620
     10.00     10.00       2.664200       0.000000       0.000000        31      30.0      31.0       0.019049   180.000    45.000    90.000    0     119.810692      -0.166750
     20.00    -10.00      21.335800       0.000000       0.000000        31      30.0      31.0       0.019049   180.000    45.000    90.000    0     119.871902      -0.074100
     20.00      0.00      12.000000       0.000000       0.000000        31      30.0      31.0       0.019049   180.000    45.000    90.000    0     119.839737      -0.075240
     20.00     10.00       2.664200       0.000000       0.000000        31      30.0      31.0       0.019049   180.000    45.000    90.000    0     119.807564      -0.076370
     30.00    -10.00      21.335800       0.000000       0.000000        31      30.0      31.0       0.019049   180.000    45.000    90.000    0     119.868759       0.016280
     30.00      0.00      12.000000       0.000000       0.000000        31      30.0      31.0       0.019049   180.000    45.000    90.000    0     119.836601       0.015150
     30.00     10.00       2.664200       0.000000       0.000000        31      30.0      31.0       0.019049   180.000    45.000    90.000    0     119.804428       0.014020
     40.00    -10.00      21.335800       0.000000       0.000000        31      30.0      31.0       0.019049   180.000    45.000    90.000    0     119.865623       0.106660
     40.00      0.00      12.000000       0.000000       0.000000        31      30.0      31.0       0.019049   180.000    45.000    90.000    0     119.833473       0.105530
     40.00     10.00       2.664200       0.000000       0.000000        31      30.0      31.0       0.019049   180.000    45.000    90.000    0     119.801300       0.104400
     50.00    -10.00      21.335800       0.000000       0.000000        31      30.0      31.0       0.019049   180.000    45.000    90.000    0     119.862480       0.197040
     50.00      0.00      12.000000       0.000000       0.000000        31      30.0      31.0       0.019049   180.000    45.000    90.000    0     119.830338       0.195910
     50.00     10.00       2.664200       0.000000       0.000000        31      30.0      31.0       0.019049   180.000    45.000    90.000    0     119.798172       0.194780
