      xloc      yloc          depth         ave SR         max SR         #     start       end     max SR all       str       dip      rake flag
   -170.00    -10.00      21.335800       0.000000       0.000000        12      11.0      12.0       0.019049   180.000    45.000    90.000    0     119.931450      -1.791360
   -170.00      0.00      12.000000       0.000000       0.000000        12      11.0      12.0       0.019049   180.000    45.000    90.000    0     119.899261      -1.792490
   -170.00     10.00       2.664200       0.000000       0.000000        12      11.0      12.0       0.019049   180.000    45.000    90.000    0     119.867081      -1.793620
   -160.00    -10.00      21.335800       0.000000       0.000000        12      11.0      12.0       0.019049   180.000    45.000    90.000    0     119.928307      -1.700980
   -160.00      0.00      12.000000       0.000000       0.000000        12      11.0      12.0       0.019049   180.000    45.000    90.000    0     119.896133      -1.702110
   -160.00     10.00       2.664200       0.000000       0.000000        12      11.0      12.0       0.019049   180.000    45.000    90.000    0     119.863937      -1.703240
   -150.00    -10.00      21.335800       0.000000       0.000000        12      11.0      12.0       0.019049   180.000    45.000    90.000    0     119.925179      -1.610590
   -150.00      0.00      12.000000       0.000000       0.000000        12      11.0      12.0       0.019049   180.000    45.000    90.000    0     119.892990      -1.611730
   -150.00     10.00       2.664200       0.000000       0.000000        12      11.0      12.0       0.019049   180.000    45.000    90.000    0     119.860809      -1.612860
   -140.00    -10.00      21.335800       0.000000       0.000000        12      11.0      12.0       0.019049   180.000    45.000    90.000    0     119.922043      -1.520210
   -140.00      0.00      12.000000       0.000000       0.000000        12      11.0      12.0       0.019049   180.000    45.000    90.000    0     119.889862      -1.521340
   -140.00     10.00       2.664200       0.000000       0.000000        12      11.0      12.0       0.019049   180.000    45.000    90.000    0     119.857681      -1.522470
   -130.00    -10.00      21.335800       0.000000       0.000000        12      11.0      12.0       0.019049   180.000    45.000    90.000    0     119.918907      -1.429830
   -130.00      0.00      12.000000       0.000000       0.000000        12      11.0      12.0       0.019049   180.000    45.000    90.000    0     119.886719      -1.430960
   -130.00     10.00       2.664200       0.000000       0.000000        12      11.0      12.0       0.019049   180.000    45.000    90.000    0     119.854538      -1.432090
   -120.00    -10.00      21.335800       0.000000       0.000000        12      11.0      12.0       0.019049   180.000    45.000    90.000    0     119.915771      -1.339450
   -120.00      0.00      12.000000       0.000000       0.000000        12      11.0      12.0       0.019049   180.000    45.000    90.000    0     119.883591      -1.340580
   -120.00     10.00       2.664200       0.000000       0.000000        12      11.0      12.0       0.019049   180.000    45.000    90.000    0     119.851410      -1.341710
   -110.00    -10.00      21.335800       0.000000       0.000000        12      11.0      12.0       0.019049   180.000    45.000    90.000    0     119.912643      -1.249070
   -110.00      0.00      12.000000       0.000000       0.000000        12      11.0      12.0       0.019049   180.000    45.000    90.000    0     119.880463      -1.250200
   -110.00     10.00       2.664200       0.000000       0.000000        12      11.0      12.0       0.019049   180.000    45.000    90.000    0     119.848282      -1.251330
   -100.00    -10.00      21.335800       0.000000       0.000000        12      11.0      12.0       0.019049   180.000    45.000    90.000    0     119.909500      -1.158690
   -100.00      0.00      12.000000       0.000000       0.000000        12      11.0      12.0       0.019049   180.000    45.000    90.000    0     119.877319      -1.159820
   -100.00     10.00       2.664200       0.000000       0.000000        12      11.0      12.0       0.019049   180.000    45.000    90.000    0     119.845207      -1.160950
    -90.00    -10.00      21.335800       0.000000       0.000000        12      11.0      12.0       0.019049   180.000    45.000    90.000    0     119.906372      -1.068310
    -90.00      0.00      12.000000       0.000000       0.000000        12      11.0      12.0       0.019049   180.000    45.000    90.000    0     119.874191      -1.069440
    -90.00     10.00       2.664200       0.000000       0.000000        12      11.0      12.0       0.019049   180.000    45.000    90.000    0     119.842072      -1.070570
    -80.00    -10.00      21.335800       0.000900       0.000900        12      11.0      12.0       0.019049   164.630    82.540   -64.460    0     119.903236      -0.977920
    -80.00      0.00      12.000000       0.000808       0.000808        12      11.0      12.0       0.019049   151.240    70.990   -51.420    0     119.871063      -0.979050
    -80.00     10.00       2.664200       0.000470       0.000470        12      11.0      12.0       0.019049   147.550    81.660   -54.650    0     119.838928      -0.980190
    -70.00    -10.00      21.335800       0.001781       0.001781        12      11.0      12.0       0.019049   142.130    63.350   -64.320    0     119.900101      -0.887540
    -70.00      0.00      12.000000       0.002639       0.002639        12      11.0      12.0       0.019049   155.110    70.870   -60.900    0     119.867928      -0.888670
    -70.00     10.00       2.664200       0.001222       0.001222        12      11.0      12.0       0.019049   157.870    76.290   -50.710    0     119.835793      -0.889800
    -60.00    -10.00      21.335800       0.003762       0.003762        12      11.0      12.0       0.019049   359.580    78.960    -7.770    0     119.896973      -0.797160
    -60.00      0.00      12.000000       0.004756       0.004756        12      11.0      12.0       0.019049     1.260    73.110    -8.160    0     119.864792      -0.798290
    -60.00     10.00       2.664200       0.002704       0.002704        12      11.0      12.0       0.019049   358.630    74.610    -1.990    0     119.832657      -0.799420
    -50.00    -10.00      21.335800       0.006752       0.006752        12      11.0      12.0       0.019049   359.190    78.450   -15.390    0     119.893837      -0.706780
    -50.00      0.00      12.000000       0.008427       0.008427        12      11.0      12.0       0.019049     1.360    77.840   -13.440    0     119.861656      -0.707910
    -50.00     10.00       2.664200       0.004925       0.004925        12      11.0      12.0       0.019049   359.950    76.730   -10.370    0     119.829521      -0.709040
    -40.00    -10.00      21.335800       0.009277       0.009277        12      11.0      12.0       0.019049     0.330    82.540   -14.980    0     119.890701      -0.616400
    -40.00      0.00      12.000000       0.011789       0.011789        12      11.0      12.0       0.019049     1.650    82.090   -14.080    0     119.858528      -0.617530
    -40.00     10.00       2.664200       0.007066       0.007066        12      11.0      12.0       0.019049     0.940    81.650   -11.500    0     119.826378      -0.618660
    -30.00    -10.00      21.335800       0.010984       0.010984        12      11.0      12.0       0.019049     1.150    86.100   -12.480    0     119.887573      -0.526020
    -30.00      0.00      12.000000       0.014276       0.014276        12      11.0      12.0       0.019049     1.790    85.220   -12.760    0     119.855400      -0.527150
    -30.00     10.00       2.664200       0.008756       0.008756        12      11.0      12.0       0.019049     1.480    85.090   -10.350    0     119.823242      -0.528280
    -20.00    -10.00      21.335800       0.012261       0.012261        12      11.0      12.0       0.019049     1.580    88.570    -9.660    0     119.884438      -0.435630
    -20.00      0.00      12.000000       0.016025       0.016025        12      11.0      12.0       0.019049     1.670    87.870    -9.630    0     119.852257      -0.436760
    -20.00     10.00       2.664200       0.010076       0.010076        12      11.0      12.0       0.019049     1.480    87.810    -7.240    0     119.820099      -0.437900
    -10.00    -10.00      21.335800       0.013099       0.013099        12      11.0      12.0       0.019049   181.010    89.880     5.710    0     119.881310      -0.345250
    -10.00      0.00      12.000000       0.017211       0.017211        12      11.0      12.0       0.019049   181.100    89.950     5.610    0     119.849129      -0.346380
    -10.00     10.00       2.664200       0.011007       0.011007        12      11.0      12.0       0.019049   181.070    89.880     3.380    0     119.816963      -0.347510
      0.00    -10.00      21.335800       0.013434       0.013434        12      11.0      12.0       0.019049   180.030    88.930     1.660    0     119.878166      -0.254870
      0.00      0.00      12.000000       0.017832       0.017832        12      11.0      12.0       0.019049   180.420    87.920     0.890    0     119.846001      -0.256000
      0.00     10.00       2.664200       0.011434       0.011434        12      11.0      12.0       0.019049   180.260    88.070    -1.210    0     119.813828      -0.257130
     10.00    -10.00      21.335800       0.013259       0.013259        12      11.0      12.0       0.019049   178.880    87.320    -2.560    0     119.875038      -0.164490
     10.00      0.00      12.000000       0.017732       0.017732        12      11.0      12.0       0.019049   179.400    86.480    -3.550    0     119.842873      -0.165620
     10.00     10.00       2.664200       0.011345       0.011345        12      11.0      12.0       0.019049   179.360    86.570    -5.370    0     119.810692      -0.166750
     20.00    -10.00      21.335800       0.012642       0.012642        12      11.0      12.0       0.019049   177.680    85.790    -7.460    0     119.871902      -0.074100
     20.00      0.00      12.000000       0.016816       0.016816        12      11.0      12.0       0.019049   178.070    85.130    -8.300    0     119.839737      -0.075240
     20.00     10.00       2.664200       0.010684       0.010684        12      11.0      12.0       0.019049   178.220    84.990    -9.850    0     119.807564      -0.076370
     30.00    -10.00      21.335800       0.011582       0.011582        12      11.0      12.0       0.019049   176.580    84.610   -12.110    0     119.868759       0.016280
     30.00      0.00      12.000000       0.015114       0.015114        12      11.0      12.0       0.019049   176.510    83.700   -12.400    0     119.836601       0.015150
     30.00     10.00       2.664200       0.009449       0.009449        12      11.0      12.0       0.019049   177.010    83.790   -14.140    0     119.804428       0.014020
     40.00    -10.00      21.335800       0.009730       0.009730        12      11.0      12.0       0.019049   175.530    82.900   -16.630    0     119.865623       0.106660
     40.00      0.00      12.000000       0.012210       0.012210        12      11.0      12.0       0.019049   175.110    82.510   -16.320    0     119.833473       0.105530
     40.00     10.00       2.664200       0.007500       0.007500        12      11.0      12.0       0.019049   175.960    82.440   -18.900    0     119.801300       0.104400
     50.00    -10.00      21.335800       0.006082       0.006082        12      11.0      12.0       0.019049   175.300    82.870   -19.330    0     119.862480       0.197040
     50.00      0.00      12.000000       0.007190       0.007190        12      11.0      12.0       0.019049   174.120    81.730   -18.150    0     119.830338       0.195910
     50.00     10.00       2.664200       0.004382       0.004382        12      11.0      12.0       0.019049   175.320    81.540   -22.800    0     119.798172       0.194780
