      xloc      yloc          depth         ave SR         max SR         #     start       end     max SR all       str       dip      rake flag
   -170.00    -10.00      21.335800       0.000000       0.000000        21      20.0      21.0       0.019049   180.000    45.000    90.000    0     119.931450      -1.791360
   -170.00      0.00      12.000000       0.000000       0.000000        21      20.0      21.0       0.019049   180.000    45.000    90.000    0     119.899261      -1.792490
   -170.00     10.00       2.664200       0.000000       0.000000        21      20.0      21.0       0.019049   180.000    45.000    90.000    0     119.867081      -1.793620
   -160.00    -10.00      21.335800       0.000000       0.000000        21      20.0      21.0       0.019049   180.000    45.000    90.000    0     119.928307      -1.700980
   -160.00      0.00      12.000000       0.000000       0.000000        21      20.0      21.0       0.019049   180.000    45.000    90.000    0     119.896133      -1.702110
   -160.00     10.00       2.664200       0.000000       0.000000        21      20.0      21.0       0.019049   180.000    45.000    90.000    0     119.863937      -1.703240
   -150.00    -10.00      21.335800       0.000000       0.000000        21      20.0      21.0       0.019049   180.000    45.000    90.000    0     119.925179      -1.610590
   -150.00      0.00      12.000000       0.000000       0.000000        21      20.0      21.0       0.019049   180.000    45.000    90.000    0     119.892990      -1.611730
   -150.00     10.00       2.664200       0.000000       0.000000        21      20.0      21.0       0.019049   180.000    45.000    90.000    0     119.860809      -1.612860
   -140.00    -10.00      21.335800       0.000000       0.000000        21      20.0      21.0       0.019049   180.000    45.000    90.000    0     119.922043      -1.520210
   -140.00      0.00      12.000000       0.000000       0.000000        21      20.0      21.0       0.019049   180.000    45.000    90.000    0     119.889862      -1.521340
   -140.00     10.00       2.664200       0.000000       0.000000        21      20.0      21.0       0.019049   180.000    45.000    90.000    0     119.857681      -1.522470
   -130.00    -10.00      21.335800       0.001952       0.001952        21      20.0      21.0       0.019049   138.820    60.270    -5.080    0     119.918907      -1.429830
   -130.00      0.00      12.000000       0.002663       0.002663        21      20.0      21.0       0.019049   134.820    59.960   -15.420    0     119.886719      -1.430960
   -130.00     10.00       2.664200       0.001408       0.001408        21      20.0      21.0       0.019049   135.490    67.270   -13.450    0     119.854538      -1.432090
   -120.00    -10.00      21.335800       0.006700       0.006700        21      20.0      21.0       0.019049   138.130    74.070    -6.660    0     119.915771      -1.339450
   -120.00      0.00      12.000000       0.008823       0.008823        21      20.0      21.0       0.019049   135.710    70.130   -15.690    0     119.883591      -1.340580
   -120.00     10.00       2.664200       0.005344       0.005344        21      20.0      21.0       0.019049   135.120    67.450   -14.290    0     119.851410      -1.341710
   -110.00    -10.00      21.335800       0.009244       0.009244        21      20.0      21.0       0.019049   136.330    75.170   -12.040    0     119.912643      -1.249070
   -110.00      0.00      12.000000       0.011843       0.011843        21      20.0      21.0       0.019049   136.070    75.120   -12.290    0     119.880463      -1.250200
   -110.00     10.00       2.664200       0.007348       0.007348        21      20.0      21.0       0.019049   135.450    73.120   -11.420    0     119.848282      -1.251330
   -100.00    -10.00      21.335800       0.010155       0.010155        21      20.0      21.0       0.019049   135.050    75.670   -16.150    0     119.909500      -1.158690
   -100.00      0.00      12.000000       0.013014       0.013014        21      20.0      21.0       0.019049   135.100    76.670   -14.580    0     119.877319      -1.159820
   -100.00     10.00       2.664200       0.008271       0.008271        21      20.0      21.0       0.019049   134.960    75.670   -13.680    0     119.845207      -1.160950
    -90.00    -10.00      21.335800       0.009823       0.009823        21      20.0      21.0       0.019049   134.560    76.820   -19.640    0     119.906372      -1.068310
    -90.00      0.00      12.000000       0.012643       0.012643        21      20.0      21.0       0.019049   134.670    78.060   -17.610    0     119.874191      -1.069440
    -90.00     10.00       2.664200       0.008060       0.008060        21      20.0      21.0       0.019049   134.640    77.200   -17.700    0     119.842072      -1.070570
    -80.00    -10.00      21.335800       0.008747       0.008747        21      20.0      21.0       0.019049   134.890    79.160   -21.830    0     119.903236      -0.977920
    -80.00      0.00      12.000000       0.011414       0.011414        21      20.0      21.0       0.019049   134.930    79.840   -19.800    0     119.871063      -0.979050
    -80.00     10.00       2.664200       0.007295       0.007295        21      20.0      21.0       0.019049   135.270    80.130   -20.600    0     119.838928      -0.980190
    -70.00    -10.00      21.335800       0.007310       0.007310        21      20.0      21.0       0.019049   136.010    82.210   -21.960    0     119.900101      -0.887540
    -70.00      0.00      12.000000       0.009462       0.009462        21      20.0      21.0       0.019049   136.330    82.970   -20.610    0     119.867928      -0.888670
    -70.00     10.00       2.664200       0.006063       0.006063        21      20.0      21.0       0.019049   136.980    82.570   -22.360    0     119.835793      -0.889800
    -60.00    -10.00      21.335800       0.005537       0.005537        21      20.0      21.0       0.019049   138.950    88.910   -16.660    0     119.896973      -0.797160
    -60.00      0.00      12.000000       0.007307       0.007307        21      20.0      21.0       0.019049   139.910    89.120   -17.050    0     119.864792      -0.798290
    -60.00     10.00       2.664200       0.004633       0.004633        21      20.0      21.0       0.019049   321.650    89.510    16.530    0     119.832657      -0.799420
    -50.00    -10.00      21.335800       0.004060       0.004060        21      20.0      21.0       0.019049   323.580    71.680    -2.430    0     119.893837      -0.706780
    -50.00      0.00      12.000000       0.005264       0.005264        21      20.0      21.0       0.019049   326.130    70.870    -2.190    0     119.861656      -0.707910
    -50.00     10.00       2.664200       0.003458       0.003458        21      20.0      21.0       0.019049   327.900    66.620    -7.780    0     119.829521      -0.709040
    -40.00    -10.00      21.335800       0.003060       0.003060        21      20.0      21.0       0.019049   326.250    60.390   -20.840    0     119.890701      -0.616400
    -40.00      0.00      12.000000       0.004061       0.004061        21      20.0      21.0       0.019049   329.790    59.980   -21.350    0     119.858528      -0.617530
    -40.00     10.00       2.664200       0.002741       0.002741        21      20.0      21.0       0.019049   332.700    60.930   -23.640    0     119.826378      -0.618660
    -30.00    -10.00      21.335800       0.002406       0.002406        21      20.0      21.0       0.019049   341.110    69.240   -23.980    0     119.887573      -0.526020
    -30.00      0.00      12.000000       0.003146       0.003146        21      20.0      21.0       0.019049   345.140    72.570   -22.750    0     119.855400      -0.527150
    -30.00     10.00       2.664200       0.002138       0.002138        21      20.0      21.0       0.019049   347.170    74.900   -22.230    0     119.823242      -0.528280
    -20.00    -10.00      21.335800       0.001932       0.001932        21      20.0      21.0       0.019049   359.420    63.940     2.380    0     119.884438      -0.435630
    -20.00      0.00      12.000000       0.002466       0.002466        21      20.0      21.0       0.019049   185.440    80.120     8.680    0     119.852257      -0.436760
    -20.00     10.00       2.664200       0.001580       0.001580        21      20.0      21.0       0.019049   181.240    83.020     6.640    0     119.820099      -0.437900
    -10.00    -10.00      21.335800       0.000931       0.000931        21      20.0      21.0       0.019049     2.800    61.160    -1.000    0     119.881310      -0.345250
    -10.00      0.00      12.000000       0.001144       0.001144        21      20.0      21.0       0.019049     3.340    84.370   -16.530    0     119.849129      -0.346380
    -10.00     10.00       2.664200       0.000687       0.000687        21      20.0      21.0       0.019049   183.930    87.170     6.660    0     119.816963      -0.347510
      0.00    -10.00      21.335800       0.000861       0.000861        21      20.0      21.0       0.019049     6.410    73.880     3.460    0     119.878166      -0.254870
      0.00      0.00      12.000000       0.001126       0.001126        21      20.0      21.0       0.019049   183.760    76.930     5.470    0     119.846001      -0.256000
      0.00     10.00       2.664200       0.000742       0.000742        21      20.0      21.0       0.019049   184.640    79.440     1.580    0     119.813828      -0.257130
     10.00    -10.00      21.335800       0.000860       0.000860        21      20.0      21.0       0.019049     0.720    89.610    -6.040    0     119.875038      -0.164490
     10.00      0.00      12.000000       0.001320       0.001320        21      20.0      21.0       0.019049   179.500    61.130    -8.320    0     119.842873      -0.165620
     10.00     10.00       2.664200       0.000799       0.000799        21      20.0      21.0       0.019049   185.240    76.770     1.930    0     119.810692      -0.166750
     20.00    -10.00      21.335800       0.001993       0.001993        21      20.0      21.0       0.019049   355.810    82.760   -13.040    0     119.871902      -0.074100
     20.00      0.00      12.000000       0.003155       0.003155        21      20.0      21.0       0.019049   183.600    77.850    17.390    0     119.839737      -0.075240
     20.00     10.00       2.664200       0.002065       0.002065        21      20.0      21.0       0.019049   185.790    80.350    18.920    0     119.807564      -0.076370
     30.00    -10.00      21.335800       0.003735       0.003735        21      20.0      21.0       0.019049   179.150    89.790    44.550    0     119.868759       0.016280
     30.00      0.00      12.000000       0.004691       0.004691        21      20.0      21.0       0.019049   186.810    79.040    32.930    0     119.836601       0.015150
     30.00     10.00       2.664200       0.003105       0.003105        21      20.0      21.0       0.019049   187.300    77.750    29.580    0     119.804428       0.014020
     40.00    -10.00      21.335800       0.004994       0.004994        21      20.0      21.0       0.019049   180.040    87.960    61.070    0     119.865623       0.106660
     40.00      0.00      12.000000       0.005698       0.005698        21      20.0      21.0       0.019049   183.900    84.350    52.890    0     119.833473       0.105530
     40.00     10.00       2.664200       0.003518       0.003518        21      20.0      21.0       0.019049   184.280    84.450    48.280    0     119.801300       0.104400
     50.00    -10.00      21.335800       0.004002       0.004002        21      20.0      21.0       0.019049   182.080    86.370    69.160    0     119.862480       0.197040
     50.00      0.00      12.000000       0.004372       0.004372        21      20.0      21.0       0.019049   182.710    84.420    61.880    0     119.830338       0.195910
     50.00     10.00       2.664200       0.002633       0.002633        21      20.0      21.0       0.019049   183.350    85.420    57.910    0     119.798172       0.194780
