      xloc      yloc          depth         ave SR         max SR         #     start       end     max SR all       str       dip      rake flag
   -170.00    -10.00      21.335800       0.002543       0.002543        33      32.0      33.0       0.019049    42.200    64.350  -159.360    0     119.931450      -1.791360
   -170.00      0.00      12.000000       0.002994       0.002994        33      32.0      33.0       0.019049    38.180    60.250  -172.970    0     119.899261      -1.792490
   -170.00     10.00       2.664200       0.002010       0.002010        33      32.0      33.0       0.019049    35.940    59.080  -179.410    0     119.867081      -1.793620
   -160.00    -10.00      21.335800       0.004651       0.004651        33      32.0      33.0       0.019049    41.540    63.810  -166.130    0     119.928307      -1.700980
   -160.00      0.00      12.000000       0.005597       0.005597        33      32.0      33.0       0.019049    39.260    62.310  -174.960    0     119.896133      -1.702110
   -160.00     10.00       2.664200       0.003685       0.003685        33      32.0      33.0       0.019049    37.640    63.940   177.660    0     119.863937      -1.703240
   -150.00    -10.00      21.335800       0.006305       0.006305        33      32.0      33.0       0.019049    41.240    66.320  -171.610    0     119.925179      -1.610590
   -150.00      0.00      12.000000       0.007902       0.007902        33      32.0      33.0       0.019049    40.410    66.390  -178.550    0     119.892990      -1.611730
   -150.00     10.00       2.664200       0.005248       0.005248        33      32.0      33.0       0.019049    39.480    71.230   172.320    0     119.860809      -1.612860
   -140.00    -10.00      21.335800       0.007524       0.007524        33      32.0      33.0       0.019049    41.260    72.660  -178.550    0     119.922043      -1.520210
   -140.00      0.00      12.000000       0.009699       0.009699        33      32.0      33.0       0.019049    41.610    74.120   175.010    0     119.889862      -1.521340
   -140.00     10.00       2.664200       0.006405       0.006405        33      32.0      33.0       0.019049   134.740    76.400     9.770    0     119.857681      -1.522470
   -130.00    -10.00      21.335800       0.008345       0.008345        33      32.0      33.0       0.019049   133.290    83.070     7.670    0     119.918907      -1.429830
   -130.00      0.00      12.000000       0.010909       0.010909        33      32.0      33.0       0.019049   135.200    77.600     5.460    0     119.886719      -1.430960
   -130.00     10.00       2.664200       0.007154       0.007154        33      32.0      33.0       0.019049   135.590    73.440     2.420    0     119.854538      -1.432090
   -120.00    -10.00      21.335800       0.008891       0.008891        33      32.0      33.0       0.019049   134.550    75.300    -1.840    0     119.915771      -1.339450
   -120.00      0.00      12.000000       0.011698       0.011698        33      32.0      33.0       0.019049   135.550    71.950    -4.240    0     119.883591      -1.340580
   -120.00     10.00       2.664200       0.007478       0.007478        33      32.0      33.0       0.019049   135.380    72.470    -5.150    0     119.851410      -1.341710
   -110.00    -10.00      21.335800       0.008800       0.008800        33      32.0      33.0       0.019049   134.300    69.930    -9.160    0     119.912643      -1.249070
   -110.00      0.00      12.000000       0.011498       0.011498        33      32.0      33.0       0.019049   135.080    69.780   -11.490    0     119.880463      -1.250200
   -110.00     10.00       2.664200       0.007171       0.007171        33      32.0      33.0       0.019049   134.900    73.380   -12.220    0     119.848282      -1.251330
   -100.00    -10.00      21.335800       0.007351       0.007351        33      32.0      33.0       0.019049   134.240    67.470   -14.360    0     119.909500      -1.158690
   -100.00      0.00      12.000000       0.009434       0.009434        33      32.0      33.0       0.019049   134.660    69.760   -15.250    0     119.877319      -1.159820
   -100.00     10.00       2.664200       0.005733       0.005733        33      32.0      33.0       0.019049   134.330    74.550   -17.610    0     119.845207      -1.160950
    -90.00    -10.00      21.335800       0.003850       0.003850        33      32.0      33.0       0.019049   136.340    72.810   -14.620    0     119.906372      -1.068310
    -90.00      0.00      12.000000       0.004726       0.004726        33      32.0      33.0       0.019049   134.810    71.260   -15.090    0     119.874191      -1.069440
    -90.00     10.00       2.664200       0.002814       0.002814        33      32.0      33.0       0.019049   134.010    77.860   -20.420    0     119.842072      -1.070570
    -80.00    -10.00      21.335800       0.000000       0.000000        33      32.0      33.0       0.019049   180.000    45.000    90.000    0     119.903236      -0.977920
    -80.00      0.00      12.000000       0.000000       0.000000        33      32.0      33.0       0.019049   180.000    45.000    90.000    0     119.871063      -0.979050
    -80.00     10.00       2.664200       0.000000       0.000000        33      32.0      33.0       0.019049   180.000    45.000    90.000    0     119.838928      -0.980190
    -70.00    -10.00      21.335800       0.000000       0.000000        33      32.0      33.0       0.019049   180.000    45.000    90.000    0     119.900101      -0.887540
    -70.00      0.00      12.000000       0.000000       0.000000        33      32.0      33.0       0.019049   180.000    45.000    90.000    0     119.867928      -0.888670
    -70.00     10.00       2.664200       0.000000       0.000000        33      32.0      33.0       0.019049   180.000    45.000    90.000    0     119.835793      -0.889800
    -60.00    -10.00      21.335800       0.000000       0.000000        33      32.0      33.0       0.019049   180.000    45.000    90.000    0     119.896973      -0.797160
    -60.00      0.00      12.000000       0.000000       0.000000        33      32.0      33.0       0.019049   180.000    45.000    90.000    0     119.864792      -0.798290
    -60.00     10.00       2.664200       0.000000       0.000000        33      32.0      33.0       0.019049   180.000    45.000    90.000    0     119.832657      -0.799420
    -50.00    -10.00      21.335800       0.000000       0.000000        33      32.0      33.0       0.019049   180.000    45.000    90.000    0     119.893837      -0.706780
    -50.00      0.00      12.000000       0.000000       0.000000        33      32.0      33.0       0.019049   180.000    45.000    90.000    0     119.861656      -0.707910
    -50.00     10.00       2.664200       0.000000       0.000000        33      32.0      33.0       0.019049   180.000    45.000    90.000    0     119.829521      -0.709040
    -40.00    -10.00      21.335800       0.000000       0.000000        33      32.0      33.0       0.019049   180.000    45.000    90.000    0     119.890701      -0.616400
    -40.00      0.00      12.000000       0.000000       0.000000        33      32.0      33.0       0.019049   180.000    45.000    90.000    0     119.858528      -0.617530
    -40.00     10.00       2.664200       0.000000       0.000000        33      32.0      33.0       0.019049   180.000    45.000    90.000    0     119.826378      -0.618660
    -30.00    -10.00      21.335800       0.000000       0.000000        33      32.0      33.0       0.019049   180.000    45.000    90.000    0     119.887573      -0.526020
    -30.00      0.00      12.000000       0.000000       0.000000        33      32.0      33.0       0.019049   180.000    45.000    90.000    0     119.855400      -0.527150
    -30.00     10.00       2.664200       0.000000       0.000000        33      32.0      33.0       0.019049   180.000    45.000    90.000    0     119.823242      -0.528280
    -20.00    -10.00      21.335800       0.000000       0.000000        33      32.0      33.0       0.019049   180.000    45.000    90.000    0     119.884438      -0.435630
    -20.00      0.00      12.000000       0.000000       0.000000        33      32.0      33.0       0.019049   180.000    45.000    90.000    0     119.852257      -0.436760
    -20.00     10.00       2.664200       0.000000       0.000000        33      32.0      33.0       0.019049   180.000    45.000    90.000    0     119.820099      -0.437900
    -10.00    -10.00      21.335800       0.000000       0.000000        33      32.0      33.0       0.019049   180.000    45.000    90.000    0     119.881310      -0.345250
    -10.00      0.00      12.000000       0.000000       0.000000        33      32.0      33.0       0.019049   180.000    45.000    90.000    0     119.849129      -0.346380
    -10.00     10.00       2.664200       0.000000       0.000000        33      32.0      33.0       0.019049   180.000    45.000    90.000    0     119.816963      -0.347510
      0.00    -10.00      21.335800       0.000000       0.000000        33      32.0      33.0       0.019049   180.000    45.000    90.000    0     119.878166      -0.254870
      0.00      0.00      12.000000       0.000000       0.000000        33      32.0      33.0       0.019049   180.000    45.000    90.000    0     119.846001      -0.256000
      0.00     10.00       2.664200       0.000000       0.000000        33      32.0      33.0       0.019049   180.000    45.000    90.000    0     119.813828      -0.257130
     10.00    -10.00      21.335800       0.000000       0.000000        33      32.0      33.0       0.019049   180.000    45.000    90.000    0     119.875038      -0.164490
     10.00      0.00      12.000000       0.000000       0.000000        33      32.0      33.0       0.019049   180.000    45.000    90.000    0     119.842873      -0.165620
     10.00     10.00       2.664200       0.000000       0.000000        33      32.0      33.0       0.019049   180.000    45.000    90.000    0     119.810692      -0.166750
     20.00    -10.00      21.335800       0.000000       0.000000        33      32.0      33.0       0.019049   180.000    45.000    90.000    0     119.871902      -0.074100
     20.00      0.00      12.000000       0.000000       0.000000        33      32.0      33.0       0.019049   180.000    45.000    90.000    0     119.839737      -0.075240
     20.00     10.00       2.664200       0.000000       0.000000        33      32.0      33.0       0.019049   180.000    45.000    90.000    0     119.807564      -0.076370
     30.00    -10.00      21.335800       0.000000       0.000000        33      32.0      33.0       0.019049   180.000    45.000    90.000    0     119.868759       0.016280
     30.00      0.00      12.000000       0.000000       0.000000        33      32.0      33.0       0.019049   180.000    45.000    90.000    0     119.836601       0.015150
     30.00     10.00       2.664200       0.000000       0.000000        33      32.0      33.0       0.019049   180.000    45.000    90.000    0     119.804428       0.014020
     40.00    -10.00      21.335800       0.000000       0.000000        33      32.0      33.0       0.019049   180.000    45.000    90.000    0     119.865623       0.106660
     40.00      0.00      12.000000       0.000000       0.000000        33      32.0      33.0       0.019049   180.000    45.000    90.000    0     119.833473       0.105530
     40.00     10.00       2.664200       0.000000       0.000000        33      32.0      33.0       0.019049   180.000    45.000    90.000    0     119.801300       0.104400
     50.00    -10.00      21.335800       0.000000       0.000000        33      32.0      33.0       0.019049   180.000    45.000    90.000    0     119.862480       0.197040
     50.00      0.00      12.000000       0.000000       0.000000        33      32.0      33.0       0.019049   180.000    45.000    90.000    0     119.830338       0.195910
     50.00     10.00       2.664200       0.000000       0.000000        33      32.0      33.0       0.019049   180.000    45.000    90.000    0     119.798172       0.194780
