      xloc      yloc          depth         ave SR         max SR         #     start       end     max SR all       str       dip      rake flag
   -170.00    -10.00      21.335800       0.000000       0.000000        17      16.0      17.0       0.019049   180.000    45.000    90.000    0     119.931450      -1.791360
   -170.00      0.00      12.000000       0.000000       0.000000        17      16.0      17.0       0.019049   180.000    45.000    90.000    0     119.899261      -1.792490
   -170.00     10.00       2.664200       0.000000       0.000000        17      16.0      17.0       0.019049   180.000    45.000    90.000    0     119.867081      -1.793620
   -160.00    -10.00      21.335800       0.000000       0.000000        17      16.0      17.0       0.019049   180.000    45.000    90.000    0     119.928307      -1.700980
   -160.00      0.00      12.000000       0.000000       0.000000        17      16.0      17.0       0.019049   180.000    45.000    90.000    0     119.896133      -1.702110
   -160.00     10.00       2.664200       0.000000       0.000000        17      16.0      17.0       0.019049   180.000    45.000    90.000    0     119.863937      -1.703240
   -150.00    -10.00      21.335800       0.000000       0.000000        17      16.0      17.0       0.019049   180.000    45.000    90.000    0     119.925179      -1.610590
   -150.00      0.00      12.000000       0.000000       0.000000        17      16.0      17.0       0.019049   180.000    45.000    90.000    0     119.892990      -1.611730
   -150.00     10.00       2.664200       0.000000       0.000000        17      16.0      17.0       0.019049   180.000    45.000    90.000    0     119.860809      -1.612860
   -140.00    -10.00      21.335800       0.000000       0.000000        17      16.0      17.0       0.019049   180.000    45.000    90.000    0     119.922043      -1.520210
   -140.00      0.00      12.000000       0.000000       0.000000        17      16.0      17.0       0.019049   180.000    45.000    90.000    0     119.889862      -1.521340
   -140.00     10.00       2.664200       0.000000       0.000000        17      16.0      17.0       0.019049   180.000    45.000    90.000    0     119.857681      -1.522470
   -130.00    -10.00      21.335800       0.000000       0.000000        17      16.0      17.0       0.019049   180.000    45.000    90.000    0     119.918907      -1.429830
   -130.00      0.00      12.000000       0.000000       0.000000        17      16.0      17.0       0.019049   180.000    45.000    90.000    0     119.886719      -1.430960
   -130.00     10.00       2.664200       0.000000       0.000000        17      16.0      17.0       0.019049   180.000    45.000    90.000    0     119.854538      -1.432090
   -120.00    -10.00      21.335800       0.000000       0.000000        17      16.0      17.0       0.019049   180.000    45.000    90.000    0     119.915771      -1.339450
   -120.00      0.00      12.000000       0.000000       0.000000        17      16.0      17.0       0.019049   180.000    45.000    90.000    0     119.883591      -1.340580
   -120.00     10.00       2.664200       0.000000       0.000000        17      16.0      17.0       0.019049   180.000    45.000    90.000    0     119.851410      -1.341710
   -110.00    -10.00      21.335800       0.001198       0.001198        17      16.0      17.0       0.019049   125.920    75.490   -36.570    1     119.912643      -1.249070
   -110.00      0.00      12.000000       0.001343       0.001343        17      16.0      17.0       0.019049   136.570    83.260     6.300    0     119.880463      -1.250200
   -110.00     10.00       2.664200       0.000840       0.000840        17      16.0      17.0       0.019049   136.380    79.620    -6.850    0     119.848282      -1.251330
   -100.00    -10.00      21.335800       0.003097       0.003097        17      16.0      17.0       0.019049   124.360    75.400   -33.270    1     119.909500      -1.158690
   -100.00      0.00      12.000000       0.004283       0.004283        17      16.0      17.0       0.019049   132.580    70.290   -20.380    1     119.877319      -1.159820
   -100.00     10.00       2.664200       0.002431       0.002431        17      16.0      17.0       0.019049   135.160    77.960   -15.480    0     119.845207      -1.160950
    -90.00    -10.00      21.335800       0.004507       0.004507        17      16.0      17.0       0.019049   129.100    71.090   -36.820    1     119.906372      -1.068310
    -90.00      0.00      12.000000       0.006460       0.006460        17      16.0      17.0       0.019049   132.460    73.610   -33.390    1     119.874191      -1.069440
    -90.00     10.00       2.664200       0.003926       0.003926        17      16.0      17.0       0.019049   133.390    74.980   -29.430    0     119.842072      -1.070570
    -80.00    -10.00      21.335800       0.005150       0.005150        17      16.0      17.0       0.019049   133.430    69.890   -42.790    0     119.903236      -0.977920
    -80.00      0.00      12.000000       0.007133       0.007133        17      16.0      17.0       0.019049   134.940    72.210   -40.550    0     119.871063      -0.979050
    -80.00     10.00       2.664200       0.004450       0.004450        17      16.0      17.0       0.019049   135.250    74.100   -38.250    0     119.838928      -0.980190
    -70.00    -10.00      21.335800       0.005254       0.005254        17      16.0      17.0       0.019049   138.610    69.020   -47.120    0     119.900101      -0.887540
    -70.00      0.00      12.000000       0.006807       0.006807        17      16.0      17.0       0.019049   139.610    71.200   -44.900    0     119.867928      -0.888670
    -70.00     10.00       2.664200       0.004442       0.004442        17      16.0      17.0       0.019049   139.310    72.650   -44.010    0     119.835793      -0.889800
    -60.00    -10.00      21.335800       0.004913       0.004913        17      16.0      17.0       0.019049   144.380    67.070   -47.750    0     119.896973      -0.797160
    -60.00      0.00      12.000000       0.006100       0.006100        17      16.0      17.0       0.019049   147.240    70.930   -43.400    0     119.864792      -0.798290
    -60.00     10.00       2.664200       0.003946       0.003946        17      16.0      17.0       0.019049   147.360    72.200   -42.590    0     119.832657      -0.799420
    -50.00    -10.00      21.335800       0.004853       0.004853        17      16.0      17.0       0.019049   347.480    75.450    -2.450    0     119.893837      -0.706780
    -50.00      0.00      12.000000       0.006391       0.006391        17      16.0      17.0       0.019049   346.420    64.980   -12.530    0     119.861656      -0.707910
    -50.00     10.00       2.664200       0.004159       0.004159        17      16.0      17.0       0.019049   347.070    68.190    -9.540    0     119.829521      -0.709040
    -40.00    -10.00      21.335800       0.005496       0.005496        17      16.0      17.0       0.019049   352.430    73.860    -9.730    0     119.890701      -0.616400
    -40.00      0.00      12.000000       0.007309       0.007309        17      16.0      17.0       0.019049   351.550    70.740   -15.050    0     119.858528      -0.617530
    -40.00     10.00       2.664200       0.004767       0.004767        17      16.0      17.0       0.019049   352.720    73.700   -12.590    0     119.826378      -0.618660
    -30.00    -10.00      21.335800       0.006097       0.006097        17      16.0      17.0       0.019049   357.190    78.120    -9.490    0     119.887573      -0.526020
    -30.00      0.00      12.000000       0.008187       0.008187        17      16.0      17.0       0.019049   357.080    78.680   -13.310    0     119.855400      -0.527150
    -30.00     10.00       2.664200       0.005423       0.005423        17      16.0      17.0       0.019049   357.950    81.990   -11.830    0     119.823242      -0.528280
    -20.00    -10.00      21.335800       0.006697       0.006697        17      16.0      17.0       0.019049     1.180    82.100    -7.550    0     119.884438      -0.435630
    -20.00      0.00      12.000000       0.009032       0.009032        17      16.0      17.0       0.019049     0.760    84.080   -10.520    0     119.852257      -0.436760
    -20.00     10.00       2.664200       0.005975       0.005975        17      16.0      17.0       0.019049     1.500    88.560    -9.010    0     119.820099      -0.437900
    -10.00    -10.00      21.335800       0.007164       0.007164        17      16.0      17.0       0.019049     3.500    84.120    -6.390    0     119.881310      -0.345250
    -10.00      0.00      12.000000       0.009697       0.009697        17      16.0      17.0       0.019049     2.710    86.910    -7.760    0     119.849129      -0.346380
    -10.00     10.00       2.664200       0.006417       0.006417        17      16.0      17.0       0.019049   182.650    88.240     6.710    0     119.816963      -0.347510
      0.00    -10.00      21.335800       0.007487       0.007487        17      16.0      17.0       0.019049     4.390    89.580    -4.570    0     119.878166      -0.254870
      0.00      0.00      12.000000       0.010131       0.010131        17      16.0      17.0       0.019049   183.220    87.790     2.990    0     119.846001      -0.256000
      0.00     10.00       2.664200       0.006706       0.006706        17      16.0      17.0       0.019049   182.940    84.670     3.230    0     119.813828      -0.257130
     10.00    -10.00      21.335800       0.007794       0.007794        17      16.0      17.0       0.019049   183.870    84.460     3.400    0     119.875038      -0.164490
     10.00      0.00      12.000000       0.010613       0.010613        17      16.0      17.0       0.019049   183.280    82.110    -0.110    0     119.842873      -0.165620
     10.00     10.00       2.664200       0.006993       0.006993        17      16.0      17.0       0.019049   182.560    81.320     0.730    0     119.810692      -0.166750
     20.00    -10.00      21.335800       0.007852       0.007852        17      16.0      17.0       0.019049   183.070    79.900     2.960    0     119.871902      -0.074100
     20.00      0.00      12.000000       0.010796       0.010796        17      16.0      17.0       0.019049   183.110    79.520     0.220    0     119.839737      -0.075240
     20.00     10.00       2.664200       0.006966       0.006966        17      16.0      17.0       0.019049   182.250    80.120     1.330    0     119.807564      -0.076370
     30.00    -10.00      21.335800       0.007502       0.007502        17      16.0      17.0       0.019049   182.630    75.790     1.490    0     119.868759       0.016280
     30.00      0.00      12.000000       0.010184       0.010184        17      16.0      17.0       0.019049   183.170    78.500     0.960    0     119.836601       0.015150
     30.00     10.00       2.664200       0.006529       0.006529        17      16.0      17.0       0.019049   181.960    79.910     2.750    0     119.804428       0.014020
     40.00    -10.00      21.335800       0.006401       0.006401        17      16.0      17.0       0.019049   181.840    70.220    -2.960    0     119.865623       0.106660
     40.00      0.00      12.000000       0.008570       0.008570        17      16.0      17.0       0.019049   182.920    76.670    -0.190    0     119.833473       0.105530
     40.00     10.00       2.664200       0.005365       0.005365        17      16.0      17.0       0.019049   181.730    79.280     1.730    0     119.801300       0.104400
     50.00    -10.00      21.335800       0.004072       0.004072        17      16.0      17.0       0.019049   179.490    65.090    -9.930    0     119.862480       0.197040
     50.00      0.00      12.000000       0.005297       0.005297        17      16.0      17.0       0.019049   182.100    74.260    -2.870    0     119.830338       0.195910
     50.00     10.00       2.664200       0.003186       0.003186        17      16.0      17.0       0.019049   181.380    79.120    -0.240    0     119.798172       0.194780
