      xloc      yloc          depth         ave SR         max SR         #     start       end     max SR all       str       dip      rake flag
   -170.00    -10.00      21.335800       0.000000       0.000000        15      14.0      15.0       0.019049   180.000    45.000    90.000    0     119.931450      -1.791360
   -170.00      0.00      12.000000       0.000000       0.000000        15      14.0      15.0       0.019049   180.000    45.000    90.000    0     119.899261      -1.792490
   -170.00     10.00       2.664200       0.000000       0.000000        15      14.0      15.0       0.019049   180.000    45.000    90.000    0     119.867081      -1.793620
   -160.00    -10.00      21.335800       0.000000       0.000000        15      14.0      15.0       0.019049   180.000    45.000    90.000    0     119.928307      -1.700980
   -160.00      0.00      12.000000       0.000000       0.000000        15      14.0      15.0       0.019049   180.000    45.000    90.000    0     119.896133      -1.702110
   -160.00     10.00       2.664200       0.000000       0.000000        15      14.0      15.0       0.019049   180.000    45.000    90.000    0     119.863937      -1.703240
   -150.00    -10.00      21.335800       0.000000       0.000000        15      14.0      15.0       0.019049   180.000    45.000    90.000    0     119.925179      -1.610590
   -150.00      0.00      12.000000       0.000000       0.000000        15      14.0      15.0       0.019049   180.000    45.000    90.000    0     119.892990      -1.611730
   -150.00     10.00       2.664200       0.000000       0.000000        15      14.0      15.0       0.019049   180.000    45.000    90.000    0     119.860809      -1.612860
   -140.00    -10.00      21.335800       0.000000       0.000000        15      14.0      15.0       0.019049   180.000    45.000    90.000    0     119.922043      -1.520210
   -140.00      0.00      12.000000       0.000000       0.000000        15      14.0      15.0       0.019049   180.000    45.000    90.000    0     119.889862      -1.521340
   -140.00     10.00       2.664200       0.000000       0.000000        15      14.0      15.0       0.019049   180.000    45.000    90.000    0     119.857681      -1.522470
   -130.00    -10.00      21.335800       0.000000       0.000000        15      14.0      15.0       0.019049   180.000    45.000    90.000    0     119.918907      -1.429830
   -130.00      0.00      12.000000       0.000000       0.000000        15      14.0      15.0       0.019049   180.000    45.000    90.000    0     119.886719      -1.430960
   -130.00     10.00       2.664200       0.000000       0.000000        15      14.0      15.0       0.019049   180.000    45.000    90.000    0     119.854538      -1.432090
   -120.00    -10.00      21.335800       0.000000       0.000000        15      14.0      15.0       0.019049   180.000    45.000    90.000    0     119.915771      -1.339450
   -120.00      0.00      12.000000       0.000000       0.000000        15      14.0      15.0       0.019049   180.000    45.000    90.000    0     119.883591      -1.340580
   -120.00     10.00       2.664200       0.000000       0.000000        15      14.0      15.0       0.019049   180.000    45.000    90.000    0     119.851410      -1.341710
   -110.00    -10.00      21.335800       0.000000       0.000000        15      14.0      15.0       0.019049   180.000    45.000    90.000    0     119.912643      -1.249070
   -110.00      0.00      12.000000       0.000000       0.000000        15      14.0      15.0       0.019049   180.000    45.000    90.000    0     119.880463      -1.250200
   -110.00     10.00       2.664200       0.000000       0.000000        15      14.0      15.0       0.019049   180.000    45.000    90.000    0     119.848282      -1.251330
   -100.00    -10.00      21.335800       0.000000       0.000000        15      14.0      15.0       0.019049   180.000    45.000    90.000    0     119.909500      -1.158690
   -100.00      0.00      12.000000       0.000000       0.000000        15      14.0      15.0       0.019049   180.000    45.000    90.000    0     119.877319      -1.159820
   -100.00     10.00       2.664200       0.000000       0.000000        15      14.0      15.0       0.019049   180.000    45.000    90.000    0     119.845207      -1.160950
    -90.00    -10.00      21.335800       0.002186       0.002186        15      14.0      15.0       0.019049   133.250    65.690   -39.170    0     119.906372      -1.068310
    -90.00      0.00      12.000000       0.002803       0.002803        15      14.0      15.0       0.019049   136.360    79.260   -44.020    0     119.874191      -1.069440
    -90.00     10.00       2.664200       0.001846       0.001846        15      14.0      15.0       0.019049   132.900    74.390   -37.480    1     119.842072      -1.070570
    -80.00    -10.00      21.335800       0.004037       0.004037        15      14.0      15.0       0.019049   145.440    71.670   -47.790    0     119.903236      -0.977920
    -80.00      0.00      12.000000       0.004683       0.004683        15      14.0      15.0       0.019049   139.610    70.970   -47.720    0     119.871063      -0.979050
    -80.00     10.00       2.664200       0.002990       0.002990        15      14.0      15.0       0.019049   136.510    73.900   -48.080    0     119.838928      -0.980190
    -70.00    -10.00      21.335800       0.004519       0.004519        15      14.0      15.0       0.019049   152.030    73.500   -51.900    0     119.900101      -0.887540
    -70.00      0.00      12.000000       0.005483       0.005483        15      14.0      15.0       0.019049   145.970    69.090   -51.870    0     119.867928      -0.888670
    -70.00     10.00       2.664200       0.003385       0.003385        15      14.0      15.0       0.019049   142.640    71.450   -53.250    0     119.835793      -0.889800
    -60.00    -10.00      21.335800       0.004618       0.004618        15      14.0      15.0       0.019049   160.980    74.010   -42.640    0     119.896973      -0.797160
    -60.00      0.00      12.000000       0.005851       0.005851        15      14.0      15.0       0.019049   154.670    66.240   -47.210    0     119.864792      -0.798290
    -60.00     10.00       2.664200       0.003485       0.003485        15      14.0      15.0       0.019049   161.530    77.570   -33.270    0     119.832657      -0.799420
    -50.00    -10.00      21.335800       0.005625       0.005625        15      14.0      15.0       0.019049   357.400    74.490    -2.230    0     119.893837      -0.706780
    -50.00      0.00      12.000000       0.007392       0.007392        15      14.0      15.0       0.019049   355.120    71.900    -9.790    0     119.861656      -0.707910
    -50.00     10.00       2.664200       0.004750       0.004750        15      14.0      15.0       0.019049   354.310    71.540   -10.310    0     119.829521      -0.709040
    -40.00    -10.00      21.335800       0.007051       0.007051        15      14.0      15.0       0.019049   358.350    75.630    -8.870    0     119.890701      -0.616400
    -40.00      0.00      12.000000       0.009326       0.009326        15      14.0      15.0       0.019049   358.090    76.680   -10.230    0     119.858528      -0.617530
    -40.00     10.00       2.664200       0.006048       0.006048        15      14.0      15.0       0.019049   357.680    78.720   -10.620    0     119.826378      -0.618660
    -30.00    -10.00      21.335800       0.008240       0.008240        15      14.0      15.0       0.019049     0.030    80.860    -9.280    0     119.887573      -0.526020
    -30.00      0.00      12.000000       0.010907       0.010907        15      14.0      15.0       0.019049     0.720    82.130    -8.940    0     119.855400      -0.527150
    -30.00     10.00       2.664200       0.007162       0.007162        15      14.0      15.0       0.019049     0.200    84.010    -9.560    0     119.823242      -0.528280
    -20.00    -10.00      21.335800       0.009217       0.009217        15      14.0      15.0       0.019049     1.100    84.410    -8.950    0     119.884438      -0.435630
    -20.00      0.00      12.000000       0.012264       0.012264        15      14.0      15.0       0.019049     2.200    86.450    -7.140    0     119.852257      -0.436760
    -20.00     10.00       2.664200       0.007985       0.007985        15      14.0      15.0       0.019049     1.800    87.990    -7.270    0     119.820099      -0.437900
    -10.00    -10.00      21.335800       0.010078       0.010078        15      14.0      15.0       0.019049     1.820    87.190    -7.180    0     119.881310      -0.345250
    -10.00      0.00      12.000000       0.013374       0.013374        15      14.0      15.0       0.019049   182.840    89.570     4.560    0     119.849129      -0.346380
    -10.00     10.00       2.664200       0.008699       0.008699        15      14.0      15.0       0.019049   182.160    89.480     4.190    0     119.816963      -0.347510
      0.00    -10.00      21.335800       0.010533       0.010533        15      14.0      15.0       0.019049   181.890    89.510     4.570    0     119.878166      -0.254870
      0.00      0.00      12.000000       0.014042       0.014042        15      14.0      15.0       0.019049   182.520    87.670     2.240    0     119.846001      -0.256000
      0.00     10.00       2.664200       0.009086       0.009086        15      14.0      15.0       0.019049   182.080    87.190     0.890    0     119.813828      -0.257130
     10.00    -10.00      21.335800       0.010750       0.010750        15      14.0      15.0       0.019049   181.890    85.080     0.740    0     119.875038      -0.164490
     10.00      0.00      12.000000       0.014291       0.014291        15      14.0      15.0       0.019049   181.800    85.520    -0.140    0     119.842873      -0.165620
     10.00     10.00       2.664200       0.009207       0.009207        15      14.0      15.0       0.019049   181.330    84.520    -2.110    0     119.810692      -0.166750
     20.00    -10.00      21.335800       0.010505       0.010505        15      14.0      15.0       0.019049   181.300    82.290    -2.470    0     119.871902      -0.074100
     20.00      0.00      12.000000       0.013882       0.013882        15      14.0      15.0       0.019049   181.060    84.010    -2.580    0     119.839737      -0.075240
     20.00     10.00       2.664200       0.008950       0.008950        15      14.0      15.0       0.019049   180.510    82.960    -4.300    0     119.807564      -0.076370
     30.00    -10.00      21.335800       0.009543       0.009543        15      14.0      15.0       0.019049   180.350    80.930    -7.420    0     119.868759       0.016280
     30.00      0.00      12.000000       0.012788       0.012788        15      14.0      15.0       0.019049   180.200    83.390    -5.490    0     119.836601       0.015150
     30.00     10.00       2.664200       0.008149       0.008149        15      14.0      15.0       0.019049   179.630    81.910    -6.930    0     119.804428       0.014020
     40.00    -10.00      21.335800       0.007854       0.007854        15      14.0      15.0       0.019049   178.830    80.500   -13.210    0     119.865623       0.106660
     40.00      0.00      12.000000       0.010624       0.010624        15      14.0      15.0       0.019049   179.170    82.680   -10.770    0     119.833473       0.105530
     40.00     10.00       2.664200       0.006747       0.006747        15      14.0      15.0       0.019049   178.690    80.750   -11.550    0     119.801300       0.104400
     50.00    -10.00      21.335800       0.004716       0.004716        15      14.0      15.0       0.019049   177.190    80.210   -20.370    0     119.862480       0.197040
     50.00      0.00      12.000000       0.006636       0.006636        15      14.0      15.0       0.019049   178.630    82.550   -17.620    0     119.830338       0.195910
     50.00     10.00       2.664200       0.004061       0.004061        15      14.0      15.0       0.019049   178.110    80.080   -16.150    0     119.798172       0.194780
