      xloc      yloc          depth         ave SR         max SR         #     start       end     max SR all       str       dip      rake flag
   -170.00    -10.00      21.335800       0.002015       0.002015        29      28.0      29.0       0.019049    39.410    63.550  -166.490    0     119.931450      -1.791360
   -170.00      0.00      12.000000       0.003476       0.003476        29      28.0      29.0       0.019049   301.960    75.250   -47.240    1     119.899261      -1.792490
   -170.00     10.00       2.664200       0.002184       0.002184        29      28.0      29.0       0.019049    46.140    35.030  -158.750    1     119.867081      -1.793620
   -160.00    -10.00      21.335800       0.004496       0.004496        29      28.0      29.0       0.019049    42.540    63.120  -171.280    0     119.928307      -1.700980
   -160.00      0.00      12.000000       0.006607       0.006607        29      28.0      29.0       0.019049   306.420    78.410   -37.240    1     119.896133      -1.702110
   -160.00     10.00       2.664200       0.004087       0.004087        29      28.0      29.0       0.019049   305.080    81.010   -43.920    1     119.863937      -1.703240
   -150.00    -10.00      21.335800       0.007314       0.007314        29      28.0      29.0       0.019049   312.910    89.140   -22.370    1     119.925179      -1.610590
   -150.00      0.00      12.000000       0.010007       0.010007        29      28.0      29.0       0.019049   313.000    87.920   -23.730    0     119.892990      -1.611730
   -150.00     10.00       2.664200       0.006094       0.006094        29      28.0      29.0       0.019049   312.220    87.540   -27.780    1     119.860809      -1.612860
   -140.00    -10.00      21.335800       0.009691       0.009691        29      28.0      29.0       0.019049   136.000    82.550    11.550    0     119.922043      -1.520210
   -140.00      0.00      12.000000       0.013136       0.013136        29      28.0      29.0       0.019049   136.300    82.870    11.030    0     119.889862      -1.521340
   -140.00     10.00       2.664200       0.008066       0.008066        29      28.0      29.0       0.019049   135.950    83.670    12.470    0     119.857681      -1.522470
   -130.00    -10.00      21.335800       0.011709       0.011709        29      28.0      29.0       0.019049   136.810    77.250     2.110    0     119.918907      -1.429830
   -130.00      0.00      12.000000       0.015696       0.015696        29      28.0      29.0       0.019049   136.620    77.540     1.540    0     119.886719      -1.430960
   -130.00     10.00       2.664200       0.009850       0.009850        29      28.0      29.0       0.019049   136.460    78.150     1.160    0     119.854538      -1.432090
   -120.00    -10.00      21.335800       0.012892       0.012892        29      28.0      29.0       0.019049   136.300    74.940    -5.310    0     119.915771      -1.339450
   -120.00      0.00      12.000000       0.017181       0.017181        29      28.0      29.0       0.019049   136.170    76.140    -4.870    0     119.883591      -1.340580
   -120.00     10.00       2.664200       0.010919       0.010919        29      28.0      29.0       0.019049   135.980    76.910    -6.420    0     119.851410      -1.341710
   -110.00    -10.00      21.335800       0.013304       0.013304        29      28.0      29.0       0.019049   135.650    74.980   -10.420    0     119.912643      -1.249070
   -110.00      0.00      12.000000       0.017576       0.017576        29      28.0      29.0       0.019049   135.610    76.690   -10.190    0     119.880463      -1.250200
   -110.00     10.00       2.664200       0.011218       0.011218        29      28.0      29.0       0.019049   135.260    77.330   -12.160    0     119.848282      -1.251330
   -100.00    -10.00      21.335800       0.012572       0.012572        29      28.0      29.0       0.019049   135.280    76.470   -14.590    0     119.909500      -1.158690
   -100.00      0.00      12.000000       0.016633       0.016633        29      28.0      29.0       0.019049   135.250    78.860   -14.350    0     119.877319      -1.159820
   -100.00     10.00       2.664200       0.010492       0.010492        29      28.0      29.0       0.019049   134.900    78.900   -16.200    0     119.845207      -1.160950
    -90.00    -10.00      21.335800       0.010527       0.010527        29      28.0      29.0       0.019049   135.000    79.430   -18.120    0     119.906372      -1.068310
    -90.00      0.00      12.000000       0.014229       0.014229        29      28.0      29.0       0.019049   135.090    82.090   -18.040    0     119.874191      -1.069440
    -90.00     10.00       2.664200       0.008807       0.008807        29      28.0      29.0       0.019049   134.750    81.530   -19.320    0     119.842072      -1.070570
    -80.00    -10.00      21.335800       0.007523       0.007523        29      28.0      29.0       0.019049   134.100    83.410   -22.620    0     119.903236      -0.977920
    -80.00      0.00      12.000000       0.010443       0.010443        29      28.0      29.0       0.019049   134.590    86.910   -22.970    0     119.871063      -0.979050
    -80.00     10.00       2.664200       0.006255       0.006255        29      28.0      29.0       0.019049   134.610    86.490   -21.700    0     119.838928      -0.980190
    -70.00    -10.00      21.335800       0.004353       0.004353        29      28.0      29.0       0.019049   313.690    88.710    26.160    0     119.900101      -0.887540
    -70.00      0.00      12.000000       0.006134       0.006134        29      28.0      29.0       0.019049   314.550    86.480    25.350    0     119.867928      -0.888670
    -70.00     10.00       2.664200       0.003481       0.003481        29      28.0      29.0       0.019049   314.700    89.160    20.910    0     119.835793      -0.889800
    -60.00    -10.00      21.335800       0.000859       0.000859        29      28.0      29.0       0.019049   315.080    82.920    25.970    0     119.896973      -0.797160
    -60.00      0.00      12.000000       0.000936       0.000936        29      28.0      29.0       0.019049   314.300    82.640    20.450    0     119.864792      -0.798290
    -60.00     10.00       2.664200       0.000499       0.000499        29      28.0      29.0       0.019049   314.850    89.330    18.510    0     119.832657      -0.799420
    -50.00    -10.00      21.335800       0.000000       0.000000        29      28.0      29.0       0.019049   180.000    45.000    90.000    0     119.893837      -0.706780
    -50.00      0.00      12.000000       0.000000       0.000000        29      28.0      29.0       0.019049   180.000    45.000    90.000    0     119.861656      -0.707910
    -50.00     10.00       2.664200       0.000000       0.000000        29      28.0      29.0       0.019049   180.000    45.000    90.000    0     119.829521      -0.709040
    -40.00    -10.00      21.335800       0.000000       0.000000        29      28.0      29.0       0.019049   180.000    45.000    90.000    0     119.890701      -0.616400
    -40.00      0.00      12.000000       0.000000       0.000000        29      28.0      29.0       0.019049   180.000    45.000    90.000    0     119.858528      -0.617530
    -40.00     10.00       2.664200       0.000000       0.000000        29      28.0      29.0       0.019049   180.000    45.000    90.000    0     119.826378      -0.618660
    -30.00    -10.00      21.335800       0.000000       0.000000        29      28.0      29.0       0.019049   180.000    45.000    90.000    0     119.887573      -0.526020
    -30.00      0.00      12.000000       0.000000       0.000000        29      28.0      29.0       0.019049   180.000    45.000    90.000    0     119.855400      -0.527150
    -30.00     10.00       2.664200       0.000000       0.000000        29      28.0      29.0       0.019049   180.000    45.000    90.000    0     119.823242      -0.528280
    -20.00    -10.00      21.335800       0.000000       0.000000        29      28.0      29.0       0.019049   180.000    45.000    90.000    0     119.884438      -0.435630
    -20.00      0.00      12.000000       0.000000       0.000000        29      28.0      29.0       0.019049   180.000    45.000    90.000    0     119.852257      -0.436760
    -20.00     10.00       2.664200       0.000000       0.000000        29      28.0      29.0       0.019049   180.000    45.000    90.000    0     119.820099      -0.437900
    -10.00    -10.00      21.335800       0.000000       0.000000        29      28.0      29.0       0.019049   180.000    45.000    90.000    0     119.881310      -0.345250
    -10.00      0.00      12.000000       0.000000       0.000000        29      28.0      29.0       0.019049   180.000    45.000    90.000    0     119.849129      -0.346380
    -10.00     10.00       2.664200       0.000000       0.000000        29      28.0      29.0       0.019049   180.000    45.000    90.000    0     119.816963      -0.347510
      0.00    -10.00      21.335800       0.000000       0.000000        29      28.0      29.0       0.019049   180.000    45.000    90.000    0     119.878166      -0.254870
      0.00      0.00      12.000000       0.000000       0.000000        29      28.0      29.0       0.019049   180.000    45.000    90.000    0     119.846001      -0.256000
      0.00     10.00       2.664200       0.000000       0.000000        29      28.0      29.0       0.019049   180.000    45.000    90.000    0     119.813828      -0.257130
     10.00    -10.00      21.335800       0.000000       0.000000        29      28.0      29.0       0.019049   180.000    45.000    90.000    0     119.875038      -0.164490
     10.00      0.00      12.000000       0.000000       0.000000        29      28.0      29.0       0.019049   180.000    45.000    90.000    0     119.842873      -0.165620
     10.00     10.00       2.664200       0.000000       0.000000        29      28.0      29.0       0.019049   180.000    45.000    90.000    0     119.810692      -0.166750
     20.00    -10.00      21.335800       0.000000       0.000000        29      28.0      29.0       0.019049   180.000    45.000    90.000    0     119.871902      -0.074100
     20.00      0.00      12.000000       0.000000       0.000000        29      28.0      29.0       0.019049   180.000    45.000    90.000    0     119.839737      -0.075240
     20.00     10.00       2.664200       0.000000       0.000000        29      28.0      29.0       0.019049   180.000    45.000    90.000    0     119.807564      -0.076370
     30.00    -10.00      21.335800       0.000000       0.000000        29      28.0      29.0       0.019049   180.000    45.000    90.000    0     119.868759       0.016280
     30.00      0.00      12.000000       0.000000       0.000000        29      28.0      29.0       0.019049   180.000    45.000    90.000    0     119.836601       0.015150
     30.00     10.00       2.664200       0.000000       0.000000        29      28.0      29.0       0.019049   180.000    45.000    90.000    0     119.804428       0.014020
     40.00    -10.00      21.335800       0.000000       0.000000        29      28.0      29.0       0.019049   180.000    45.000    90.000    0     119.865623       0.106660
     40.00      0.00      12.000000       0.000000       0.000000        29      28.0      29.0       0.019049   180.000    45.000    90.000    0     119.833473       0.105530
     40.00     10.00       2.664200       0.000000       0.000000        29      28.0      29.0       0.019049   180.000    45.000    90.000    0     119.801300       0.104400
     50.00    -10.00      21.335800       0.000000       0.000000        29      28.0      29.0       0.019049   180.000    45.000    90.000    0     119.862480       0.197040
     50.00      0.00      12.000000       0.000000       0.000000        29      28.0      29.0       0.019049   180.000    45.000    90.000    0     119.830338       0.195910
     50.00     10.00       2.664200       0.000000       0.000000        29      28.0      29.0       0.019049   180.000    45.000    90.000    0     119.798172       0.194780
