      xloc      yloc          depth         ave SR         max SR         #     start       end     max SR all       str       dip      rake flag
   -170.00    -10.00      21.335800       0.001244       0.001244        28      27.0      28.0       0.019049    37.340    83.620   174.440    0     119.931450      -1.791360
   -170.00      0.00      12.000000       0.002298       0.002298        28      27.0      28.0       0.019049   307.150    78.340   -47.500    1     119.899261      -1.792490
   -170.00     10.00       2.664200       0.001451       0.001451        28      27.0      28.0       0.019049    46.670    31.780  -156.830    1     119.867081      -1.793620
   -160.00    -10.00      21.335800       0.003621       0.003621        28      27.0      28.0       0.019049    42.900    69.090  -175.780    0     119.928307      -1.700980
   -160.00      0.00      12.000000       0.005372       0.005372        28      27.0      28.0       0.019049   307.460    78.430   -36.750    1     119.896133      -1.702110
   -160.00     10.00       2.664200       0.003296       0.003296        28      27.0      28.0       0.019049   304.740    80.720   -45.290    1     119.863937      -1.703240
   -150.00    -10.00      21.335800       0.006977       0.006977        28      27.0      28.0       0.019049   135.150    88.390    19.050    0     119.925179      -1.610590
   -150.00      0.00      12.000000       0.009278       0.009278        28      27.0      28.0       0.019049   313.550    87.550   -24.680    0     119.892990      -1.611730
   -150.00     10.00       2.664200       0.005573       0.005573        28      27.0      28.0       0.019049   313.240    88.000   -26.600    0     119.860809      -1.612860
   -140.00    -10.00      21.335800       0.009805       0.009805        28      27.0      28.0       0.019049   137.190    79.660     8.730    0     119.922043      -1.520210
   -140.00      0.00      12.000000       0.012984       0.012984        28      27.0      28.0       0.019049   136.580    83.530    12.420    0     119.889862      -1.521340
   -140.00     10.00       2.664200       0.007877       0.007877        28      27.0      28.0       0.019049   136.410    83.240    11.400    0     119.857681      -1.522470
   -130.00    -10.00      21.335800       0.012028       0.012028        28      27.0      28.0       0.019049   137.030    75.370     0.150    0     119.918907      -1.429830
   -130.00      0.00      12.000000       0.016096       0.016096        28      27.0      28.0       0.019049   136.990    78.080     2.340    0     119.886719      -1.430960
   -130.00     10.00       2.664200       0.009979       0.009979        28      27.0      28.0       0.019049   136.660    78.190     0.460    0     119.854538      -1.432090
   -120.00    -10.00      21.335800       0.013161       0.013161        28      27.0      28.0       0.019049   136.110    74.860    -6.110    0     119.915771      -1.339450
   -120.00      0.00      12.000000       0.017875       0.017875        28      27.0      28.0       0.019049   136.450    76.960    -4.370    0     119.883591      -1.340580
   -120.00     10.00       2.664200       0.011278       0.011278        28      27.0      28.0       0.019049   136.060    77.300    -6.580    0     119.851410      -1.341710
   -110.00    -10.00      21.335800       0.013551       0.013551        28      27.0      28.0       0.019049   135.400    75.970   -10.410    0     119.912643      -1.249070
   -110.00      0.00      12.000000       0.018571       0.018571        28      27.0      28.0       0.019049   135.690    77.770   -10.050    0     119.880463      -1.250200
   -110.00     10.00       2.664200       0.011722       0.011722        28      27.0      28.0       0.019049   135.440    78.250   -11.540    0     119.848282      -1.251330
   -100.00    -10.00      21.335800       0.012984       0.012984        28      27.0      28.0       0.019049   134.880    77.800   -14.320    0     119.909500      -1.158690
   -100.00      0.00      12.000000       0.017778       0.017778        28      27.0      28.0       0.019049   135.230    79.980   -14.220    0     119.877319      -1.159820
   -100.00     10.00       2.664200       0.011135       0.011135        28      27.0      28.0       0.019049   135.140    79.850   -15.160    0     119.845207      -1.160950
    -90.00    -10.00      21.335800       0.011342       0.011342        28      27.0      28.0       0.019049   134.540    80.830   -17.730    0     119.906372      -1.068310
    -90.00      0.00      12.000000       0.015710       0.015710        28      27.0      28.0       0.019049   134.920    82.980   -17.900    0     119.874191      -1.069440
    -90.00     10.00       2.664200       0.009611       0.009611        28      27.0      28.0       0.019049   134.900    82.560   -17.910    0     119.842072      -1.070570
    -80.00    -10.00      21.335800       0.008972       0.008972        28      27.0      28.0       0.019049   133.930    85.290   -22.290    0     119.903236      -0.977920
    -80.00      0.00      12.000000       0.012298       0.012298        28      27.0      28.0       0.019049   134.490    87.200   -21.970    0     119.871063      -0.979050
    -80.00     10.00       2.664200       0.007372       0.007372        28      27.0      28.0       0.019049   134.830    86.290   -20.050    0     119.838928      -0.980190
    -70.00    -10.00      21.335800       0.005987       0.005987        28      27.0      28.0       0.019049   313.650    87.880    25.980    0     119.900101      -0.887540
    -70.00      0.00      12.000000       0.007950       0.007950        28      27.0      28.0       0.019049   314.410    87.340    23.920    0     119.867928      -0.888670
    -70.00     10.00       2.664200       0.004526       0.004526        28      27.0      28.0       0.019049   315.080    89.390    19.670    0     119.835793      -0.889800
    -60.00    -10.00      21.335800       0.002553       0.002553        28      27.0      28.0       0.019049   314.700    80.440    25.050    0     119.896973      -0.797160
    -60.00      0.00      12.000000       0.002915       0.002915        28      27.0      28.0       0.019049   314.240    83.150    21.030    0     119.864792      -0.798290
    -60.00     10.00       2.664200       0.001567       0.001567        28      27.0      28.0       0.019049   315.070    87.570    16.120    0     119.832657      -0.799420
    -50.00    -10.00      21.335800       0.000000       0.000000        28      27.0      28.0       0.019049   180.000    45.000    90.000    0     119.893837      -0.706780
    -50.00      0.00      12.000000       0.000000       0.000000        28      27.0      28.0       0.019049   180.000    45.000    90.000    0     119.861656      -0.707910
    -50.00     10.00       2.664200       0.000000       0.000000        28      27.0      28.0       0.019049   180.000    45.000    90.000    0     119.829521      -0.709040
    -40.00    -10.00      21.335800       0.000000       0.000000        28      27.0      28.0       0.019049   180.000    45.000    90.000    0     119.890701      -0.616400
    -40.00      0.00      12.000000       0.000000       0.000000        28      27.0      28.0       0.019049   180.000    45.000    90.000    0     119.858528      -0.617530
    -40.00     10.00       2.664200       0.000000       0.000000        28      27.0      28.0       0.019049   180.000    45.000    90.000    0     119.826378      -0.618660
    -30.00    -10.00      21.335800       0.000000       0.000000        28      27.0      28.0       0.019049   180.000    45.000    90.000    0     119.887573      -0.526020
    -30.00      0.00      12.000000       0.000000       0.000000        28      27.0      28.0       0.019049   180.000    45.000    90.000    0     119.855400      -0.527150
    -30.00     10.00       2.664200       0.000000       0.000000        28      27.0      28.0       0.019049   180.000    45.000    90.000    0     119.823242      -0.528280
    -20.00    -10.00      21.335800       0.000000       0.000000        28      27.0      28.0       0.019049   180.000    45.000    90.000    0     119.884438      -0.435630
    -20.00      0.00      12.000000       0.000000       0.000000        28      27.0      28.0       0.019049   180.000    45.000    90.000    0     119.852257      -0.436760
    -20.00     10.00       2.664200       0.000000       0.000000        28      27.0      28.0       0.019049   180.000    45.000    90.000    0     119.820099      -0.437900
    -10.00    -10.00      21.335800       0.000000       0.000000        28      27.0      28.0       0.019049   180.000    45.000    90.000    0     119.881310      -0.345250
    -10.00      0.00      12.000000       0.000000       0.000000        28      27.0      28.0       0.019049   180.000    45.000    90.000    0     119.849129      -0.346380
    -10.00     10.00       2.664200       0.000000       0.000000        28      27.0      28.0       0.019049   180.000    45.000    90.000    0     119.816963      -0.347510
      0.00    -10.00      21.335800       0.000000       0.000000        28      27.0      28.0       0.019049   180.000    45.000    90.000    0     119.878166      -0.254870
      0.00      0.00      12.000000       0.000000       0.000000        28      27.0      28.0       0.019049   180.000    45.000    90.000    0     119.846001      -0.256000
      0.00     10.00       2.664200       0.000000       0.000000        28      27.0      28.0       0.019049   180.000    45.000    90.000    0     119.813828      -0.257130
     10.00    -10.00      21.335800       0.000000       0.000000        28      27.0      28.0       0.019049   180.000    45.000    90.000    0     119.875038      -0.164490
     10.00      0.00      12.000000       0.000000       0.000000        28      27.0      28.0       0.019049   180.000    45.000    90.000    0     119.842873      -0.165620
     10.00     10.00       2.664200       0.000000       0.000000        28      27.0      28.0       0.019049   180.000    45.000    90.000    0     119.810692      -0.166750
     20.00    -10.00      21.335800       0.000000       0.000000        28      27.0      28.0       0.019049   180.000    45.000    90.000    0     119.871902      -0.074100
     20.00      0.00      12.000000       0.000000       0.000000        28      27.0      28.0       0.019049   180.000    45.000    90.000    0     119.839737      -0.075240
     20.00     10.00       2.664200       0.000000       0.000000        28      27.0      28.0       0.019049   180.000    45.000    90.000    0     119.807564      -0.076370
     30.00    -10.00      21.335800       0.000000       0.000000        28      27.0      28.0       0.019049   180.000    45.000    90.000    0     119.868759       0.016280
     30.00      0.00      12.000000       0.000000       0.000000        28      27.0      28.0       0.019049   180.000    45.000    90.000    0     119.836601       0.015150
     30.00     10.00       2.664200       0.000000       0.000000        28      27.0      28.0       0.019049   180.000    45.000    90.000    0     119.804428       0.014020
     40.00    -10.00      21.335800       0.000000       0.000000        28      27.0      28.0       0.019049   180.000    45.000    90.000    0     119.865623       0.106660
     40.00      0.00      12.000000       0.000000       0.000000        28      27.0      28.0       0.019049   180.000    45.000    90.000    0     119.833473       0.105530
     40.00     10.00       2.664200       0.000000       0.000000        28      27.0      28.0       0.019049   180.000    45.000    90.000    0     119.801300       0.104400
     50.00    -10.00      21.335800       0.000000       0.000000        28      27.0      28.0       0.019049   180.000    45.000    90.000    0     119.862480       0.197040
     50.00      0.00      12.000000       0.000000       0.000000        28      27.0      28.0       0.019049   180.000    45.000    90.000    0     119.830338       0.195910
     50.00     10.00       2.664200       0.000000       0.000000        28      27.0      28.0       0.019049   180.000    45.000    90.000    0     119.798172       0.194780
